Time Voltage1
-0.010000046 205.108
-0.0099998456 207.107
-0.0099996456 205.908
-0.0099994456 203.909
-0.0099992456 204.308
-0.0099990456 204.708
-0.0099988456 205.108
-0.0099986456 207.107
-0.0099984456 204.308
-0.0099982456 203.509
-0.0099980456 204.308
-0.0099978456 204.708
-0.0099976456 204.308
-0.0099974456 204.308
-0.0099972456 203.909
-0.0099970456 204.708
-0.0099968456 204.708
-0.0099966456 204.308
-0.0099964456 205.508
-0.0099962456 204.308
-0.0099960456 203.109
-0.0099958456 201.91
-0.0099956456 203.509
-0.0099954456 205.108
-0.0099952456 203.909
-0.0099950456 203.109
-0.0099948456 205.508
-0.0099946456 201.91
-0.0099944456 204.308
-0.0099942456 204.708
-0.0099940456 205.908
-0.0099938456 203.109
-0.0099936456 202.709
-0.0099934456 203.909
-0.0099932456 205.108
-0.0099930456 204.308
-0.0099928456 203.509
-0.0099926456 204.708
-0.0099924456 203.509
-0.0099922456 203.509
-0.0099920456 204.308
-0.0099918456 202.309
-0.0099916456 205.908
-0.0099914456 202.309
-0.0099912456 204.308
-0.0099910456 203.109
-0.0099908456 202.309
-0.0099906456 203.909
-0.0099904456 202.309
-0.0099902456 202.709
-0.0099900456 203.909
-0.0099898456 201.51
-0.0099896456 202.709
-0.0099894456 199.111
-0.0099892456 203.109
-0.0099890456 204.308
-0.0099888456 205.108
-0.0099886456 204.308
-0.0099884456 203.909
-0.0099882456 202.709
-0.0099880456 204.708
-0.0099878456 201.51
-0.0099876456 201.11
-0.0099874456 202.309
-0.0099872456 203.509
-0.0099870456 201.11
-0.0099868456 200.31
-0.0099866456 202.309
-0.0099864456 200.71
-0.0099862456 203.509
-0.0099860456 202.709
-0.0099858456 201.11
-0.0099856456 201.91
-0.0099854456 201.91
-0.0099852456 201.51
-0.0099850456 200.31
-0.0099848456 201.91
-0.0099846456 198.711
-0.0099844456 200.31
-0.0099842456 203.109
-0.0099840456 202.309
-0.0099838456 199.511
-0.0099836456 200.71
-0.0099834456 199.511
-0.0099832456 199.111
-0.0099830456 202.309
-0.0099828456 201.51
-0.0099826456 199.511
-0.0099824456 200.71
-0.0099822456 199.91
-0.0099820456 201.11
-0.0099818456 198.311
-0.0099816456 200.31
-0.0099814456 201.11
-0.0099812456 200.71
-0.0099810456 202.309
-0.0099808456 200.31
-0.0099806456 200.71
-0.0099804456 194.713
-0.0099802456 201.91
-0.0099800456 199.511
-0.0099798456 196.712
-0.0099796456 199.111
-0.0099794456 200.71
-0.0099792456 199.511
-0.0099790456 199.111
-0.0099788456 199.111
-0.0099786456 198.311
-0.0099784456 200.31
-0.0099782456 200.71
-0.0099780456 199.111
-0.0099778456 195.113
-0.0099776456 200.31
-0.0099774456 199.511
-0.0099772456 199.91
-0.0099770456 197.512
-0.0099768456 198.711
-0.0099766456 198.311
-0.0099764456 202.309
-0.0099762456 198.711
-0.0099760456 199.511
-0.0099758456 199.91
-0.0099756456 197.911
-0.0099754456 197.512
-0.0099752456 198.711
-0.0099750456 195.113
-0.0099748456 199.511
-0.0099746456 198.711
-0.0099744456 200.71
-0.0099742456 199.511
-0.0099740456 199.111
-0.0099738456 198.311
-0.0099736456 199.511
-0.0099734456 196.712
-0.0099732456 198.311
-0.0099730456 199.91
-0.0099728456 199.511
-0.0099726456 200.31
-0.0099724456 199.111
-0.0099722456 198.711
-0.0099720456 197.512
-0.0099718456 200.71
-0.0099716456 198.711
-0.0099714456 197.512
-0.0099712456 199.111
-0.0099710456 195.912
-0.0099708456 196.712
-0.0099706456 198.311
-0.0099704456 196.312
-0.0099702456 198.711
-0.0099700456 197.911
-0.0099698456 198.311
-0.0099696456 195.912
-0.0099694456 197.512
-0.0099692456 199.91
-0.0099690456 199.111
-0.0099688456 195.912
-0.0099686456 196.312
-0.0099684456 196.312
-0.0099682456 196.712
-0.0099680456 192.714
-0.0099678456 198.711
-0.0099676456 195.113
-0.0099674456 195.912
-0.0099672456 195.113
-0.0099670456 195.912
-0.0099668456 197.512
-0.0099666456 196.312
-0.0099664456 195.512
-0.0099662456 197.512
-0.0099660456 197.112
-0.0099658456 196.312
-0.0099656456 197.911
-0.0099654456 197.512
-0.0099652456 196.712
-0.0099650456 195.912
-0.0099648456 195.912
-0.0099646456 197.112
-0.0099644456 196.312
-0.0099642456 194.313
-0.0099640456 196.312
-0.0099638456 194.713
-0.0099636456 196.712
-0.0099634456 194.713
-0.0099632456 196.312
-0.0099630456 197.911
-0.0099628456 194.713
-0.0099626456 196.312
-0.0099624456 195.912
-0.0099622456 195.113
-0.0099620456 197.112
-0.0099618456 194.313
-0.0099616456 196.312
-0.0099614456 197.112
-0.0099612456 198.311
-0.0099610456 197.112
-0.0099608456 196.712
-0.0099606456 195.512
-0.0099604456 194.713
-0.0099602456 194.313
-0.0099600456 195.912
-0.0099598456 193.913
-0.0099596456 194.713
-0.0099594456 195.113
-0.0099592456 193.513
-0.0099590456 195.113
-0.0099588456 197.112
-0.0099586456 196.712
-0.0099584456 195.912
-0.0099582456 194.313
-0.0099580456 193.513
-0.0099578456 195.113
-0.0099576456 195.912
-0.0099574456 195.912
-0.0099572456 197.112
-0.0099570456 196.712
-0.0099568456 193.913
-0.0099566456 194.313
-0.0099564456 192.714
-0.0099562456 193.513
-0.0099560456 194.713
-0.0099558456 193.913
-0.0099556456 193.513
-0.0099554456 191.914
-0.0099552456 193.513
-0.0099550456 194.313
-0.0099548456 194.713
-0.0099546456 195.113
-0.0099544456 193.913
-0.0099542456 193.113
-0.0099540456 196.312
-0.0099538456 193.913
-0.0099536456 193.513
-0.0099534456 195.512
-0.0099532456 189.915
-0.0099530456 192.314
-0.0099528456 191.914
-0.0099526456 193.113
-0.0099524456 193.913
-0.0099522456 190.315
-0.0099520456 194.713
-0.0099518456 193.513
-0.0099516456 192.314
-0.0099514456 190.315
-0.0099512456 191.114
-0.0099510456 192.714
-0.0099508456 194.713
-0.0099506456 193.913
-0.0099504456 195.113
-0.0099502456 191.914
-0.0099500456 191.514
-0.0099498456 192.314
-0.0099496456 193.513
-0.0099494456 192.314
-0.0099492456 190.715
-0.0099490456 191.514
-0.0099488456 194.713
-0.0099486456 194.313
-0.0099484456 193.913
-0.0099482456 193.113
-0.0099480456 193.513
-0.0099478456 195.113
-0.0099476456 193.513
-0.0099474456 191.514
-0.0099472456 192.714
-0.0099470456 191.914
-0.0099468456 190.315
-0.0099466456 191.514
-0.0099464456 193.113
-0.0099462456 193.113
-0.0099460456 189.915
-0.0099458456 191.514
-0.0099456456 193.113
-0.0099454456 192.714
-0.0099452456 192.714
-0.0099450456 189.915
-0.0099448456 191.514
-0.0099446456 190.315
-0.0099444456 191.514
-0.0099442456 189.915
-0.0099440456 189.915
-0.0099438456 193.113
-0.0099436456 189.915
-0.0099434456 193.913
-0.0099432456 191.514
-0.0099430456 193.513
-0.0099428456 189.915
-0.0099426456 193.113
-0.0099424456 192.714
-0.0099422456 191.514
-0.0099420456 189.915
-0.0099418456 188.316
-0.0099416456 191.114
-0.0099414456 191.114
-0.0099412456 188.316
-0.0099410456 191.914
-0.0099408456 188.715
-0.0099406456 192.714
-0.0099404456 193.113
-0.0099402456 188.316
-0.0099400456 189.915
-0.0099398456 189.115
-0.0099396456 190.715
-0.0099394456 190.715
-0.0099392456 191.514
-0.0099390456 189.115
-0.0099388456 189.515
-0.0099386456 189.515
-0.0099384456 189.915
-0.0099382456 188.316
-0.0099380456 189.115
-0.0099378456 191.114
-0.0099376456 192.314
-0.0099374456 190.315
-0.0099372456 189.915
-0.0099370456 190.315
-0.0099368456 189.515
-0.0099366456 189.115
-0.0099364456 190.315
-0.0099362456 193.913
-0.0099360456 191.914
-0.0099358456 189.515
-0.0099356456 190.315
-0.0099354456 191.514
-0.0099352456 193.913
-0.0099350456 192.314
-0.0099348456 192.314
-0.0099346456 190.715
-0.0099344456 189.515
-0.0099342456 190.715
-0.0099340456 190.315
-0.0099338456 189.915
-0.0099336456 189.915
-0.0099334456 191.114
-0.0099332456 190.315
-0.0099330456 188.715
-0.0099328456 193.513
-0.0099326456 191.114
-0.0099324456 189.515
-0.0099322456 190.315
-0.0099320456 190.315
-0.0099318456 188.316
-0.0099316456 189.515
-0.0099314456 189.915
-0.0099312456 190.715
-0.0099310456 189.915
-0.0099308456 190.715
-0.0099306456 189.515
-0.0099304456 189.115
-0.0099302456 189.915
-0.0099300456 192.714
-0.0099298456 188.316
-0.0099296456 189.115
-0.0099294456 188.316
-0.0099292456 188.715
-0.0099290456 189.115
-0.0099288456 188.316
-0.0099286456 187.116
-0.0099284456 189.515
-0.0099282456 187.916
-0.0099280456 189.915
-0.0099278456 188.316
-0.0099276456 189.915
-0.0099274456 187.916
-0.0099272456 187.916
-0.0099270456 189.915
-0.0099268456 190.715
-0.0099266456 190.315
-0.0099264456 188.316
-0.0099262456 188.316
-0.0099260456 190.315
-0.0099258456 188.715
-0.0099256456 190.315
-0.0099254456 189.115
-0.0099252456 189.515
-0.0099250456 188.715
-0.0099248456 185.917
-0.0099246456 188.316
-0.0099244456 189.515
-0.0099242456 188.316
-0.0099240456 187.116
-0.0099238456 189.515
-0.0099236456 189.515
-0.0099234456 185.117
-0.0099232456 189.115
-0.0099230456 187.916
-0.0099228456 189.515
-0.0099226456 191.114
-0.0099224456 188.316
-0.0099222456 188.316
-0.0099220456 185.917
-0.0099218456 187.516
-0.0099216456 185.917
-0.0099214456 187.516
-0.0099212456 185.517
-0.0099210456 186.317
-0.0099208456 188.715
-0.0099206456 187.916
-0.0099204456 189.115
-0.0099202456 184.317
-0.0099200456 189.115
-0.0099198456 186.716
-0.0099196456 187.916
-0.0099194456 185.517
-0.0099192456 187.916
-0.0099190456 189.515
-0.0099188456 189.515
-0.0099186456 188.715
-0.0099184456 185.917
-0.0099182456 189.515
-0.0099180456 187.916
-0.0099178456 185.117
-0.0099176456 186.716
-0.0099174456 189.115
-0.0099172456 186.317
-0.0099170456 187.116
-0.0099168456 183.918
-0.0099166456 188.316
-0.0099164456 185.917
-0.0099162456 186.716
-0.0099160456 185.117
-0.0099158456 188.316
-0.0099156456 185.517
-0.0099154456 187.516
-0.0099152456 187.516
-0.0099150456 187.116
-0.0099148456 185.117
-0.0099146456 187.516
-0.0099144456 186.716
-0.0099142456 185.117
-0.0099140456 185.117
-0.0099138456 185.517
-0.0099136456 187.116
-0.0099134456 186.317
-0.0099132456 186.716
-0.0099130456 185.917
-0.0099128456 186.716
-0.0099126456 187.516
-0.0099124456 185.917
-0.0099122456 185.117
-0.0099120456 185.517
-0.0099118456 184.317
-0.0099116456 185.917
-0.0099114456 184.717
-0.0099112456 187.116
-0.0099110456 184.717
-0.0099108456 183.918
-0.0099106456 186.317
-0.0099104456 183.518
-0.0099102456 186.716
-0.0099100456 183.118
-0.0099098456 185.917
-0.0099096456 186.716
-0.0099094456 186.716
-0.0099092456 184.717
-0.0099090456 184.717
-0.0099088456 185.517
-0.0099086456 184.317
-0.0099084456 185.117
-0.0099082456 185.917
-0.0099080456 186.716
-0.0099078456 184.317
-0.0099076456 186.317
-0.0099074456 182.718
-0.0099072456 182.718
-0.0099070456 185.917
-0.0099068456 185.117
-0.0099066456 185.117
-0.0099064456 182.718
-0.0099062456 183.918
-0.0099060456 187.516
-0.0099058456 182.718
-0.0099056456 183.518
-0.0099054456 183.118
-0.0099052456 181.119
-0.0099050456 183.518
-0.0099048456 182.318
-0.0099046456 186.317
-0.0099044456 183.118
-0.0099042456 183.518
-0.0099040456 183.518
-0.0099038456 185.117
-0.0099036456 181.119
-0.0099034456 185.117
-0.0099032456 183.118
-0.0099030456 185.117
-0.0099028456 183.118
-0.0099026456 182.718
-0.0099024456 182.318
-0.0099022456 183.918
-0.0099020456 181.919
-0.0099018456 184.317
-0.0099016456 183.918
-0.0099014456 181.919
-0.0099012456 183.118
-0.0099010456 184.717
-0.0099008456 183.118
-0.0099006456 183.118
-0.0099004456 181.519
-0.0099002456 180.319
-0.0099000456 181.919
-0.0098998456 181.519
-0.0098996456 183.118
-0.0098994456 181.119
-0.0098992456 182.318
-0.0098990456 182.318
-0.0098988456 177.92
-0.0098986456 179.52
-0.0098984456 181.519
-0.0098982456 183.918
-0.0098980456 181.519
-0.0098978456 181.119
-0.0098976456 182.318
-0.0098974456 180.319
-0.0098972456 182.718
-0.0098970456 181.119
-0.0098968456 181.119
-0.0098966456 181.519
-0.0098964456 182.318
-0.0098962456 179.52
-0.0098960456 179.52
-0.0098958456 178.32
-0.0098956456 178.32
-0.0098954456 179.52
-0.0098952456 180.319
-0.0098950456 179.12
-0.0098948456 180.319
-0.0098946456 180.719
-0.0098944456 177.92
-0.0098942456 177.92
-0.0098940456 179.52
-0.0098938456 180.319
-0.0098936456 179.12
-0.0098934456 181.119
-0.0098932456 181.919
-0.0098930456 179.12
-0.0098928456 180.319
-0.0098926456 179.12
-0.0098924456 178.72
-0.0098922456 179.52
-0.0098920456 177.92
-0.0098918456 179.52
-0.0098916456 176.321
-0.0098914456 179.919
-0.0098912456 178.32
-0.0098910456 179.52
-0.0098908456 179.12
-0.0098906456 176.321
-0.0098904456 176.721
-0.0098902456 177.52
-0.0098900456 178.72
-0.0098898456 177.121
-0.0098896456 178.32
-0.0098894456 178.72
-0.0098892456 180.719
-0.0098890456 179.12
-0.0098888456 175.521
-0.0098886456 179.52
-0.0098884456 180.719
-0.0098882456 179.52
-0.0098880456 177.92
-0.0098878456 178.72
-0.0098876456 178.72
-0.0098874456 179.919
-0.0098872456 176.321
-0.0098870456 178.32
-0.0098868456 178.32
-0.0098866456 176.721
-0.0098864456 178.72
-0.0098862456 179.12
-0.0098860456 177.121
-0.0098858456 178.72
-0.0098856456 179.12
-0.0098854456 178.72
-0.0098852456 179.12
-0.0098850456 176.721
-0.0098848456 176.721
-0.0098846456 176.721
-0.0098844456 177.121
-0.0098842456 174.722
-0.0098840456 176.321
-0.0098838456 175.921
-0.0098836456 173.122
-0.0098834456 177.52
-0.0098832456 178.32
-0.0098830456 176.321
-0.0098828456 174.722
-0.0098826456 178.32
-0.0098824456 175.122
-0.0098822456 175.921
-0.0098820456 175.122
-0.0098818456 174.722
-0.0098816456 174.322
-0.0098814456 177.121
-0.0098812456 176.721
-0.0098810456 176.721
-0.0098808456 176.321
-0.0098806456 175.921
-0.0098804456 175.122
-0.0098802456 176.721
-0.0098800456 178.32
-0.0098798456 177.92
-0.0098796456 175.122
-0.0098794456 175.122
-0.0098792456 175.521
-0.0098790456 175.921
-0.0098788456 173.522
-0.0098786456 177.52
-0.0098784456 177.121
-0.0098782456 172.723
-0.0098780456 175.921
-0.0098778456 176.321
-0.0098776456 175.921
-0.0098774456 176.721
-0.0098772456 173.922
-0.0098770456 173.522
-0.0098768456 173.922
-0.0098766456 176.721
-0.0098764456 173.522
-0.0098762456 178.32
-0.0098760456 173.922
-0.0098758456 175.521
-0.0098756456 177.121
-0.0098754456 176.321
-0.0098752456 175.921
-0.0098750456 176.721
-0.0098748456 177.121
-0.0098746456 177.52
-0.0098744456 172.723
-0.0098742456 173.922
-0.0098740456 177.121
-0.0098738456 176.321
-0.0098736456 175.521
-0.0098734456 175.921
-0.0098732456 177.121
-0.0098730456 176.721
-0.0098728456 176.721
-0.0098726456 173.522
-0.0098724456 176.321
-0.0098722456 175.921
-0.0098720456 175.122
-0.0098718456 175.122
-0.0098716456 175.921
-0.0098714456 174.722
-0.0098712456 175.122
-0.0098710456 176.321
-0.0098708456 172.323
-0.0098706456 174.722
-0.0098704456 173.922
-0.0098702456 176.321
-0.0098700456 175.921
-0.0098698456 171.523
-0.0098696456 176.721
-0.0098694456 174.722
-0.0098692456 176.721
-0.0098690456 175.521
-0.0098688456 177.121
-0.0098686456 174.322
-0.0098684456 173.122
-0.0098682456 173.122
-0.0098680456 172.723
-0.0098678456 175.122
-0.0098676456 177.121
-0.0098674456 175.521
-0.0098672456 175.921
-0.0098670456 171.123
-0.0098668456 175.521
-0.0098666456 173.522
-0.0098664456 175.122
-0.0098662456 175.921
-0.0098660456 175.521
-0.0098658456 176.321
-0.0098656456 173.922
-0.0098654456 173.522
-0.0098652456 173.922
-0.0098650456 175.122
-0.0098648456 171.923
-0.0098646456 171.923
-0.0098644456 172.723
-0.0098642456 175.122
-0.0098640456 174.322
-0.0098638456 174.322
-0.0098636456 173.122
-0.0098634456 175.521
-0.0098632456 173.122
-0.0098630456 173.522
-0.0098628456 175.122
-0.0098626456 175.521
-0.0098624456 172.323
-0.0098622456 175.921
-0.0098620456 173.122
-0.0098618456 173.922
-0.0098616456 171.923
-0.0098614456 176.721
-0.0098612456 173.122
-0.0098610456 172.723
-0.0098608456 173.922
-0.0098606456 171.523
-0.0098604456 172.723
-0.0098602456 173.122
-0.0098600456 172.323
-0.0098598456 170.724
-0.0098596456 171.923
-0.0098594456 172.323
-0.0098592456 173.122
-0.0098590456 170.324
-0.0098588456 174.322
-0.0098586456 173.122
-0.0098584456 174.322
-0.0098582456 172.723
-0.0098580456 171.923
-0.0098578456 175.122
-0.0098576456 172.723
-0.0098574456 173.122
-0.0098572456 172.323
-0.0098570456 173.122
-0.0098568456 172.723
-0.0098566456 174.322
-0.0098564456 173.522
-0.0098562456 172.323
-0.0098560456 173.122
-0.0098558456 173.522
-0.0098556456 172.323
-0.0098554456 173.522
-0.0098552456 173.922
-0.0098550456 171.523
-0.0098548456 171.923
-0.0098546456 171.923
-0.0098544456 170.724
-0.0098542456 173.922
-0.0098540456 173.522
-0.0098538456 171.923
-0.0098536456 173.522
-0.0098534456 170.724
-0.0098532456 171.523
-0.0098530456 172.723
-0.0098528456 173.122
-0.0098526456 173.122
-0.0098524456 172.723
-0.0098522456 173.122
-0.0098520456 174.722
-0.0098518456 172.723
-0.0098516456 170.724
-0.0098514456 172.323
-0.0098512456 173.522
-0.0098510456 172.723
-0.0098508456 170.724
-0.0098506456 170.324
-0.0098504456 171.923
-0.0098502456 171.923
-0.0098500456 172.723
-0.0098498456 171.923
-0.0098496456 171.123
-0.0098494456 172.723
-0.0098492456 173.922
-0.0098490456 171.923
-0.0098488456 174.722
-0.0098486456 174.722
-0.0098484456 169.924
-0.0098482456 172.323
-0.0098480456 172.323
-0.0098478456 174.322
-0.0098476456 172.323
-0.0098474456 170.724
-0.0098472456 173.922
-0.0098470456 172.323
-0.0098468456 173.122
-0.0098466456 170.324
-0.0098464456 171.523
-0.0098462456 173.122
-0.0098460456 172.323
-0.0098458456 170.324
-0.0098456456 173.122
-0.0098454456 171.923
-0.0098452456 171.923
-0.0098450456 175.122
-0.0098448456 172.323
-0.0098446456 171.523
-0.0098444456 170.724
-0.0098442456 170.324
-0.0098440456 171.123
-0.0098438456 170.724
-0.0098436456 171.123
-0.0098434456 170.324
-0.0098432456 169.124
-0.0098430456 170.324
-0.0098428456 171.523
-0.0098426456 171.923
-0.0098424456 173.122
-0.0098422456 171.923
-0.0098420456 170.324
-0.0098418456 171.523
-0.0098416456 169.124
-0.0098414456 170.724
-0.0098412456 170.724
-0.0098410456 169.124
-0.0098408456 172.323
-0.0098406456 170.324
-0.0098404456 170.724
-0.0098402456 170.724
-0.0098400456 170.724
-0.0098398456 171.523
-0.0098396456 171.123
-0.0098394456 170.324
-0.0098392456 170.724
-0.0098390456 170.324
-0.0098388456 171.523
-0.0098386456 170.724
-0.0098384456 171.123
-0.0098382456 171.923
-0.0098380456 171.123
-0.0098378456 171.123
-0.0098376456 171.523
-0.0098374456 170.724
-0.0098372456 170.724
-0.0098370456 172.323
-0.0098368456 170.724
-0.0098366456 173.122
-0.0098364456 170.724
-0.0098362456 170.324
-0.0098360456 170.324
-0.0098358456 169.124
-0.0098356456 170.324
-0.0098354456 167.525
-0.0098352456 170.324
-0.0098350456 168.325
-0.0098348456 170.724
-0.0098346456 170.324
-0.0098344456 170.324
-0.0098342456 170.324
-0.0098340456 169.924
-0.0098338456 171.523
-0.0098336456 169.524
-0.0098334456 168.724
-0.0098332456 168.724
-0.0098330456 170.724
-0.0098328456 169.124
-0.0098326456 170.324
-0.0098324456 170.724
-0.0098322456 166.725
-0.0098320456 167.125
-0.0098318456 171.923
-0.0098316456 170.724
-0.0098314456 169.924
-0.0098312456 170.724
-0.0098310456 170.324
-0.0098308456 167.925
-0.0098306456 168.724
-0.0098304456 167.925
-0.0098302456 167.525
-0.0098300456 167.125
-0.0098298456 167.525
-0.0098296456 166.725
-0.0098294456 170.724
-0.0098292456 169.124
-0.0098290456 169.524
-0.0098288456 167.125
-0.0098286456 169.124
-0.0098284456 167.925
-0.0098282456 169.924
-0.0098280456 167.925
-0.0098278456 164.326
-0.0098276456 167.125
-0.0098274456 165.126
-0.0098272456 166.725
-0.0098270456 165.126
-0.0098268456 165.926
-0.0098266456 165.126
-0.0098264456 166.325
-0.0098262456 167.925
-0.0098260456 168.325
-0.0098258456 166.725
-0.0098256456 165.526
-0.0098254456 167.525
-0.0098252456 165.926
-0.0098250456 166.325
-0.0098248456 166.325
-0.0098246456 165.926
-0.0098244456 167.125
-0.0098242456 167.925
-0.0098240456 164.726
-0.0098238456 167.925
-0.0098236456 165.926
-0.0098234456 167.125
-0.0098232456 166.325
-0.0098230456 165.526
-0.0098228456 165.526
-0.0098226456 162.727
-0.0098224456 167.525
-0.0098222456 162.727
-0.0098220456 163.127
-0.0098218456 166.725
-0.0098216456 163.527
-0.0098214456 163.927
-0.0098212456 165.126
-0.0098210456 162.327
-0.0098208456 163.527
-0.0098206456 162.727
-0.0098204456 165.526
-0.0098202456 162.727
-0.0098200456 165.526
-0.0098198456 165.526
-0.0098196456 163.527
-0.0098194456 165.526
-0.0098192456 164.726
-0.0098190456 160.728
-0.0098188456 161.927
-0.0098186456 163.927
-0.0098184456 162.727
-0.0098182456 163.527
-0.0098180456 162.727
-0.0098178456 163.927
-0.0098176456 165.126
-0.0098174456 164.726
-0.0098172456 162.727
-0.0098170456 164.726
-0.0098168456 164.326
-0.0098166456 164.326
-0.0098164456 160.328
-0.0098162456 163.127
-0.0098160456 163.527
-0.0098158456 162.327
-0.0098156456 163.127
-0.0098154456 160.328
-0.0098152456 159.928
-0.0098150456 161.528
-0.0098148456 161.128
-0.0098146456 162.727
-0.0098144456 162.327
-0.0098142456 162.727
-0.0098140456 163.127
-0.0098138456 161.528
-0.0098136456 161.528
-0.0098134456 162.327
-0.0098132456 160.328
-0.0098130456 161.528
-0.0098128456 165.126
-0.0098126456 163.127
-0.0098124456 161.528
-0.0098122456 159.928
-0.0098120456 163.927
-0.0098118456 160.728
-0.0098116456 161.927
-0.0098114456 162.327
-0.0098112456 161.128
-0.0098110456 165.126
-0.0098108456 162.727
-0.0098106456 161.528
-0.0098104456 161.128
-0.0098102456 161.128
-0.0098100456 159.129
-0.0098098456 159.928
-0.0098096456 162.727
-0.0098094456 162.727
-0.0098092456 161.927
-0.0098090456 159.529
-0.0098088456 159.529
-0.0098086456 163.127
-0.0098084456 161.128
-0.0098082456 161.128
-0.0098080456 160.328
-0.0098078456 159.928
-0.0098076456 162.727
-0.0098074456 158.329
-0.0098072456 161.528
-0.0098070456 160.728
-0.0098068456 161.128
-0.0098066456 158.729
-0.0098064456 162.727
-0.0098062456 160.328
-0.0098060456 158.729
-0.0098058456 161.528
-0.0098056456 162.327
-0.0098054456 159.529
-0.0098052456 159.129
-0.0098050456 159.129
-0.0098048456 161.927
-0.0098046456 163.127
-0.0098044456 161.528
-0.0098042456 161.128
-0.0098040456 160.728
-0.0098038456 161.128
-0.0098036456 161.528
-0.0098034456 159.529
-0.0098032456 158.329
-0.0098030456 157.929
-0.0098028456 159.129
-0.0098026456 163.127
-0.0098024456 161.528
-0.0098022456 162.727
-0.0098020456 158.729
-0.0098018456 159.529
-0.0098016456 160.328
-0.0098014456 159.129
-0.0098012456 160.728
-0.0098010456 161.128
-0.0098008456 157.529
-0.0098006456 159.129
-0.0098004456 158.729
-0.0098002456 161.927
-0.0098000456 157.529
-0.0097998456 159.529
-0.0097996456 158.329
-0.0097994456 160.328
-0.0097992456 158.729
-0.0097990456 158.729
-0.0097988456 156.73
-0.0097986456 160.328
-0.0097984456 163.927
-0.0097982456 161.128
-0.0097980456 159.928
-0.0097978456 157.529
-0.0097976456 157.13
-0.0097974456 158.329
-0.0097972456 159.529
-0.0097970456 156.73
-0.0097968456 156.33
-0.0097966456 157.929
-0.0097964456 155.93
-0.0097962456 158.729
-0.0097960456 156.33
-0.0097958456 156.33
-0.0097956456 159.529
-0.0097954456 159.529
-0.0097952456 158.329
-0.0097950456 158.729
-0.0097948456 157.529
-0.0097946456 158.729
-0.0097944456 159.129
-0.0097942456 157.529
-0.0097940456 157.529
-0.0097938456 158.329
-0.0097936456 158.729
-0.0097934456 156.73
-0.0097932456 158.329
-0.0097930456 156.33
-0.0097928456 158.329
-0.0097926456 156.33
-0.0097924456 156.33
-0.0097922456 156.73
-0.0097920456 154.731
-0.0097918456 157.529
-0.0097916456 156.33
-0.0097914456 157.529
-0.0097912456 155.93
-0.0097910456 159.129
-0.0097908456 155.53
-0.0097906456 155.131
-0.0097904456 158.729
-0.0097902456 156.33
-0.0097900456 157.13
-0.0097898456 158.729
-0.0097896456 157.529
-0.0097894456 157.13
-0.0097892456 156.33
-0.0097890456 158.329
-0.0097888456 156.33
-0.0097886456 155.131
-0.0097884456 154.331
-0.0097882456 157.529
-0.0097880456 155.93
-0.0097878456 157.529
-0.0097876456 155.131
-0.0097874456 155.131
-0.0097872456 156.33
-0.0097870456 156.73
-0.0097868456 155.131
-0.0097866456 155.53
-0.0097864456 156.33
-0.0097862456 155.131
-0.0097860456 156.73
-0.0097858456 156.73
-0.0097856456 157.13
-0.0097854456 156.73
-0.0097852456 155.53
-0.0097850456 155.53
-0.0097848456 155.131
-0.0097846456 155.131
-0.0097844456 153.931
-0.0097842456 154.331
-0.0097840456 156.33
-0.0097838456 154.731
-0.0097836456 156.33
-0.0097834456 155.93
-0.0097832456 157.13
-0.0097830456 156.33
-0.0097828456 156.73
-0.0097826456 154.731
-0.0097824456 153.931
-0.0097822456 155.53
-0.0097820456 155.93
-0.0097818456 153.931
-0.0097816456 157.529
-0.0097814456 153.931
-0.0097812456 155.53
-0.0097810456 154.731
-0.0097808456 157.13
-0.0097806456 156.33
-0.0097804456 155.53
-0.0097802456 155.131
-0.0097800456 153.531
-0.0097798456 153.931
-0.0097796456 153.131
-0.0097794456 153.531
-0.0097792456 155.53
-0.0097790456 150.732
-0.0097788456 151.932
-0.0097786456 155.93
-0.0097784456 154.331
-0.0097782456 153.131
-0.0097780456 153.931
-0.0097778456 153.531
-0.0097776456 154.331
-0.0097774456 155.53
-0.0097772456 153.931
-0.0097770456 153.131
-0.0097768456 152.332
-0.0097766456 154.331
-0.0097764456 151.932
-0.0097762456 154.331
-0.0097760456 153.531
-0.0097758456 155.53
-0.0097756456 153.931
-0.0097754456 153.931
-0.0097752456 154.731
-0.0097750456 153.131
-0.0097748456 155.53
-0.0097746456 153.531
-0.0097744456 154.331
-0.0097742456 149.933
-0.0097740456 153.531
-0.0097738456 152.732
-0.0097736456 155.131
-0.0097734456 154.331
-0.0097732456 154.331
-0.0097730456 155.131
-0.0097728456 151.532
-0.0097726456 149.133
-0.0097724456 152.332
-0.0097722456 152.732
-0.0097720456 154.331
-0.0097718456 155.53
-0.0097716456 148.733
-0.0097714456 151.532
-0.0097712456 150.333
-0.0097710456 154.331
-0.0097708456 151.932
-0.0097706456 150.732
-0.0097704456 153.531
-0.0097702456 153.131
-0.0097700456 148.733
-0.0097698456 150.732
-0.0097696456 152.332
-0.0097694456 151.532
-0.0097692456 151.532
-0.0097690456 152.732
-0.0097688456 153.131
-0.0097686456 151.132
-0.0097684456 152.732
-0.0097682456 151.132
-0.0097680456 152.732
-0.0097678456 151.532
-0.0097676456 150.333
-0.0097674456 150.333
-0.0097672456 152.332
-0.0097670456 151.132
-0.0097668456 153.531
-0.0097666456 152.732
-0.0097664456 151.932
-0.0097662456 151.532
-0.0097660456 150.333
-0.0097658456 151.132
-0.0097656456 150.333
-0.0097654456 151.532
-0.0097652456 151.132
-0.0097650456 151.132
-0.0097648456 150.732
-0.0097646456 153.531
-0.0097644456 150.732
-0.0097642456 151.932
-0.0097640456 153.131
-0.0097638456 149.533
-0.0097636456 153.131
-0.0097634456 150.333
-0.0097632456 150.333
-0.0097630456 149.533
-0.0097628456 150.732
-0.0097626456 151.932
-0.0097624456 148.733
-0.0097622456 153.931
-0.0097620456 149.933
-0.0097618456 152.332
-0.0097616456 152.732
-0.0097614456 148.334
-0.0097612456 153.131
-0.0097610456 150.732
-0.0097608456 151.532
-0.0097606456 151.132
-0.0097604456 150.333
-0.0097602456 151.532
-0.0097600456 149.533
-0.0097598456 149.933
-0.0097596456 147.934
-0.0097594456 146.334
-0.0097592456 151.132
-0.0097590456 151.932
-0.0097588456 147.534
-0.0097586456 151.932
-0.0097584456 152.732
-0.0097582456 148.733
-0.0097580456 150.732
-0.0097578456 150.732
-0.0097576456 149.533
-0.0097574456 150.732
-0.0097572456 148.733
-0.0097570456 151.132
-0.0097568456 149.133
-0.0097566456 148.733
-0.0097564456 150.333
-0.0097562456 148.334
-0.0097560456 148.334
-0.0097558456 149.533
-0.0097556456 149.933
-0.0097554456 147.934
-0.0097552456 147.134
-0.0097550456 148.334
-0.0097548456 148.733
-0.0097546456 148.334
-0.0097544456 148.334
-0.0097542456 145.935
-0.0097540456 150.333
-0.0097538456 147.934
-0.0097536456 147.934
-0.0097534456 148.334
-0.0097532456 148.733
-0.0097530456 151.132
-0.0097528456 148.334
-0.0097526456 147.534
-0.0097524456 149.133
-0.0097522456 146.334
-0.0097520456 146.734
-0.0097518456 148.334
-0.0097516456 147.934
-0.0097514456 148.334
-0.0097512456 146.334
-0.0097510456 147.534
-0.0097508456 147.534
-0.0097506456 147.534
-0.0097504456 147.934
-0.0097502456 151.532
-0.0097500456 149.533
-0.0097498456 148.334
-0.0097496456 147.134
-0.0097494456 147.934
-0.0097492456 148.733
-0.0097490456 147.134
-0.0097488456 147.934
-0.0097486456 146.734
-0.0097484456 147.134
-0.0097482456 146.334
-0.0097480456 148.733
-0.0097478456 148.334
-0.0097476456 149.133
-0.0097474456 146.734
-0.0097472456 147.134
-0.0097470456 147.534
-0.0097468456 147.134
-0.0097466456 146.334
-0.0097464456 147.934
-0.0097462456 145.935
-0.0097460456 147.134
-0.0097458456 147.534
-0.0097456456 146.334
-0.0097454456 148.334
-0.0097452456 144.335
-0.0097450456 147.534
-0.0097448456 147.934
-0.0097446456 145.935
-0.0097444456 147.134
-0.0097442456 148.334
-0.0097440456 147.534
-0.0097438456 147.134
-0.0097436456 146.734
-0.0097434456 145.135
-0.0097432456 147.534
-0.0097430456 147.134
-0.0097428456 146.334
-0.0097426456 147.534
-0.0097424456 146.734
-0.0097422456 146.734
-0.0097420456 145.135
-0.0097418456 148.334
-0.0097416456 147.534
-0.0097414456 147.934
-0.0097412456 147.134
-0.0097410456 146.334
-0.0097408456 146.734
-0.0097406456 146.734
-0.0097404456 145.135
-0.0097402456 146.734
-0.0097400456 147.534
-0.0097398456 145.535
-0.0097396456 145.535
-0.0097394456 147.134
-0.0097392456 145.935
-0.0097390456 145.135
-0.0097388456 149.533
-0.0097386456 144.335
-0.0097384456 147.534
-0.0097382456 146.734
-0.0097380456 145.935
-0.0097378456 146.334
-0.0097376456 145.935
-0.0097374456 145.535
-0.0097372456 146.334
-0.0097370456 146.734
-0.0097368456 145.935
-0.0097366456 145.135
-0.0097364456 143.136
-0.0097362456 144.335
-0.0097360456 145.135
-0.0097358456 145.135
-0.0097356456 146.334
-0.0097354456 143.136
-0.0097352456 146.334
-0.0097350456 145.535
-0.0097348456 144.735
-0.0097346456 144.335
-0.0097344456 147.134
-0.0097342456 145.935
-0.0097340456 144.735
-0.0097338456 145.935
-0.0097336456 143.136
-0.0097334456 146.734
-0.0097332456 144.735
-0.0097330456 143.936
-0.0097328456 145.935
-0.0097326456 143.936
-0.0097324456 145.135
-0.0097322456 143.136
-0.0097320456 143.936
-0.0097318456 146.334
-0.0097316456 144.735
-0.0097314456 145.135
-0.0097312456 141.936
-0.0097310456 144.735
-0.0097308456 143.936
-0.0097306456 142.736
-0.0097304456 147.534
-0.0097302456 146.734
-0.0097300456 143.136
-0.0097298456 144.735
-0.0097296456 145.135
-0.0097294456 142.336
-0.0097292456 145.535
-0.0097290456 144.335
-0.0097288456 146.334
-0.0097286456 143.136
-0.0097284456 142.736
-0.0097282456 144.335
-0.0097280456 146.334
-0.0097278456 145.935
-0.0097276456 141.936
-0.0097274456 146.334
-0.0097272456 144.735
-0.0097270456 141.936
-0.0097268456 145.135
-0.0097266456 143.136
-0.0097264456 145.135
-0.0097262456 141.936
-0.0097260456 142.736
-0.0097258456 145.935
-0.0097256456 143.936
-0.0097254456 139.937
-0.0097252456 143.536
-0.0097250456 145.135
-0.0097248456 145.135
-0.0097246456 141.137
-0.0097244456 145.135
-0.0097242456 142.336
-0.0097240456 142.336
-0.0097238456 142.336
-0.0097236456 146.334
-0.0097234456 141.936
-0.0097232456 143.136
-0.0097230456 142.336
-0.0097228456 143.136
-0.0097226456 145.135
-0.0097224456 141.936
-0.0097222456 143.936
-0.0097220456 143.536
-0.0097218456 141.137
-0.0097216456 141.537
-0.0097214456 141.936
-0.0097212456 143.936
-0.0097210456 141.137
-0.0097208456 141.537
-0.0097206456 142.336
-0.0097204456 139.537
-0.0097202456 143.536
-0.0097200456 144.335
-0.0097198456 143.936
-0.0097196456 142.336
-0.0097194456 144.735
-0.0097192456 143.136
-0.0097190456 142.336
-0.0097188456 140.737
-0.0097186456 140.737
-0.0097184456 141.936
-0.0097182456 140.737
-0.0097180456 141.537
-0.0097178456 141.936
-0.0097176456 142.336
-0.0097174456 142.336
-0.0097172456 142.336
-0.0097170456 139.937
-0.0097168456 143.136
-0.0097166456 140.737
-0.0097164456 142.336
-0.0097162456 141.537
-0.0097160456 143.136
-0.0097158456 143.536
-0.0097156456 141.936
-0.0097154456 144.335
-0.0097152456 141.936
-0.0097150456 142.336
-0.0097148456 140.337
-0.0097146456 139.537
-0.0097144456 141.537
-0.0097142456 140.737
-0.0097140456 140.337
-0.0097138456 137.938
-0.0097136456 141.936
-0.0097134456 138.738
-0.0097132456 141.537
-0.0097130456 141.936
-0.0097128456 137.139
-0.0097126456 140.337
-0.0097124456 140.337
-0.0097122456 141.936
-0.0097120456 142.736
-0.0097118456 138.738
-0.0097116456 138.338
-0.0097114456 141.936
-0.0097112456 141.137
-0.0097110456 135.539
-0.0097108456 143.136
-0.0097106456 141.537
-0.0097104456 141.537
-0.0097102456 142.736
-0.0097100456 142.736
-0.0097098456 141.537
-0.0097096456 137.139
-0.0097094456 138.738
-0.0097092456 141.137
-0.0097090456 139.937
-0.0097088456 143.536
-0.0097086456 139.937
-0.0097084456 140.337
-0.0097082456 139.937
-0.0097080456 140.337
-0.0097078456 139.937
-0.0097076456 140.737
-0.0097074456 142.736
-0.0097072456 139.937
-0.0097070456 141.537
-0.0097068456 139.537
-0.0097066456 139.937
-0.0097064456 137.938
-0.0097062456 140.737
-0.0097060456 140.337
-0.0097058456 138.738
-0.0097056456 137.538
-0.0097054456 139.937
-0.0097052456 139.537
-0.0097050456 139.937
-0.0097048456 138.738
-0.0097046456 136.739
-0.0097044456 138.738
-0.0097042456 136.739
-0.0097040456 137.538
-0.0097038456 137.538
-0.0097036456 139.937
-0.0097034456 138.738
-0.0097032456 139.537
-0.0097030456 141.137
-0.0097028456 136.739
-0.0097026456 138.738
-0.0097024456 139.138
-0.0097022456 139.138
-0.0097020456 141.537
-0.0097018456 138.738
-0.0097016456 139.537
-0.0097014456 139.537
-0.0097012456 136.739
-0.0097010456 139.537
-0.0097008456 139.937
-0.0097006456 139.138
-0.0097004456 139.537
-0.0097002456 138.738
-0.0097000456 136.739
-0.0096998456 138.738
-0.0096996456 141.537
-0.0096994456 138.738
-0.0096992456 135.539
-0.0096990456 137.139
-0.0096988456 138.338
-0.0096986456 140.737
-0.0096984456 137.139
-0.0096982456 137.139
-0.0096980456 139.537
-0.0096978456 138.338
-0.0096976456 137.938
-0.0096974456 135.939
-0.0096972456 135.939
-0.0096970456 137.139
-0.0096968456 136.339
-0.0096966456 136.339
-0.0096964456 137.938
-0.0096962456 137.538
-0.0096960456 136.339
-0.0096958456 137.538
-0.0096956456 136.339
-0.0096954456 135.139
-0.0096952456 134.74
-0.0096950456 134.34
-0.0096948456 138.338
-0.0096946456 137.538
-0.0096944456 137.938
-0.0096942456 135.139
-0.0096940456 137.139
-0.0096938456 135.139
-0.0096936456 135.139
-0.0096934456 135.139
-0.0096932456 135.539
-0.0096930456 136.339
-0.0096928456 136.739
-0.0096926456 137.139
-0.0096924456 137.938
-0.0096922456 133.54
-0.0096920456 135.939
-0.0096918456 134.34
-0.0096916456 134.74
-0.0096914456 138.338
-0.0096912456 135.539
-0.0096910456 135.139
-0.0096908456 136.739
-0.0096906456 135.939
-0.0096904456 136.339
-0.0096902456 133.54
-0.0096900456 135.939
-0.0096898456 139.138
-0.0096896456 132.741
-0.0096894456 139.138
-0.0096892456 136.339
-0.0096890456 134.34
-0.0096888456 132.741
-0.0096886456 131.941
-0.0096884456 131.541
-0.0096882456 135.539
-0.0096880456 134.34
-0.0096878456 136.339
-0.0096876456 137.938
-0.0096874456 133.14
-0.0096872456 137.538
-0.0096870456 133.54
-0.0096868456 134.34
-0.0096866456 133.94
-0.0096864456 135.539
-0.0096862456 133.14
-0.0096860456 132.341
-0.0096858456 137.139
-0.0096856456 133.14
-0.0096854456 135.539
-0.0096852456 135.939
-0.0096850456 134.74
-0.0096848456 136.339
-0.0096846456 136.339
-0.0096844456 131.941
-0.0096842456 134.74
-0.0096840456 132.341
-0.0096838456 132.341
-0.0096836456 132.741
-0.0096834456 134.34
-0.0096832456 133.14
-0.0096830456 134.34
-0.0096828456 133.14
-0.0096826456 133.54
-0.0096824456 132.341
-0.0096822456 134.74
-0.0096820456 132.341
-0.0096818456 132.341
-0.0096816456 133.14
-0.0096814456 132.741
-0.0096812456 131.941
-0.0096810456 133.14
-0.0096808456 132.741
-0.0096806456 132.341
-0.0096804456 130.741
-0.0096802456 133.94
-0.0096800456 129.942
-0.0096798456 134.34
-0.0096796456 132.741
-0.0096794456 131.941
-0.0096792456 132.741
-0.0096790456 133.54
-0.0096788456 136.339
-0.0096786456 132.341
-0.0096784456 133.54
-0.0096782456 131.541
-0.0096780456 132.741
-0.0096778456 129.942
-0.0096776456 134.34
-0.0096774456 131.941
-0.0096772456 133.94
-0.0096770456 131.141
-0.0096768456 129.942
-0.0096766456 130.342
-0.0096764456 133.14
-0.0096762456 131.141
-0.0096760456 131.941
-0.0096758456 133.14
-0.0096756456 131.941
-0.0096754456 133.54
-0.0096752456 133.54
-0.0096750456 131.541
-0.0096748456 134.74
-0.0096746456 131.141
-0.0096744456 129.942
-0.0096742456 130.342
-0.0096740456 131.941
-0.0096738456 132.341
-0.0096736456 134.34
-0.0096734456 128.343
-0.0096732456 132.341
-0.0096730456 129.942
-0.0096728456 131.141
-0.0096726456 128.742
-0.0096724456 131.941
-0.0096722456 133.94
-0.0096720456 132.341
-0.0096718456 132.741
-0.0096716456 131.141
-0.0096714456 132.741
-0.0096712456 133.14
-0.0096710456 131.541
-0.0096708456 130.741
-0.0096706456 133.14
-0.0096704456 130.741
-0.0096702456 131.941
-0.0096700456 129.942
-0.0096698456 130.342
-0.0096696456 129.142
-0.0096694456 129.542
-0.0096692456 131.141
-0.0096690456 131.141
-0.0096688456 130.741
-0.0096686456 130.342
-0.0096684456 133.54
-0.0096682456 131.941
-0.0096680456 131.541
-0.0096678456 133.14
-0.0096676456 131.941
-0.0096674456 129.942
-0.0096672456 132.741
-0.0096670456 131.541
-0.0096668456 130.741
-0.0096666456 131.541
-0.0096664456 129.542
-0.0096662456 132.341
-0.0096660456 129.542
-0.0096658456 131.541
-0.0096656456 129.142
-0.0096654456 130.741
-0.0096652456 131.141
-0.0096650456 130.342
-0.0096648456 130.741
-0.0096646456 131.941
-0.0096644456 127.943
-0.0096642456 131.941
-0.0096640456 129.142
-0.0096638456 129.542
-0.0096636456 130.741
-0.0096634456 129.542
-0.0096632456 131.141
-0.0096630456 129.942
-0.0096628456 131.941
-0.0096626456 130.342
-0.0096624456 129.942
-0.0096622456 131.541
-0.0096620456 131.941
-0.0096618456 130.741
-0.0096616456 127.543
-0.0096614456 133.14
-0.0096612456 127.943
-0.0096610456 130.342
-0.0096608456 128.343
-0.0096606456 131.941
-0.0096604456 129.542
-0.0096602456 127.543
-0.0096600456 128.343
-0.0096598456 127.943
-0.0096596456 130.342
-0.0096594456 127.943
-0.0096592456 128.742
-0.0096590456 130.342
-0.0096588456 129.942
-0.0096586456 130.342
-0.0096584456 127.143
-0.0096582456 131.141
-0.0096580456 127.943
-0.0096578456 131.141
-0.0096576456 129.142
-0.0096574456 127.143
-0.0096572456 128.343
-0.0096570456 129.142
-0.0096568456 128.742
-0.0096566456 128.742
-0.0096564456 127.943
-0.0096562456 127.143
-0.0096560456 127.543
-0.0096558456 126.743
-0.0096556456 124.744
-0.0096554456 129.142
-0.0096552456 129.542
-0.0096550456 127.543
-0.0096548456 129.142
-0.0096546456 127.143
-0.0096544456 128.742
-0.0096542456 129.942
-0.0096540456 129.542
-0.0096538456 127.143
-0.0096536456 129.942
-0.0096534456 125.544
-0.0096532456 128.343
-0.0096530456 127.543
-0.0096528456 126.743
-0.0096526456 128.742
-0.0096524456 128.742
-0.0096522456 126.743
-0.0096520456 127.543
-0.0096518456 131.141
-0.0096516456 130.741
-0.0096514456 126.343
-0.0096512456 126.343
-0.0096510456 126.343
-0.0096508456 125.544
-0.0096506456 127.943
-0.0096504456 127.943
-0.0096502456 125.944
-0.0096500456 125.144
-0.0096498456 125.544
-0.0096496456 125.944
-0.0096494456 125.544
-0.0096492456 125.144
-0.0096490456 127.943
-0.0096488456 125.544
-0.0096486456 126.343
-0.0096484456 127.143
-0.0096482456 128.343
-0.0096480456 123.944
-0.0096478456 127.143
-0.0096476456 125.544
-0.0096474456 127.543
-0.0096472456 126.743
-0.0096470456 124.744
-0.0096468456 123.944
-0.0096466456 125.544
-0.0096464456 124.744
-0.0096462456 127.543
-0.0096460456 125.144
-0.0096458456 124.744
-0.0096456456 122.745
-0.0096454456 125.544
-0.0096452456 126.743
-0.0096450456 124.344
-0.0096448456 125.144
-0.0096446456 125.144
-0.0096444456 123.545
-0.0096442456 124.744
-0.0096440456 124.344
-0.0096438456 125.144
-0.0096436456 125.944
-0.0096434456 126.743
-0.0096432456 125.944
-0.0096430456 125.944
-0.0096428456 125.144
-0.0096426456 124.744
-0.0096424456 126.743
-0.0096422456 123.545
-0.0096420456 123.944
-0.0096418456 125.144
-0.0096416456 125.144
-0.0096414456 123.944
-0.0096412456 119.546
-0.0096410456 125.944
-0.0096408456 124.344
-0.0096406456 121.546
-0.0096404456 122.745
-0.0096402456 123.545
-0.0096400456 122.745
-0.0096398456 123.145
-0.0096396456 123.145
-0.0096394456 125.544
-0.0096392456 123.545
-0.0096390456 125.544
-0.0096388456 123.944
-0.0096386456 123.545
-0.0096384456 123.545
-0.0096382456 121.546
-0.0096380456 123.545
-0.0096378456 122.345
-0.0096376456 123.545
-0.0096374456 123.545
-0.0096372456 123.545
-0.0096370456 123.545
-0.0096368456 122.345
-0.0096366456 124.344
-0.0096364456 121.146
-0.0096362456 121.945
-0.0096360456 121.945
-0.0096358456 122.745
-0.0096356456 120.746
-0.0096354456 120.746
-0.0096352456 121.546
-0.0096350456 123.145
-0.0096348456 122.345
-0.0096346456 122.745
-0.0096344456 121.546
-0.0096342456 121.546
-0.0096340456 119.946
-0.0096338456 123.145
-0.0096336456 121.945
-0.0096334456 119.147
-0.0096332456 123.944
-0.0096330456 124.344
-0.0096328456 122.745
-0.0096326456 122.345
-0.0096324456 119.546
-0.0096322456 123.145
-0.0096320456 121.945
-0.0096318456 122.345
-0.0096316456 122.345
-0.0096314456 121.146
-0.0096312456 122.345
-0.0096310456 119.546
-0.0096308456 121.546
-0.0096306456 125.144
-0.0096304456 121.546
-0.0096302456 117.947
-0.0096300456 117.947
-0.0096298456 121.146
-0.0096296456 119.147
-0.0096294456 117.947
-0.0096292456 119.946
-0.0096290456 121.945
-0.0096288456 121.546
-0.0096286456 120.346
-0.0096284456 120.346
-0.0096282456 119.546
-0.0096280456 121.146
-0.0096278456 122.345
-0.0096276456 118.747
-0.0096274456 121.146
-0.0096272456 119.546
-0.0096270456 121.146
-0.0096268456 120.346
-0.0096266456 118.347
-0.0096264456 119.147
-0.0096262456 117.947
-0.0096260456 120.746
-0.0096258456 118.747
-0.0096256456 119.147
-0.0096254456 118.347
-0.0096252456 120.746
-0.0096250456 121.546
-0.0096248456 120.746
-0.0096246456 117.547
-0.0096244456 116.748
-0.0096242456 119.147
-0.0096240456 116.748
-0.0096238456 118.747
-0.0096236456 116.348
-0.0096234456 119.147
-0.0096232456 117.547
-0.0096230456 119.147
-0.0096228456 119.946
-0.0096226456 119.946
-0.0096224456 118.747
-0.0096222456 117.148
-0.0096220456 117.148
-0.0096218456 116.348
-0.0096216456 117.947
-0.0096214456 118.747
-0.0096212456 117.547
-0.0096210456 120.346
-0.0096208456 117.947
-0.0096206456 120.346
-0.0096204456 117.947
-0.0096202456 117.148
-0.0096200456 116.748
-0.0096198456 118.747
-0.0096196456 116.748
-0.0096194456 119.946
-0.0096192456 116.748
-0.0096190456 115.948
-0.0096188456 117.547
-0.0096186456 119.546
-0.0096184456 117.148
-0.0096182456 118.347
-0.0096180456 120.746
-0.0096178456 119.147
-0.0096176456 117.947
-0.0096174456 117.947
-0.0096172456 119.147
-0.0096170456 117.148
-0.0096168456 117.547
-0.0096166456 116.348
-0.0096164456 117.947
-0.0096162456 117.947
-0.0096160456 117.148
-0.0096158456 112.749
-0.0096156456 118.347
-0.0096154456 114.749
-0.0096152456 114.349
-0.0096150456 115.148
-0.0096148456 117.148
-0.0096146456 114.749
-0.0096144456 117.947
-0.0096142456 116.348
-0.0096140456 116.348
-0.0096138456 119.147
-0.0096136456 113.549
-0.0096134456 113.949
-0.0096132456 116.348
-0.0096130456 115.148
-0.0096128456 115.948
-0.0096126456 117.547
-0.0096124456 118.347
-0.0096122456 117.547
-0.0096120456 115.148
-0.0096118456 116.348
-0.0096116456 114.349
-0.0096114456 114.749
-0.0096112456 115.148
-0.0096110456 114.749
-0.0096108456 119.546
-0.0096106456 117.547
-0.0096104456 114.349
-0.0096102456 115.948
-0.0096100456 117.148
-0.0096098456 119.147
-0.0096096456 116.748
-0.0096094456 115.948
-0.0096092456 115.548
-0.0096090456 112.749
-0.0096088456 116.348
-0.0096086456 116.748
-0.0096084456 115.948
-0.0096082456 115.948
-0.0096080456 114.349
-0.0096078456 115.948
-0.0096076456 115.548
-0.0096074456 117.148
-0.0096072456 113.549
-0.0096070456 115.948
-0.0096068456 113.549
-0.0096066456 113.149
-0.0096064456 114.749
-0.0096062456 115.548
-0.0096060456 117.547
-0.0096058456 113.949
-0.0096056456 115.548
-0.0096054456 113.149
-0.0096052456 115.948
-0.0096050456 114.349
-0.0096048456 114.349
-0.0096046456 114.749
-0.0096044456 115.548
-0.0096042456 114.749
-0.0096040456 113.549
-0.0096038456 115.148
-0.0096036456 114.749
-0.0096034456 115.548
-0.0096032456 115.948
-0.0096030456 115.948
-0.0096028456 115.948
-0.0096026456 112.749
-0.0096024456 115.148
-0.0096022456 115.148
-0.0096020456 113.149
-0.0096018456 113.949
-0.0096016456 113.949
-0.0096014456 113.949
-0.0096012456 113.949
-0.0096010456 114.349
-0.0096008456 115.948
-0.0096006456 111.95
-0.0096004456 112.749
-0.0096002456 113.949
-0.0096000456 114.349
-0.0095998456 113.949
-0.0095996456 113.549
-0.0095994456 115.148
-0.0095992456 114.349
-0.0095990456 114.349
-0.0095988456 113.549
-0.0095986456 114.349
-0.0095984456 113.949
-0.0095982456 113.949
-0.0095980456 114.749
-0.0095978456 115.148
-0.0095976456 112.35
-0.0095974456 114.749
-0.0095972456 112.749
-0.0095970456 111.55
-0.0095968456 110.351
-0.0095966456 111.55
-0.0095964456 114.749
-0.0095962456 113.549
-0.0095960456 112.35
-0.0095958456 111.95
-0.0095956456 111.55
-0.0095954456 111.95
-0.0095952456 113.149
-0.0095950456 111.55
-0.0095948456 112.35
-0.0095946456 109.551
-0.0095944456 112.749
-0.0095942456 109.151
-0.0095940456 113.549
-0.0095938456 111.95
-0.0095936456 109.151
-0.0095934456 111.95
-0.0095932456 111.55
-0.0095930456 112.35
-0.0095928456 111.95
-0.0095926456 112.35
-0.0095924456 113.149
-0.0095922456 111.55
-0.0095920456 112.35
-0.0095918456 112.749
-0.0095916456 111.55
-0.0095914456 112.35
-0.0095912456 112.35
-0.0095910456 110.351
-0.0095908456 113.149
-0.0095906456 113.549
-0.0095904456 112.35
-0.0095902456 109.951
-0.0095900456 110.75
-0.0095898456 109.951
-0.0095896456 109.551
-0.0095894456 111.55
-0.0095892456 111.95
-0.0095890456 111.55
-0.0095888456 111.55
-0.0095886456 112.35
-0.0095884456 111.55
-0.0095882456 111.95
-0.0095880456 112.35
-0.0095878456 112.35
-0.0095876456 110.351
-0.0095874456 111.15
-0.0095872456 113.149
-0.0095870456 109.551
-0.0095868456 110.351
-0.0095866456 112.35
-0.0095864456 110.351
-0.0095862456 109.951
-0.0095860456 109.951
-0.0095858456 111.15
-0.0095856456 110.75
-0.0095854456 112.35
-0.0095852456 108.751
-0.0095850456 110.75
-0.0095848456 113.949
-0.0095846456 111.55
-0.0095844456 111.55
-0.0095842456 111.15
-0.0095840456 111.55
-0.0095838456 111.55
-0.0095836456 108.751
-0.0095834456 111.55
-0.0095832456 107.152
-0.0095830456 110.75
-0.0095828456 109.551
-0.0095826456 109.951
-0.0095824456 107.952
-0.0095822456 109.951
-0.0095820456 111.15
-0.0095818456 107.552
-0.0095816456 112.35
-0.0095814456 110.351
-0.0095812456 112.35
-0.0095810456 110.75
-0.0095808456 107.152
-0.0095806456 110.351
-0.0095804456 107.952
-0.0095802456 111.15
-0.0095800456 104.753
-0.0095798456 108.751
-0.0095796456 110.351
-0.0095794456 109.151
-0.0095792456 106.752
-0.0095790456 107.952
-0.0095788456 106.752
-0.0095786456 109.951
-0.0095784456 111.55
-0.0095782456 108.351
-0.0095780456 109.551
-0.0095778456 108.751
-0.0095776456 109.951
-0.0095774456 107.952
-0.0095772456 107.952
-0.0095770456 109.551
-0.0095768456 107.952
-0.0095766456 111.55
-0.0095764456 106.352
-0.0095762456 107.952
-0.0095760456 109.151
-0.0095758456 109.551
-0.0095756456 107.152
-0.0095754456 110.351
-0.0095752456 107.952
-0.0095750456 107.552
-0.0095748456 108.751
-0.0095746456 108.351
-0.0095744456 107.952
-0.0095742456 105.953
-0.0095740456 109.951
-0.0095738456 107.152
-0.0095736456 106.352
-0.0095734456 107.552
-0.0095732456 107.552
-0.0095730456 108.351
-0.0095728456 106.752
-0.0095726456 106.352
-0.0095724456 107.952
-0.0095722456 107.152
-0.0095720456 103.953
-0.0095718456 108.351
-0.0095716456 107.552
-0.0095714456 104.753
-0.0095712456 107.152
-0.0095710456 106.352
-0.0095708456 106.352
-0.0095706456 106.752
-0.0095704456 108.751
-0.0095702456 107.552
-0.0095700456 107.152
-0.0095698456 106.752
-0.0095696456 105.953
-0.0095694456 107.552
-0.0095692456 105.153
-0.0095690456 106.352
-0.0095688456 107.552
-0.0095686456 104.753
-0.0095684456 107.152
-0.0095682456 104.353
-0.0095680456 106.752
-0.0095678456 103.554
-0.0095676456 107.152
-0.0095674456 105.953
-0.0095672456 104.353
-0.0095670456 103.154
-0.0095668456 108.351
-0.0095666456 105.553
-0.0095664456 107.952
-0.0095662456 105.553
-0.0095660456 105.553
-0.0095658456 103.953
-0.0095656456 104.353
-0.0095654456 103.554
-0.0095652456 104.753
-0.0095650456 103.554
-0.0095648456 105.153
-0.0095646456 106.752
-0.0095644456 104.753
-0.0095642456 104.753
-0.0095640456 105.953
-0.0095638456 104.753
-0.0095636456 105.153
-0.0095634456 104.353
-0.0095632456 103.953
-0.0095630456 107.552
-0.0095628456 107.152
-0.0095626456 105.153
-0.0095624456 104.353
-0.0095622456 104.753
-0.0095620456 102.354
-0.0095618456 105.153
-0.0095616456 105.153
-0.0095614456 104.753
-0.0095612456 104.353
-0.0095610456 104.753
-0.0095608456 104.753
-0.0095606456 103.154
-0.0095604456 105.153
-0.0095602456 105.953
-0.0095600456 106.352
-0.0095598456 105.553
-0.0095596456 105.953
-0.0095594456 103.953
-0.0095592456 103.953
-0.0095590456 105.953
-0.0095588456 103.554
-0.0095586456 103.953
-0.0095584456 103.953
-0.0095582456 104.353
-0.0095580456 103.554
-0.0095578456 107.152
-0.0095576456 106.352
-0.0095574456 104.753
-0.0095572456 103.554
-0.0095570456 101.155
-0.0095568456 102.354
-0.0095566456 102.354
-0.0095564456 105.153
-0.0095562456 103.554
-0.0095560456 104.353
-0.0095558456 104.753
-0.0095556456 104.353
-0.0095554456 105.153
-0.0095552456 104.353
-0.0095550456 102.354
-0.0095548456 102.354
-0.0095546456 104.353
-0.0095544456 103.953
-0.0095542456 103.953
-0.0095540456 103.554
-0.0095538456 103.554
-0.0095536456 100.355
-0.0095534456 103.554
-0.0095532456 101.555
-0.0095530456 101.954
-0.0095528456 103.953
-0.0095526456 101.555
-0.0095524456 105.153
-0.0095522456 105.953
-0.0095520456 103.154
-0.0095518456 100.755
-0.0095516456 105.553
-0.0095514456 103.154
-0.0095512456 104.353
-0.0095510456 103.554
-0.0095508456 103.953
-0.0095506456 101.954
-0.0095504456 106.752
-0.0095502456 103.154
-0.0095500456 101.954
-0.0095498456 102.754
-0.0095496456 101.954
-0.0095494456 103.154
-0.0095492456 102.754
-0.0095490456 103.953
-0.0095488456 103.953
-0.0095486456 102.754
-0.0095484456 103.554
-0.0095482456 101.155
-0.0095480456 100.755
-0.0095478456 101.954
-0.0095476456 103.154
-0.0095474456 102.354
-0.0095472456 99.9552
-0.0095470456 100.755
-0.0095468456 100.755
-0.0095466456 102.754
-0.0095464456 101.954
-0.0095462456 103.154
-0.0095460456 103.554
-0.0095458456 100.355
-0.0095456456 101.555
-0.0095454456 101.555
-0.0095452456 102.754
-0.0095450456 101.954
-0.0095448456 101.155
-0.0095446456 101.155
-0.0095444456 101.954
-0.0095442456 100.755
-0.0095440456 102.754
-0.0095438456 100.755
-0.0095436456 100.755
-0.0095434456 101.555
-0.0095432456 102.754
-0.0095430456 102.754
-0.0095428456 101.555
-0.0095426456 102.354
-0.0095424456 101.155
-0.0095422456 101.954
-0.0095420456 101.155
-0.0095418456 101.954
-0.0095416456 103.154
-0.0095414456 100.355
-0.0095412456 101.155
-0.0095410456 103.554
-0.0095408456 102.754
-0.0095406456 101.155
-0.0095404456 97.5563
-0.0095402456 100.755
-0.0095400456 102.754
-0.0095398456 100.355
-0.0095396456 100.755
-0.0095394456 100.755
-0.0095392456 99.5554
-0.0095390456 100.355
-0.0095388456 101.155
-0.0095386456 99.1556
-0.0095384456 99.5554
-0.0095382456 101.155
-0.0095380456 101.155
-0.0095378456 97.9561
-0.0095376456 100.755
-0.0095374456 101.155
-0.0095372456 99.9552
-0.0095370456 101.155
-0.0095368456 99.5554
-0.0095366456 100.755
-0.0095364456 99.9552
-0.0095362456 103.154
-0.0095360456 98.7558
-0.0095358456 98.7558
-0.0095356456 98.7558
-0.0095354456 99.5554
-0.0095352456 99.5554
-0.0095350456 99.5554
-0.0095348456 100.355
-0.0095346456 99.9552
-0.0095344456 99.1556
-0.0095342456 101.555
-0.0095340456 101.155
-0.0095338456 98.7558
-0.0095336456 100.755
-0.0095334456 96.7567
-0.0095332456 97.5563
-0.0095330456 99.1556
-0.0095328456 99.9552
-0.0095326456 96.3568
-0.0095324456 99.1556
-0.0095322456 99.1556
-0.0095320456 97.9561
-0.0095318456 98.7558
-0.0095316456 97.9561
-0.0095314456 99.1556
-0.0095312456 97.9561
-0.0095310456 99.5554
-0.0095308456 100.755
-0.0095306456 100.355
-0.0095304456 95.957
-0.0095302456 99.5554
-0.0095300456 98.3559
-0.0095298456 95.5572
-0.0095296456 99.5554
-0.0095294456 98.7558
-0.0095292456 99.1556
-0.0095290456 99.1556
-0.0095288456 97.5563
-0.0095286456 98.3559
-0.0095284456 97.5563
-0.0095282456 99.5554
-0.0095280456 101.555
-0.0095278456 99.9552
-0.0095276456 95.957
-0.0095274456 97.9561
-0.0095272456 98.7558
-0.0095270456 94.7575
-0.0095268456 99.5554
-0.0095266456 97.5563
-0.0095264456 98.3559
-0.0095262456 99.1556
-0.0095260456 93.1583
-0.0095258456 97.9561
-0.0095256456 95.5572
-0.0095254456 97.1565
-0.0095252456 97.1565
-0.0095250456 96.7567
-0.0095248456 97.9561
-0.0095246456 95.957
-0.0095244456 97.1565
-0.0095242456 97.1565
-0.0095240456 98.7558
-0.0095238456 96.7567
-0.0095236456 97.9561
-0.0095234456 97.9561
-0.0095232456 97.9561
-0.0095230456 93.9579
-0.0095228456 96.3568
-0.0095226456 95.5572
-0.0095224456 96.3568
-0.0095222456 96.7567
-0.0095220456 96.7567
-0.0095218456 96.7567
-0.0095216456 98.3559
-0.0095214456 95.957
-0.0095212456 90.7593
-0.0095210456 97.5563
-0.0095208456 93.5581
-0.0095206456 95.957
-0.0095204456 98.7558
-0.0095202456 98.3559
-0.0095200456 94.3577
-0.0095198456 95.957
-0.0095196456 97.1565
-0.0095194456 96.3568
-0.0095192456 96.3568
-0.0095190456 97.1565
-0.0095188456 95.5572
-0.0095186456 96.3568
-0.0095184456 94.7575
-0.0095182456 95.957
-0.0095180456 94.3577
-0.0095178456 94.3577
-0.0095176456 97.9561
-0.0095174456 95.5572
-0.0095172456 94.7575
-0.0095170456 95.5572
-0.0095168456 97.1565
-0.0095166456 93.1583
-0.0095164456 91.9588
-0.0095162456 93.9579
-0.0095160456 94.3577
-0.0095158456 94.3577
-0.0095156456 93.1583
-0.0095154456 94.3577
-0.0095152456 95.1574
-0.0095150456 93.5581
-0.0095148456 95.5572
-0.0095146456 93.5581
-0.0095144456 95.5572
-0.0095142456 94.3577
-0.0095140456 95.5572
-0.0095138456 95.1574
-0.0095136456 93.5581
-0.0095134456 93.9579
-0.0095132456 92.7584
-0.0095130456 93.5581
-0.0095128456 94.7575
-0.0095126456 92.7584
-0.0095124456 93.5581
-0.0095122456 92.3586
-0.0095120456 93.1583
-0.0095118456 93.5581
-0.0095116456 93.5581
-0.0095114456 91.9588
-0.0095112456 91.559
-0.0095110456 90.7593
-0.0095108456 93.5581
-0.0095106456 90.3595
-0.0095104456 91.559
-0.0095102456 93.5581
-0.0095100456 94.3577
-0.0095098456 93.5581
-0.0095096456 94.7575
-0.0095094456 90.7593
-0.0095092456 92.3586
-0.0095090456 96.3568
-0.0095088456 93.9579
-0.0095086456 93.5581
-0.0095084456 93.5581
-0.0095082456 93.1583
-0.0095080456 93.1583
-0.0095078456 93.9579
-0.0095076456 93.9579
-0.0095074456 91.9588
-0.0095072456 93.5581
-0.0095070456 94.7575
-0.0095068456 95.5572
-0.0095066456 92.3586
-0.0095064456 92.3586
-0.0095062456 91.559
-0.0095060456 92.3586
-0.0095058456 91.9588
-0.0095056456 95.5572
-0.0095054456 92.7584
-0.0095052456 92.7584
-0.0095050456 89.9597
-0.0095048456 90.3595
-0.0095046456 93.5581
-0.0095044456 92.7584
-0.0095042456 91.9588
-0.0095040456 92.3586
-0.0095038456 93.9579
-0.0095036456 92.7584
-0.0095034456 92.3586
-0.0095032456 91.9588
-0.0095030456 92.7584
-0.0095028456 93.5581
-0.0095026456 88.3604
-0.0095024456 93.9579
-0.0095022456 93.5581
-0.0095020456 90.7593
-0.0095018456 91.9588
-0.0095016456 90.7593
-0.0095014456 92.3586
-0.0095012456 92.7584
-0.0095010456 92.3586
-0.0095008456 89.9597
-0.0095006456 91.9588
-0.0095004456 91.559
-0.0095002456 88.3604
-0.0095000456 90.7593
-0.0094998456 90.3595
-0.0094996456 93.1583
-0.0094994456 93.5581
-0.0094992456 92.3586
-0.0094990456 91.559
-0.0094988456 87.9606
-0.0094986456 91.1592
-0.0094984456 91.9588
-0.0094982456 91.1592
-0.0094980456 93.1583
-0.0094978456 89.9597
-0.0094976456 90.3595
-0.0094974456 91.559
-0.0094972456 92.3586
-0.0094970456 89.9597
-0.0094968456 92.3586
-0.0094966456 90.7593
-0.0094964456 88.7602
-0.0094962456 90.7593
-0.0094960456 93.9579
-0.0094958456 91.9588
-0.0094956456 91.9588
-0.0094954456 91.9588
-0.0094952456 86.7611
-0.0094950456 92.3586
-0.0094948456 90.3595
-0.0094946456 90.7593
-0.0094944456 91.9588
-0.0094942456 90.3595
-0.0094940456 89.1601
-0.0094938456 91.559
-0.0094936456 91.9588
-0.0094934456 91.559
-0.0094932456 91.9588
-0.0094930456 91.1592
-0.0094928456 89.9597
-0.0094926456 93.5581
-0.0094924456 93.5581
-0.0094922456 89.1601
-0.0094920456 89.9597
-0.0094918456 90.3595
-0.0094916456 89.1601
-0.0094914456 90.7593
-0.0094912456 88.7602
-0.0094910456 90.3595
-0.0094908456 91.1592
-0.0094906456 88.7602
-0.0094904456 89.9597
-0.0094902456 87.5608
-0.0094900456 91.1592
-0.0094898456 89.5599
-0.0094896456 90.7593
-0.0094894456 88.3604
-0.0094892456 88.7602
-0.0094890456 91.1592
-0.0094888456 91.1592
-0.0094886456 89.1601
-0.0094884456 91.559
-0.0094882456 90.3595
-0.0094880456 92.3586
-0.0094878456 92.3586
-0.0094876456 88.7602
-0.0094874456 88.7602
-0.0094872456 91.1592
-0.0094870456 88.7602
-0.0094868456 90.3595
-0.0094866456 88.3604
-0.0094864456 88.7602
-0.0094862456 89.1601
-0.0094860456 87.161
-0.0094858456 88.7602
-0.0094856456 89.9597
-0.0094854456 90.3595
-0.0094852456 92.7584
-0.0094850456 88.7602
-0.0094848456 91.9588
-0.0094846456 89.5599
-0.0094844456 88.3604
-0.0094842456 92.3586
-0.0094840456 87.161
-0.0094838456 87.161
-0.0094836456 91.9588
-0.0094834456 89.1601
-0.0094832456 89.1601
-0.0094830456 87.161
-0.0094828456 89.5599
-0.0094826456 84.762
-0.0094824456 86.3613
-0.0094822456 88.7602
-0.0094820456 85.5617
-0.0094818456 85.9615
-0.0094816456 86.7611
-0.0094814456 88.7602
-0.0094812456 87.9606
-0.0094810456 85.5617
-0.0094808456 87.9606
-0.0094806456 87.5608
-0.0094804456 85.5617
-0.0094802456 90.3595
-0.0094800456 86.7611
-0.0094798456 86.7611
-0.0094796456 85.9615
-0.0094794456 87.5608
-0.0094792456 85.1618
-0.0094790456 86.7611
-0.0094788456 86.3613
-0.0094786456 84.3622
-0.0094784456 90.3595
-0.0094782456 88.7602
-0.0094780456 89.1601
-0.0094778456 85.1618
-0.0094776456 86.3613
-0.0094774456 84.762
-0.0094772456 87.9606
-0.0094770456 84.762
-0.0094768456 86.3613
-0.0094766456 85.5617
-0.0094764456 87.161
-0.0094762456 86.3613
-0.0094760456 84.3622
-0.0094758456 85.9615
-0.0094756456 86.3613
-0.0094754456 86.7611
-0.0094752456 86.7611
-0.0094750456 83.9624
-0.0094748456 85.9615
-0.0094746456 84.3622
-0.0094744456 84.762
-0.0094742456 84.762
-0.0094740456 84.3622
-0.0094738456 82.7629
-0.0094736456 84.3622
-0.0094734456 84.3622
-0.0094732456 84.3622
-0.0094730456 84.3622
-0.0094728456 83.5626
-0.0094726456 84.762
-0.0094724456 82.7629
-0.0094722456 83.9624
-0.0094720456 83.1627
-0.0094718456 83.5626
-0.0094716456 81.5635
-0.0094714456 85.1618
-0.0094712456 83.5626
-0.0094710456 84.3622
-0.0094708456 82.7629
-0.0094706456 84.762
-0.0094704456 82.7629
-0.0094702456 83.9624
-0.0094700456 83.5626
-0.0094698456 80.364
-0.0094696456 83.9624
-0.0094694456 84.3622
-0.0094692456 84.3622
-0.0094690456 83.9624
-0.0094688456 82.7629
-0.0094686456 81.1636
-0.0094684456 83.9624
-0.0094682456 78.3649
-0.0094680456 80.364
-0.0094678456 84.3622
-0.0094676456 81.9633
-0.0094674456 83.9624
-0.0094672456 80.7638
-0.0094670456 82.3631
-0.0094668456 80.364
-0.0094666456 82.7629
-0.0094664456 84.762
-0.0094662456 79.5644
-0.0094660456 82.3631
-0.0094658456 81.1636
-0.0094656456 82.7629
-0.0094654456 83.1627
-0.0094652456 80.364
-0.0094650456 80.364
-0.0094648456 83.5626
-0.0094646456 81.1636
-0.0094644456 81.9633
-0.0094642456 80.7638
-0.0094640456 82.7629
-0.0094638456 82.7629
-0.0094636456 82.3631
-0.0094634456 81.1636
-0.0094632456 81.5635
-0.0094630456 81.1636
-0.0094628456 80.364
-0.0094626456 81.9633
-0.0094624456 82.3631
-0.0094622456 81.1636
-0.0094620456 81.9633
-0.0094618456 80.7638
-0.0094616456 79.9642
-0.0094614456 81.5635
-0.0094612456 79.9642
-0.0094610456 81.1636
-0.0094608456 79.1645
-0.0094606456 82.7629
-0.0094604456 79.9642
-0.0094602456 81.5635
-0.0094600456 78.7647
-0.0094598456 80.7638
-0.0094596456 79.5644
-0.0094594456 81.1636
-0.0094592456 78.7647
-0.0094590456 78.3649
-0.0094588456 79.9642
-0.0094586456 82.7629
-0.0094584456 79.1645
-0.0094582456 79.5644
-0.0094580456 80.364
-0.0094578456 77.9651
-0.0094576456 81.1636
-0.0094574456 77.9651
-0.0094572456 79.1645
-0.0094570456 77.1654
-0.0094568456 78.3649
-0.0094566456 77.5653
-0.0094564456 79.1645
-0.0094562456 79.5644
-0.0094560456 78.7647
-0.0094558456 78.7647
-0.0094556456 80.364
-0.0094554456 78.7647
-0.0094552456 82.3631
-0.0094550456 76.7656
-0.0094548456 79.9642
-0.0094546456 79.9642
-0.0094544456 79.9642
-0.0094542456 76.7656
-0.0094540456 79.1645
-0.0094538456 77.9651
-0.0094536456 77.9651
-0.0094534456 77.9651
-0.0094532456 81.1636
-0.0094530456 79.1645
-0.0094528456 80.364
-0.0094526456 77.5653
-0.0094524456 79.1645
-0.0094522456 75.966
-0.0094520456 77.9651
-0.0094518456 75.966
-0.0094516456 77.9651
-0.0094514456 76.7656
-0.0094512456 77.9651
-0.0094510456 78.7647
-0.0094508456 77.5653
-0.0094506456 77.9651
-0.0094504456 73.9669
-0.0094502456 78.3649
-0.0094500456 78.3649
-0.0094498456 76.7656
-0.0094496456 79.1645
-0.0094494456 81.9633
-0.0094492456 77.9651
-0.0094490456 76.3658
-0.0094488456 75.5661
-0.0094486456 75.1663
-0.0094484456 77.1654
-0.0094482456 76.7656
-0.0094480456 75.966
-0.0094478456 75.966
-0.0094476456 80.364
-0.0094474456 75.966
-0.0094472456 75.5661
-0.0094470456 77.5653
-0.0094468456 76.7656
-0.0094466456 77.5653
-0.0094464456 74.7665
-0.0094462456 75.1663
-0.0094460456 76.7656
-0.0094458456 75.966
-0.0094456456 76.3658
-0.0094454456 77.1654
-0.0094452456 75.966
-0.0094450456 75.1663
-0.0094448456 75.5661
-0.0094446456 74.7665
-0.0094444456 74.3667
-0.0094442456 74.3667
-0.0094440456 73.567
-0.0094438456 77.1654
-0.0094436456 76.7656
-0.0094434456 77.5653
-0.0094432456 75.5661
-0.0094430456 77.5653
-0.0094428456 77.9651
-0.0094426456 75.1663
-0.0094424456 77.1654
-0.0094422456 77.1654
-0.0094420456 74.7665
-0.0094418456 75.966
-0.0094416456 77.5653
-0.0094414456 73.567
-0.0094412456 74.7665
-0.0094410456 74.7665
-0.0094408456 74.7665
-0.0094406456 77.1654
-0.0094404456 74.3667
-0.0094402456 76.3658
-0.0094400456 77.1654
-0.0094398456 75.1663
-0.0094396456 73.9669
-0.0094394456 75.966
-0.0094392456 76.3658
-0.0094390456 74.7665
-0.0094388456 77.1654
-0.0094386456 73.567
-0.0094384456 73.9669
-0.0094382456 76.3658
-0.0094380456 75.966
-0.0094378456 73.1672
-0.0094376456 75.1663
-0.0094374456 73.9669
-0.0094372456 70.7683
-0.0094370456 73.9669
-0.0094368456 77.5653
-0.0094366456 76.7656
-0.0094364456 71.1681
-0.0094362456 77.1654
-0.0094360456 76.7656
-0.0094358456 74.7665
-0.0094356456 72.7674
-0.0094354456 74.3667
-0.0094352456 75.1663
-0.0094350456 73.1672
-0.0094348456 73.9669
-0.0094346456 73.1672
-0.0094344456 72.7674
-0.0094342456 74.3667
-0.0094340456 73.567
-0.0094338456 73.567
-0.0094336456 73.1672
-0.0094334456 75.966
-0.0094332456 72.7674
-0.0094330456 70.3685
-0.0094328456 71.9678
-0.0094326456 72.7674
-0.0094324456 71.9678
-0.0094322456 72.3676
-0.0094320456 74.3667
-0.0094318456 73.9669
-0.0094316456 73.1672
-0.0094314456 71.5679
-0.0094312456 68.7692
-0.0094310456 71.5679
-0.0094308456 72.3676
-0.0094306456 72.7674
-0.0094304456 72.7674
-0.0094302456 72.3676
-0.0094300456 71.5679
-0.0094298456 70.3685
-0.0094296456 68.7692
-0.0094294456 71.1681
-0.0094292456 70.3685
-0.0094290456 72.7674
-0.0094288456 70.3685
-0.0094286456 71.5679
-0.0094284456 70.3685
-0.0094282456 69.5688
-0.0094280456 68.3694
-0.0094278456 72.3676
-0.0094276456 71.1681
-0.0094274456 70.7683
-0.0094272456 68.3694
-0.0094270456 70.3685
-0.0094268456 68.3694
-0.0094266456 72.3676
-0.0094264456 68.7692
-0.0094262456 69.9687
-0.0094260456 66.3703
-0.0094258456 69.169
-0.0094256456 71.1681
-0.0094254456 69.9687
-0.0094252456 71.5679
-0.0094250456 68.7692
-0.0094248456 72.3676
-0.0094246456 71.1681
-0.0094244456 71.5679
-0.0094242456 69.9687
-0.0094240456 71.9678
-0.0094238456 68.3694
-0.0094236456 70.7683
-0.0094234456 67.5697
-0.0094232456 70.3685
-0.0094230456 67.9695
-0.0094228456 69.9687
-0.0094226456 67.5697
-0.0094224456 68.7692
-0.0094222456 70.7683
-0.0094220456 70.7683
-0.0094218456 70.7683
-0.0094216456 69.169
-0.0094214456 66.7701
-0.0094212456 69.9687
-0.0094210456 70.3685
-0.0094208456 68.3694
-0.0094206456 71.5679
-0.0094204456 69.9687
-0.0094202456 69.169
-0.0094200456 66.3703
-0.0094198456 65.5706
-0.0094196456 66.3703
-0.0094194456 65.9704
-0.0094192456 68.3694
-0.0094190456 67.1699
-0.0094188456 68.3694
-0.0094186456 65.5706
-0.0094184456 66.7701
-0.0094182456 67.5697
-0.0094180456 66.7701
-0.0094178456 69.5688
-0.0094176456 67.5697
-0.0094174456 68.3694
-0.0094172456 65.9704
-0.0094170456 67.1699
-0.0094168456 69.9687
-0.0094166456 69.169
-0.0094164456 65.9704
-0.0094162456 64.3712
-0.0094160456 68.3694
-0.0094158456 67.9695
-0.0094156456 63.9713
-0.0094154456 67.5697
-0.0094152456 67.9695
-0.0094150456 68.7692
-0.0094148456 65.9704
-0.0094146456 67.1699
-0.0094144456 69.169
-0.0094142456 65.9704
-0.0094140456 65.5706
-0.0094138456 66.7701
-0.0094136456 68.7692
-0.0094134456 64.771
-0.0094132456 69.5688
-0.0094130456 68.3694
-0.0094128456 64.771
-0.0094126456 69.5688
-0.0094124456 65.5706
-0.0094122456 66.3703
-0.0094120456 66.7701
-0.0094118456 68.7692
-0.0094116456 66.7701
-0.0094114456 66.3703
-0.0094112456 65.1708
-0.0094110456 66.7701
-0.0094108456 65.9704
-0.0094106456 65.9704
-0.0094104456 66.7701
-0.0094102456 63.9713
-0.0094100456 64.3712
-0.0094098456 66.3703
-0.0094096456 67.1699
-0.0094094456 68.3694
-0.0094092456 66.7701
-0.0094090456 66.3703
-0.0094088456 64.771
-0.0094086456 62.7719
-0.0094084456 65.9704
-0.0094082456 65.5706
-0.0094080456 65.1708
-0.0094078456 64.3712
-0.0094076456 64.3712
-0.0094074456 63.1717
-0.0094072456 67.9695
-0.0094070456 63.5715
-0.0094068456 67.1699
-0.0094066456 64.3712
-0.0094064456 63.9713
-0.0094062456 63.9713
-0.0094060456 65.1708
-0.0094058456 64.3712
-0.0094056456 64.771
-0.0094054456 63.1717
-0.0094052456 63.9713
-0.0094050456 63.1717
-0.0094048456 63.5715
-0.0094046456 64.3712
-0.0094044456 62.7719
-0.0094042456 64.3712
-0.0094040456 63.1717
-0.0094038456 65.5706
-0.0094036456 61.5724
-0.0094034456 63.5715
-0.0094032456 65.5706
-0.0094030456 61.1726
-0.0094028456 63.9713
-0.0094026456 61.5724
-0.0094024456 63.9713
-0.0094022456 64.771
-0.0094020456 64.3712
-0.0094018456 63.1717
-0.0094016456 64.771
-0.0094014456 61.1726
-0.0094012456 62.3721
-0.0094010456 64.3712
-0.0094008456 62.7719
-0.0094006456 63.5715
-0.0094004456 65.9704
-0.0094002456 65.1708
-0.0094000456 64.771
-0.0093998456 63.5715
-0.0093996456 61.5724
-0.0093994456 63.9713
-0.0093992456 62.3721
-0.0093990456 62.3721
-0.0093988456 61.1726
-0.0093986456 61.5724
-0.0093984456 63.1717
-0.0093982456 63.9713
-0.0093980456 63.1717
-0.0093978456 61.5724
-0.0093976456 61.5724
-0.0093974456 64.771
-0.0093972456 61.5724
-0.0093970456 61.5724
-0.0093968456 61.9722
-0.0093966456 59.9731
-0.0093964456 64.771
-0.0093962456 60.7728
-0.0093960456 61.9722
-0.0093958456 62.7719
-0.0093956456 61.9722
-0.0093954456 62.7719
-0.0093952456 62.3721
-0.0093950456 64.771
-0.0093948456 60.7728
-0.0093946456 59.9731
-0.0093944456 60.7728
-0.0093942456 59.9731
-0.0093940456 61.1726
-0.0093938456 60.7728
-0.0093936456 60.373
-0.0093934456 60.7728
-0.0093932456 60.7728
-0.0093930456 62.7719
-0.0093928456 61.9722
-0.0093926456 59.1735
-0.0093924456 59.1735
-0.0093922456 59.9731
-0.0093920456 61.1726
-0.0093918456 59.9731
-0.0093916456 60.7728
-0.0093914456 60.7728
-0.0093912456 61.1726
-0.0093910456 60.7728
-0.0093908456 60.7728
-0.0093906456 58.3738
-0.0093904456 62.3721
-0.0093902456 60.7728
-0.0093900456 61.5724
-0.0093898456 59.9731
-0.0093896456 57.974
-0.0093894456 58.7737
-0.0093892456 57.974
-0.0093890456 58.7737
-0.0093888456 59.9731
-0.0093886456 57.5742
-0.0093884456 62.3721
-0.0093882456 61.5724
-0.0093880456 58.3738
-0.0093878456 60.7728
-0.0093876456 58.7737
-0.0093874456 59.9731
-0.0093872456 58.7737
-0.0093870456 58.3738
-0.0093868456 60.373
-0.0093866456 58.3738
-0.0093864456 59.1735
-0.0093862456 57.5742
-0.0093860456 58.7737
-0.0093858456 58.3738
-0.0093856456 59.9731
-0.0093854456 57.5742
-0.0093852456 59.5733
-0.0093850456 54.7755
-0.0093848456 58.3738
-0.0093846456 59.9731
-0.0093844456 57.974
-0.0093842456 56.7746
-0.0093840456 57.974
-0.0093838456 57.974
-0.0093836456 56.7746
-0.0093834456 57.974
-0.0093832456 53.9758
-0.0093830456 56.7746
-0.0093828456 57.974
-0.0093826456 57.1744
-0.0093824456 55.9749
-0.0093822456 55.5751
-0.0093820456 57.1744
-0.0093818456 55.5751
-0.0093816456 55.1753
-0.0093814456 55.5751
-0.0093812456 55.5751
-0.0093810456 55.1753
-0.0093808456 56.3747
-0.0093806456 53.576
-0.0093804456 55.9749
-0.0093802456 54.3756
-0.0093800456 55.5751
-0.0093798456 54.3756
-0.0093796456 53.576
-0.0093794456 53.1762
-0.0093792456 51.5769
-0.0093790456 56.7746
-0.0093788456 54.7755
-0.0093786456 55.5751
-0.0093784456 57.974
-0.0093782456 55.9749
-0.0093780456 53.1762
-0.0093778456 53.576
-0.0093776456 49.9776
-0.0093774456 55.1753
-0.0093772456 53.576
-0.0093770456 53.1762
-0.0093768456 53.1762
-0.0093766456 55.9749
-0.0093764456 51.9767
-0.0093762456 52.3765
-0.0093760456 50.7773
-0.0093758456 50.7773
-0.0093756456 50.3774
-0.0093754456 55.1753
-0.0093752456 50.3774
-0.0093750456 53.1762
-0.0093748456 53.576
-0.0093746456 52.7764
-0.0093744456 52.3765
-0.0093742456 51.1771
-0.0093740456 53.9758
-0.0093738456 49.178
-0.0093736456 52.3765
-0.0093734456 52.3765
-0.0093732456 54.3756
-0.0093730456 53.576
-0.0093728456 49.9776
-0.0093726456 51.1771
-0.0093724456 50.7773
-0.0093722456 49.9776
-0.0093720456 50.3774
-0.0093718456 48.7781
-0.0093716456 51.1771
-0.0093714456 50.3774
-0.0093712456 49.9776
-0.0093710456 51.9767
-0.0093708456 50.7773
-0.0093706456 51.1771
-0.0093704456 49.5778
-0.0093702456 49.9776
-0.0093700456 51.1771
-0.0093698456 52.7764
-0.0093696456 50.3774
-0.0093694456 49.9776
-0.0093692456 50.7773
-0.0093690456 50.3774
-0.0093688456 48.3783
-0.0093686456 47.5787
-0.0093684456 50.7773
-0.0093682456 48.3783
-0.0093680456 47.5787
-0.0093678456 47.9785
-0.0093676456 49.9776
-0.0093674456 51.1771
-0.0093672456 47.5787
-0.0093670456 48.7781
-0.0093668456 50.3774
-0.0093666456 47.9785
-0.0093664456 47.9785
-0.0093662456 47.9785
-0.0093660456 50.3774
-0.0093658456 48.7781
-0.0093656456 47.5787
-0.0093654456 49.9776
-0.0093652456 49.5778
-0.0093650456 46.779
-0.0093648456 49.5778
-0.0093646456 48.7781
-0.0093644456 47.5787
-0.0093642456 49.178
-0.0093640456 44.3801
-0.0093638456 49.178
-0.0093636456 47.5787
-0.0093634456 49.5778
-0.0093632456 47.5787
-0.0093630456 45.9794
-0.0093628456 45.9794
-0.0093626456 48.3783
-0.0093624456 47.1789
-0.0093622456 45.5796
-0.0093620456 48.3783
-0.0093618456 45.5796
-0.0093616456 49.5778
-0.0093614456 49.178
-0.0093612456 47.9785
-0.0093610456 47.5787
-0.0093608456 46.779
-0.0093606456 45.1798
-0.0093604456 48.7781
-0.0093602456 45.9794
-0.0093600456 46.779
-0.0093598456 47.9785
-0.0093596456 47.1789
-0.0093594456 46.3792
-0.0093592456 46.779
-0.0093590456 48.7781
-0.0093588456 50.3774
-0.0093586456 50.3774
-0.0093584456 46.3792
-0.0093582456 46.3792
-0.0093580456 50.3774
-0.0093578456 46.779
-0.0093576456 46.3792
-0.0093574456 47.1789
-0.0093572456 44.3801
-0.0093570456 47.5787
-0.0093568456 46.779
-0.0093566456 46.3792
-0.0093564456 44.7799
-0.0093562456 48.7781
-0.0093560456 45.1798
-0.0093558456 45.9794
-0.0093556456 45.5796
-0.0093554456 44.3801
-0.0093552456 44.7799
-0.0093550456 45.5796
-0.0093548456 43.5805
-0.0093546456 45.9794
-0.0093544456 44.7799
-0.0093542456 44.3801
-0.0093540456 44.7799
-0.0093538456 43.9803
-0.0093536456 45.9794
-0.0093534456 45.5796
-0.0093532456 43.5805
-0.0093530456 43.5805
-0.0093528456 43.9803
-0.0093526456 43.5805
-0.0093524456 43.5805
-0.0093522456 44.3801
-0.0093520456 43.9803
-0.0093518456 44.3801
-0.0093516456 45.1798
-0.0093514456 44.7799
-0.0093512456 42.7808
-0.0093510456 45.5796
-0.0093508456 42.7808
-0.0093506456 43.5805
-0.0093504456 43.9803
-0.0093502456 47.1789
-0.0093500456 41.1816
-0.0093498456 43.9803
-0.0093496456 42.7808
-0.0093494456 44.3801
-0.0093492456 45.1798
-0.0093490456 42.381
-0.0093488456 44.3801
-0.0093486456 43.5805
-0.0093484456 43.1807
-0.0093482456 42.381
-0.0093480456 41.9812
-0.0093478456 40.7817
-0.0093476456 43.9803
-0.0093474456 43.1807
-0.0093472456 42.381
-0.0093470456 40.7817
-0.0093468456 41.1816
-0.0093466456 40.3819
-0.0093464456 41.1816
-0.0093462456 42.7808
-0.0093460456 40.7817
-0.0093458456 39.9821
-0.0093456456 41.5814
-0.0093454456 39.9821
-0.0093452456 40.7817
-0.0093450456 41.1816
-0.0093448456 39.5823
-0.0093446456 39.1824
-0.0093444456 41.1816
-0.0093442456 41.5814
-0.0093440456 39.5823
-0.0093438456 40.7817
-0.0093436456 39.5823
-0.0093434456 41.9812
-0.0093432456 41.9812
-0.0093430456 41.5814
-0.0093428456 39.1824
-0.0093426456 40.7817
-0.0093424456 38.7826
-0.0093422456 38.7826
-0.0093420456 39.5823
-0.0093418456 38.7826
-0.0093416456 39.1824
-0.0093414456 40.7817
-0.0093412456 39.9821
-0.0093410456 41.1816
-0.0093408456 39.1824
-0.0093406456 40.3819
-0.0093404456 39.1824
-0.0093402456 40.7817
-0.0093400456 37.983
-0.0093398456 38.3828
-0.0093396456 37.983
-0.0093394456 34.7844
-0.0093392456 38.3828
-0.0093390456 38.3828
-0.0093388456 39.9821
-0.0093386456 35.9839
-0.0093384456 37.983
-0.0093382456 39.5823
-0.0093380456 39.1824
-0.0093378456 38.3828
-0.0093376456 37.1833
-0.0093374456 37.1833
-0.0093372456 35.5841
-0.0093370456 35.1842
-0.0093368456 35.5841
-0.0093366456 35.9839
-0.0093364456 37.983
-0.0093362456 40.3819
-0.0093360456 38.7826
-0.0093358456 35.5841
-0.0093356456 36.3837
-0.0093354456 36.7835
-0.0093352456 36.7835
-0.0093350456 34.3846
-0.0093348456 35.5841
-0.0093346456 35.9839
-0.0093344456 33.9848
-0.0093342456 35.5841
-0.0093340456 37.1833
-0.0093338456 33.585
-0.0093336456 35.5841
-0.0093334456 34.3846
-0.0093332456 33.9848
-0.0093330456 35.5841
-0.0093328456 33.1851
-0.0093326456 32.7853
-0.0093324456 32.7853
-0.0093322456 34.7844
-0.0093320456 35.5841
-0.0093318456 33.585
-0.0093316456 36.7835
-0.0093314456 34.7844
-0.0093312456 34.7844
-0.0093310456 35.1842
-0.0093308456 32.7853
-0.0093306456 33.1851
-0.0093304456 33.9848
-0.0093302456 34.7844
-0.0093300456 34.7844
-0.0093298456 33.9848
-0.0093296456 31.9857
-0.0093294456 34.3846
-0.0093292456 35.1842
-0.0093290456 33.585
-0.0093288456 33.1851
-0.0093286456 35.1842
-0.0093284456 31.9857
-0.0093282456 31.5858
-0.0093280456 31.186
-0.0093278456 33.585
-0.0093276456 31.5858
-0.0093274456 29.1869
-0.0093272456 33.585
-0.0093270456 31.9857
-0.0093268456 33.1851
-0.0093266456 31.5858
-0.0093264456 33.585
-0.0093262456 31.186
-0.0093260456 29.9866
-0.0093258456 31.5858
-0.0093256456 30.7862
-0.0093254456 30.3864
-0.0093252456 30.3864
-0.0093250456 30.3864
-0.0093248456 31.5858
-0.0093246456 29.9866
-0.0093244456 29.5867
-0.0093242456 31.186
-0.0093240456 30.3864
-0.0093238456 31.9857
-0.0093236456 30.7862
-0.0093234456 28.7871
-0.0093232456 29.5867
-0.0093230456 29.9866
-0.0093228456 29.1869
-0.0093226456 26.788
-0.0093224456 28.7871
-0.0093222456 29.5867
-0.0093220456 30.7862
-0.0093218456 29.9866
-0.0093216456 25.5885
-0.0093214456 29.5867
-0.0093212456 29.9866
-0.0093210456 27.1878
-0.0093208456 29.9866
-0.0093206456 27.1878
-0.0093204456 28.7871
-0.0093202456 29.5867
-0.0093200456 30.7862
-0.0093198456 29.9866
-0.0093196456 29.1869
-0.0093194456 28.3873
-0.0093192456 29.1869
-0.0093190456 30.7862
-0.0093188456 29.9866
-0.0093186456 28.3873
-0.0093184456 25.9884
-0.0093182456 29.5867
-0.0093180456 27.5876
-0.0093178456 27.5876
-0.0093176456 27.5876
-0.0093174456 27.9875
-0.0093172456 28.3873
-0.0093170456 27.1878
-0.0093168456 27.1878
-0.0093166456 28.7871
-0.0093164456 29.5867
-0.0093162456 26.3882
-0.0093160456 25.5885
-0.0093158456 29.5867
-0.0093156456 27.1878
-0.0093154456 27.9875
-0.0093152456 27.9875
-0.0093150456 28.7871
-0.0093148456 26.788
-0.0093146456 25.9884
-0.0093144456 24.7889
-0.0093142456 24.7889
-0.0093140456 27.5876
-0.0093138456 26.3882
-0.0093136456 26.3882
-0.0093134456 26.3882
-0.0093132456 25.9884
-0.0093130456 26.3882
-0.0093128456 24.3891
-0.0093126456 25.5885
-0.0093124456 26.788
-0.0093122456 27.9875
-0.0093120456 28.3873
-0.0093118456 24.7889
-0.0093116456 25.9884
-0.0093114456 25.9884
-0.0093112456 26.3882
-0.0093110456 25.9884
-0.0093108456 25.1887
-0.0093106456 26.3882
-0.0093104456 26.788
-0.0093102456 26.788
-0.0093100456 25.5885
-0.0093098456 25.5885
-0.0093096456 25.1887
-0.0093094456 24.7889
-0.0093092456 23.5894
-0.0093090456 25.9884
-0.0093088456 26.3882
-0.0093086456 23.9893
-0.0093084456 26.3882
-0.0093082456 25.9884
-0.0093080456 22.39
-0.0093078456 25.1887
-0.0093076456 23.5894
-0.0093074456 23.1896
-0.0093072456 25.9884
-0.0093070456 23.5894
-0.0093068456 23.1896
-0.0093066456 23.1896
-0.0093064456 23.9893
-0.0093062456 22.39
-0.0093060456 25.5885
-0.0093058456 25.1887
-0.0093056456 24.7889
-0.0093054456 25.1887
-0.0093052456 23.1896
-0.0093050456 24.7889
-0.0093048456 21.5903
-0.0093046456 22.39
-0.0093044456 23.5894
-0.0093042456 21.5903
-0.0093040456 22.7898
-0.0093038456 21.9901
-0.0093036456 22.7898
-0.0093034456 22.39
-0.0093032456 20.7907
-0.0093030456 22.7898
-0.0093028456 25.1887
-0.0093026456 21.1905
-0.0093024456 21.9901
-0.0093022456 22.39
-0.0093020456 21.5903
-0.0093018456 22.7898
-0.0093016456 23.5894
-0.0093014456 23.5894
-0.0093012456 22.39
-0.0093010456 21.1905
-0.0093008456 20.7907
-0.0093006456 21.9901
-0.0093004456 22.39
-0.0093002456 22.7898
-0.0093000456 23.5894
-0.0092998456 21.9901
-0.0092996456 21.5903
-0.0092994456 21.5903
-0.0092992456 25.1887
-0.0092990456 19.5912
-0.0092988456 21.1905
-0.0092986456 20.7907
-0.0092984456 20.7907
-0.0092982456 20.7907
-0.0092980456 21.5903
-0.0092978456 21.1905
-0.0092976456 22.39
-0.0092974456 21.9901
-0.0092972456 21.5903
-0.0092970456 20.3909
-0.0092968456 19.1914
-0.0092966456 20.3909
-0.0092964456 19.991
-0.0092962456 19.5912
-0.0092960456 19.1914
-0.0092958456 20.7907
-0.0092956456 21.1905
-0.0092954456 19.5912
-0.0092952456 19.991
-0.0092950456 21.1905
-0.0092948456 19.991
-0.0092946456 16.7925
-0.0092944456 17.5921
-0.0092942456 15.1932
-0.0092940456 19.991
-0.0092938456 19.1914
-0.0092936456 19.1914
-0.0092934456 16.7925
-0.0092932456 16.7925
-0.0092930456 18.7916
-0.0092928456 18.7916
-0.0092926456 17.9919
-0.0092924456 17.5921
-0.0092922456 17.1923
-0.0092920456 16.7925
-0.0092918456 15.1932
-0.0092916456 17.5921
-0.0092914456 19.5912
-0.0092912456 20.7907
-0.0092910456 16.7925
-0.0092908456 17.9919
-0.0092906456 17.1923
-0.0092904456 18.7916
-0.0092902456 15.9928
-0.0092900456 14.3936
-0.0092898456 18.7916
-0.0092896456 15.9928
-0.0092894456 17.9919
-0.0092892456 17.1923
-0.0092890456 17.9919
-0.0092888456 15.9928
-0.0092886456 17.9919
-0.0092884456 18.3918
-0.0092882456 18.3918
-0.0092880456 15.593
-0.0092878456 17.1923
-0.0092876456 16.7925
-0.0092874456 16.3927
-0.0092872456 16.7925
-0.0092870456 18.3918
-0.0092868456 16.7925
-0.0092866456 16.7925
-0.0092864456 12.3944
-0.0092862456 17.9919
-0.0092860456 14.7934
-0.0092858456 15.9928
-0.0092856456 16.3927
-0.0092854456 15.1932
-0.0092852456 13.9937
-0.0092850456 15.1932
-0.0092848456 13.1941
-0.0092846456 15.1932
-0.0092844456 15.9928
-0.0092842456 14.3936
-0.0092840456 14.3936
-0.0092838456 13.9937
-0.0092836456 15.1932
-0.0092834456 16.3927
-0.0092832456 13.1941
-0.0092830456 15.593
-0.0092828456 14.3936
-0.0092826456 13.1941
-0.0092824456 16.3927
-0.0092822456 14.7934
-0.0092820456 11.9946
-0.0092818456 16.3927
-0.0092816456 14.7934
-0.0092814456 11.9946
-0.0092812456 14.7934
-0.0092810456 13.9937
-0.0092808456 13.9937
-0.0092806456 14.7934
-0.0092804456 13.5939
-0.0092802456 12.3944
-0.0092800456 12.7943
-0.0092798456 12.3944
-0.0092796456 11.5948
-0.0092794456 12.3944
-0.0092792456 14.7934
-0.0092790456 12.3944
-0.0092788456 11.9946
-0.0092786456 11.9946
-0.0092784456 13.5939
-0.0092782456 12.7943
-0.0092780456 9.5957
-0.0092778456 13.1941
-0.0092776456 12.3944
-0.0092774456 13.5939
-0.0092772456 12.7943
-0.0092770456 9.99552
-0.0092768456 11.5948
-0.0092766456 12.7943
-0.0092764456 11.9946
-0.0092762456 9.5957
-0.0092760456 11.195
-0.0092758456 12.3944
-0.0092756456 14.7934
-0.0092754456 11.9946
-0.0092752456 9.5957
-0.0092750456 9.5957
-0.0092748456 8.39624
-0.0092746456 11.195
-0.0092744456 10.7952
-0.0092742456 12.7943
-0.0092740456 11.5948
-0.0092738456 10.7952
-0.0092736456 10.7952
-0.0092734456 10.3953
-0.0092732456 7.5966
-0.0092730456 7.99642
-0.0092728456 5.19767
-0.0092726456 10.7952
-0.0092724456 9.5957
-0.0092722456 11.9946
-0.0092720456 9.5957
-0.0092718456 9.99552
-0.0092716456 9.5957
-0.0092714456 9.19588
-0.0092712456 8.39624
-0.0092710456 7.99642
-0.0092708456 9.19588
-0.0092706456 7.19678
-0.0092704456 8.39624
-0.0092702456 8.79606
-0.0092700456 10.7952
-0.0092698456 7.5966
-0.0092696456 8.79606
-0.0092694456 12.7943
-0.0092692456 7.99642
-0.0092690456 9.99552
-0.0092688456 8.79606
-0.0092686456 7.99642
-0.0092684456 7.19678
-0.0092682456 7.5966
-0.0092680456 7.99642
-0.0092678456 5.99731
-0.0092676456 8.79606
-0.0092674456 5.59749
-0.0092672456 5.99731
-0.0092670456 8.79606
-0.0092668456 6.39713
-0.0092666456 7.5966
-0.0092664456 7.19678
-0.0092662456 9.5957
-0.0092660456 4.39803
-0.0092658456 6.79695
-0.0092656456 6.79695
-0.0092654456 4.79785
-0.0092652456 7.99642
-0.0092650456 6.79695
-0.0092648456 7.5966
-0.0092646456 3.99821
-0.0092644456 5.99731
-0.0092642456 5.59749
-0.0092640456 6.79695
-0.0092638456 6.79695
-0.0092636456 7.19678
-0.0092634456 5.19767
-0.0092632456 7.19678
-0.0092630456 5.59749
-0.0092628456 6.79695
-0.0092626456 5.99731
-0.0092624456 5.59749
-0.0092622456 5.99731
-0.0092620456 6.79695
-0.0092618456 5.19767
-0.0092616456 3.99821
-0.0092614456 3.19857
-0.0092612456 5.99731
-0.0092610456 3.59839
-0.0092608456 5.59749
-0.0092606456 3.59839
-0.0092604456 6.39713
-0.0092602456 3.19857
-0.0092600456 6.79695
-0.0092598456 7.5966
-0.0092596456 3.99821
-0.0092594456 3.59839
-0.0092592456 4.79785
-0.0092590456 5.59749
-0.0092588456 1.59928
-0.0092586456 2.79875
-0.0092584456 5.19767
-0.0092582456 4.79785
-0.0092580456 3.99821
-0.0092578456 2.39893
-0.0092576456 3.19857
-0.0092574456 5.99731
-0.0092572456 2.79875
-0.0092570456 6.79695
-0.0092568456 3.99821
-0.0092566456 5.19767
-0.0092564456 1.9991
-0.0092562456 2.39893
-0.0092560456 1.59928
-0.0092558456 4.39803
-0.0092556456 3.99821
-0.0092554456 1.19946
-0.0092552456 2.79875
-0.0092550456 1.19946
-0.0092548456 1.9991
-0.0092546456 1.59928
-0.0092544456 0.399821
-0.0092542456 0.399821
-0.0092540456 1.19946
-0.0092538456 1.59928
-0.0092536456 3.19857
-0.0092534456 2.39893
-0.0092532456 2.79875
-0.0092530456 0.799642
-0.0092528456 2.39893
-0.0092526456 3.19857
-0.0092524456 2.79875
-0.0092522456 1.19946
-0.0092520456 2.79875
-0.0092518456 2.39893
-0.0092516456 1.9991
-0.0092514456 0.399821
-0.0092512456 1.59928
-0.0092510456 3.19857
-0.0092508456 0.399821
-0.0092506456 1.9991
-0.0092504456 2.79875
-0.0092502456 0.399821
-0.0092500456 -0.799642
-0.0092498456 0.799642
-0.0092496456 1.19946
-0.0092494456 0.399821
-0.0092492456 1.19946
-0.0092490456 0.399821
-0.0092488456 1.9991
-0.0092486456 0.799642
-0.0092484456 0.799642
-0.0092482456 0
-0.0092480456 1.59928
-0.0092478456 -1.19946
-0.0092476456 1.59928
-0.0092474456 0
-0.0092472456 0
-0.0092470456 -0.399821
-0.0092468456 0.399821
-0.0092466456 -1.19946
-0.0092464456 1.19946
-0.0092462456 0
-0.0092460456 -2.39893
-0.0092458456 0.399821
-0.0092456456 -0.399821
-0.0092454456 -2.39893
-0.0092452456 0
-0.0092450456 0.399821
-0.0092448456 0.399821
-0.0092446456 -1.9991
-0.0092444456 -0.799642
-0.0092442456 0
-0.0092440456 -1.59928
-0.0092438456 -0.799642
-0.0092436456 -1.19946
-0.0092434456 -2.79875
-0.0092432456 0
-0.0092430456 -2.39893
-0.0092428456 -0.399821
-0.0092426456 -1.59928
-0.0092424456 -1.9991
-0.0092422456 -1.19946
-0.0092420456 -3.59839
-0.0092418456 -3.99821
-0.0092416456 0.399821
-0.0092414456 -1.59928
-0.0092412456 -2.39893
-0.0092410456 -1.9991
-0.0092408456 -2.79875
-0.0092406456 -1.59928
-0.0092404456 -3.19857
-0.0092402456 -3.59839
-0.0092400456 -2.79875
-0.0092398456 -3.59839
-0.0092396456 -3.19857
-0.0092394456 1.9991
-0.0092392456 -3.99821
-0.0092390456 -1.19946
-0.0092388456 -4.79785
-0.0092386456 -3.99821
-0.0092384456 -3.19857
-0.0092382456 -2.39893
-0.0092380456 -3.19857
-0.0092378456 -2.79875
-0.0092376456 -4.79785
-0.0092374456 -3.59839
-0.0092372456 -3.59839
-0.0092370456 -2.79875
-0.0092368456 -2.39893
-0.0092366456 -3.59839
-0.0092364456 -6.79695
-0.0092362456 -4.39803
-0.0092360456 -4.79785
-0.0092358456 -5.19767
-0.0092356456 -5.59749
-0.0092354456 -4.39803
-0.0092352456 -5.59749
-0.0092350456 -5.99731
-0.0092348456 -6.39713
-0.0092346456 -4.39803
-0.0092344456 -5.99731
-0.0092342456 -6.79695
-0.0092340456 -6.79695
-0.0092338456 -5.59749
-0.0092336456 -6.39713
-0.0092334456 -3.99821
-0.0092332456 -4.79785
-0.0092330456 -7.19678
-0.0092328456 -8.39624
-0.0092326456 -4.39803
-0.0092324456 -6.39713
-0.0092322456 -9.99552
-0.0092320456 -5.59749
-0.0092318456 -3.99821
-0.0092316456 -7.19678
-0.0092314456 -7.5966
-0.0092312456 -6.39713
-0.0092310456 -10.3953
-0.0092308456 -7.5966
-0.0092306456 -5.59749
-0.0092304456 -9.5957
-0.0092302456 -7.5966
-0.0092300456 -11.195
-0.0092298456 -8.39624
-0.0092296456 -7.5966
-0.0092294456 -6.39713
-0.0092292456 -7.99642
-0.0092290456 -9.5957
-0.0092288456 -7.19678
-0.0092286456 -9.5957
-0.0092284456 -7.99642
-0.0092282456 -8.39624
-0.0092280456 -11.5948
-0.0092278456 -9.19588
-0.0092276456 -10.7952
-0.0092274456 -10.7952
-0.0092272456 -6.39713
-0.0092270456 -7.99642
-0.0092268456 -10.7952
-0.0092266456 -10.3953
-0.0092264456 -8.79606
-0.0092262456 -12.7943
-0.0092260456 -12.3944
-0.0092258456 -10.7952
-0.0092256456 -8.79606
-0.0092254456 -10.3953
-0.0092252456 -10.7952
-0.0092250456 -9.99552
-0.0092248456 -13.9937
-0.0092246456 -11.9946
-0.0092244456 -9.99552
-0.0092242456 -11.9946
-0.0092240456 -10.3953
-0.0092238456 -11.5948
-0.0092236456 -10.3953
-0.0092234456 -12.3944
-0.0092232456 -11.9946
-0.0092230456 -13.1941
-0.0092228456 -11.9946
-0.0092226456 -11.9946
-0.0092224456 -11.195
-0.0092222456 -13.1941
-0.0092220456 -9.99552
-0.0092218456 -12.7943
-0.0092216456 -11.9946
-0.0092214456 -13.5939
-0.0092212456 -12.7943
-0.0092210456 -13.9937
-0.0092208456 -12.3944
-0.0092206456 -11.9946
-0.0092204456 -9.5957
-0.0092202456 -13.5939
-0.0092200456 -11.5948
-0.0092198456 -11.5948
-0.0092196456 -13.1941
-0.0092194456 -11.5948
-0.0092192456 -12.3944
-0.0092190456 -13.5939
-0.0092188456 -14.3936
-0.0092186456 -13.1941
-0.0092184456 -11.5948
-0.0092182456 -13.9937
-0.0092180456 -13.1941
-0.0092178456 -11.5948
-0.0092176456 -12.3944
-0.0092174456 -11.5948
-0.0092172456 -10.7952
-0.0092170456 -12.7943
-0.0092168456 -13.5939
-0.0092166456 -18.3918
-0.0092164456 -14.3936
-0.0092162456 -16.3927
-0.0092160456 -12.3944
-0.0092158456 -14.3936
-0.0092156456 -12.7943
-0.0092154456 -15.9928
-0.0092152456 -16.3927
-0.0092150456 -13.5939
-0.0092148456 -14.7934
-0.0092146456 -13.5939
-0.0092144456 -13.1941
-0.0092142456 -12.7943
-0.0092140456 -14.7934
-0.0092138456 -13.1941
-0.0092136456 -15.1932
-0.0092134456 -15.593
-0.0092132456 -15.1932
-0.0092130456 -15.9928
-0.0092128456 -13.9937
-0.0092126456 -15.1932
-0.0092124456 -15.9928
-0.0092122456 -14.3936
-0.0092120456 -16.3927
-0.0092118456 -15.9928
-0.0092116456 -16.7925
-0.0092114456 -13.9937
-0.0092112456 -16.3927
-0.0092110456 -14.3936
-0.0092108456 -14.3936
-0.0092106456 -14.3936
-0.0092104456 -14.7934
-0.0092102456 -16.7925
-0.0092100456 -15.593
-0.0092098456 -15.9928
-0.0092096456 -17.5921
-0.0092094456 -14.3936
-0.0092092456 -14.7934
-0.0092090456 -14.7934
-0.0092088456 -18.3918
-0.0092086456 -17.9919
-0.0092084456 -16.3927
-0.0092082456 -17.1923
-0.0092080456 -17.9919
-0.0092078456 -19.1914
-0.0092076456 -16.3927
-0.0092074456 -16.7925
-0.0092072456 -16.3927
-0.0092070456 -16.7925
-0.0092068456 -17.9919
-0.0092066456 -17.9919
-0.0092064456 -15.593
-0.0092062456 -19.1914
-0.0092060456 -18.3918
-0.0092058456 -18.3918
-0.0092056456 -17.5921
-0.0092054456 -16.7925
-0.0092052456 -17.9919
-0.0092050456 -18.3918
-0.0092048456 -17.1923
-0.0092046456 -17.1923
-0.0092044456 -19.5912
-0.0092042456 -16.7925
-0.0092040456 -19.1914
-0.0092038456 -19.991
-0.0092036456 -19.5912
-0.0092034456 -19.5912
-0.0092032456 -17.9919
-0.0092030456 -20.3909
-0.0092028456 -21.1905
-0.0092026456 -17.9919
-0.0092024456 -18.7916
-0.0092022456 -17.1923
-0.0092020456 -18.3918
-0.0092018456 -20.7907
-0.0092016456 -21.9901
-0.0092014456 -21.5903
-0.0092012456 -21.1905
-0.0092010456 -22.39
-0.0092008456 -18.3918
-0.0092006456 -21.9901
-0.0092004456 -19.5912
-0.0092002456 -21.9901
-0.0092000456 -20.3909
-0.0091998456 -21.5903
-0.0091996456 -20.3909
-0.0091994456 -18.7916
-0.0091992456 -20.7907
-0.0091990456 -18.3918
-0.0091988456 -18.7916
-0.0091986456 -20.3909
-0.0091984456 -21.9901
-0.0091982456 -22.7898
-0.0091980456 -23.1896
-0.0091978456 -19.5912
-0.0091976456 -24.3891
-0.0091974456 -21.5903
-0.0091972456 -24.7889
-0.0091970456 -21.5903
-0.0091968456 -20.7907
-0.0091966456 -21.9901
-0.0091964456 -22.39
-0.0091962456 -21.5903
-0.0091960456 -24.3891
-0.0091958456 -21.1905
-0.0091956456 -21.9901
-0.0091954456 -22.7898
-0.0091952456 -22.7898
-0.0091950456 -24.7889
-0.0091948456 -24.7889
-0.0091946456 -22.7898
-0.0091944456 -23.9893
-0.0091942456 -24.3891
-0.0091940456 -20.3909
-0.0091938456 -21.1905
-0.0091936456 -24.3891
-0.0091934456 -23.9893
-0.0091932456 -25.9884
-0.0091930456 -22.7898
-0.0091928456 -25.9884
-0.0091926456 -24.3891
-0.0091924456 -22.7898
-0.0091922456 -26.3882
-0.0091920456 -23.1896
-0.0091918456 -27.5876
-0.0091916456 -25.9884
-0.0091914456 -23.9893
-0.0091912456 -22.7898
-0.0091910456 -27.1878
-0.0091908456 -25.1887
-0.0091906456 -27.1878
-0.0091904456 -23.9893
-0.0091902456 -26.3882
-0.0091900456 -24.7889
-0.0091898456 -26.3882
-0.0091896456 -26.788
-0.0091894456 -25.9884
-0.0091892456 -25.9884
-0.0091890456 -25.9884
-0.0091888456 -26.788
-0.0091886456 -25.1887
-0.0091884456 -23.5894
-0.0091882456 -27.1878
-0.0091880456 -25.9884
-0.0091878456 -26.3882
-0.0091876456 -27.1878
-0.0091874456 -26.788
-0.0091872456 -27.1878
-0.0091870456 -28.3873
-0.0091868456 -27.5876
-0.0091866456 -24.7889
-0.0091864456 -26.3882
-0.0091862456 -28.3873
-0.0091860456 -28.7871
-0.0091858456 -30.3864
-0.0091856456 -29.5867
-0.0091854456 -28.7871
-0.0091852456 -28.7871
-0.0091850456 -30.7862
-0.0091848456 -27.5876
-0.0091846456 -28.3873
-0.0091844456 -28.3873
-0.0091842456 -29.5867
-0.0091840456 -27.5876
-0.0091838456 -27.9875
-0.0091836456 -26.3882
-0.0091834456 -27.9875
-0.0091832456 -29.1869
-0.0091830456 -30.7862
-0.0091828456 -27.5876
-0.0091826456 -29.9866
-0.0091824456 -28.7871
-0.0091822456 -27.5876
-0.0091820456 -29.5867
-0.0091818456 -30.3864
-0.0091816456 -29.5867
-0.0091814456 -28.7871
-0.0091812456 -31.5858
-0.0091810456 -30.3864
-0.0091808456 -29.1869
-0.0091806456 -31.186
-0.0091804456 -30.3864
-0.0091802456 -31.186
-0.0091800456 -30.7862
-0.0091798456 -29.9866
-0.0091796456 -32.7853
-0.0091794456 -30.3864
-0.0091792456 -32.3855
-0.0091790456 -31.5858
-0.0091788456 -31.186
-0.0091786456 -29.1869
-0.0091784456 -33.585
-0.0091782456 -28.7871
-0.0091780456 -31.5858
-0.0091778456 -30.7862
-0.0091776456 -28.7871
-0.0091774456 -31.186
-0.0091772456 -33.1851
-0.0091770456 -31.186
-0.0091768456 -32.3855
-0.0091766456 -31.186
-0.0091764456 -31.5858
-0.0091762456 -32.3855
-0.0091760456 -31.9857
-0.0091758456 -31.5858
-0.0091756456 -32.7853
-0.0091754456 -33.1851
-0.0091752456 -34.3846
-0.0091750456 -31.5858
-0.0091748456 -31.5858
-0.0091746456 -32.3855
-0.0091744456 -30.7862
-0.0091742456 -31.9857
-0.0091740456 -31.186
-0.0091738456 -32.3855
-0.0091736456 -35.9839
-0.0091734456 -34.7844
-0.0091732456 -34.3846
-0.0091730456 -30.7862
-0.0091728456 -32.7853
-0.0091726456 -34.3846
-0.0091724456 -32.7853
-0.0091722456 -32.7853
-0.0091720456 -33.9848
-0.0091718456 -34.7844
-0.0091716456 -33.9848
-0.0091714456 -37.983
-0.0091712456 -33.585
-0.0091710456 -36.3837
-0.0091708456 -35.1842
-0.0091706456 -35.9839
-0.0091704456 -35.9839
-0.0091702456 -35.5841
-0.0091700456 -35.9839
-0.0091698456 -36.3837
-0.0091696456 -34.7844
-0.0091694456 -38.3828
-0.0091692456 -36.3837
-0.0091690456 -35.9839
-0.0091688456 -36.7835
-0.0091686456 -35.5841
-0.0091684456 -35.5841
-0.0091682456 -34.7844
-0.0091680456 -37.1833
-0.0091678456 -38.3828
-0.0091676456 -35.5841
-0.0091674456 -37.1833
-0.0091672456 -36.7835
-0.0091670456 -36.3837
-0.0091668456 -37.1833
-0.0091666456 -34.7844
-0.0091664456 -38.3828
-0.0091662456 -39.9821
-0.0091660456 -33.9848
-0.0091658456 -36.7835
-0.0091656456 -35.5841
-0.0091654456 -36.7835
-0.0091652456 -36.3837
-0.0091650456 -36.3837
-0.0091648456 -37.1833
-0.0091646456 -37.5832
-0.0091644456 -36.3837
-0.0091642456 -37.5832
-0.0091640456 -37.1833
-0.0091638456 -40.3819
-0.0091636456 -35.9839
-0.0091634456 -39.5823
-0.0091632456 -38.7826
-0.0091630456 -39.1824
-0.0091628456 -39.1824
-0.0091626456 -39.9821
-0.0091624456 -37.1833
-0.0091622456 -39.5823
-0.0091620456 -39.1824
-0.0091618456 -40.3819
-0.0091616456 -40.7817
-0.0091614456 -40.3819
-0.0091612456 -39.5823
-0.0091610456 -39.1824
-0.0091608456 -39.9821
-0.0091606456 -38.7826
-0.0091604456 -37.983
-0.0091602456 -39.5823
-0.0091600456 -37.1833
-0.0091598456 -41.5814
-0.0091596456 -39.9821
-0.0091594456 -37.983
-0.0091592456 -39.9821
-0.0091590456 -37.5832
-0.0091588456 -42.7808
-0.0091586456 -43.9803
-0.0091584456 -41.5814
-0.0091582456 -42.381
-0.0091580456 -41.5814
-0.0091578456 -40.7817
-0.0091576456 -37.983
-0.0091574456 -40.3819
-0.0091572456 -41.9812
-0.0091570456 -40.7817
-0.0091568456 -40.7817
-0.0091566456 -39.1824
-0.0091564456 -43.1807
-0.0091562456 -40.7817
-0.0091560456 -39.5823
-0.0091558456 -40.3819
-0.0091556456 -41.9812
-0.0091554456 -43.5805
-0.0091552456 -42.7808
-0.0091550456 -40.7817
-0.0091548456 -41.5814
-0.0091546456 -43.1807
-0.0091544456 -41.1816
-0.0091542456 -41.9812
-0.0091540456 -41.9812
-0.0091538456 -44.7799
-0.0091536456 -43.1807
-0.0091534456 -40.3819
-0.0091532456 -43.5805
-0.0091530456 -41.5814
-0.0091528456 -43.5805
-0.0091526456 -40.3819
-0.0091524456 -41.1816
-0.0091522456 -42.7808
-0.0091520456 -41.9812
-0.0091518456 -42.7808
-0.0091516456 -41.1816
-0.0091514456 -43.1807
-0.0091512456 -42.381
-0.0091510456 -42.381
-0.0091508456 -44.7799
-0.0091506456 -44.7799
-0.0091504456 -42.381
-0.0091502456 -43.5805
-0.0091500456 -43.1807
-0.0091498456 -44.7799
-0.0091496456 -43.9803
-0.0091494456 -44.3801
-0.0091492456 -45.1798
-0.0091490456 -43.9803
-0.0091488456 -41.9812
-0.0091486456 -45.1798
-0.0091484456 -41.5814
-0.0091482456 -41.9812
-0.0091480456 -45.5796
-0.0091478456 -44.3801
-0.0091476456 -43.9803
-0.0091474456 -43.5805
-0.0091472456 -43.5805
-0.0091470456 -44.7799
-0.0091468456 -44.3801
-0.0091466456 -43.9803
-0.0091464456 -43.5805
-0.0091462456 -43.1807
-0.0091460456 -43.9803
-0.0091458456 -43.9803
-0.0091456456 -44.7799
-0.0091454456 -45.1798
-0.0091452456 -45.1798
-0.0091450456 -43.9803
-0.0091448456 -44.3801
-0.0091446456 -45.1798
-0.0091444456 -45.1798
-0.0091442456 -45.1798
-0.0091440456 -45.1798
-0.0091438456 -45.1798
-0.0091436456 -44.7799
-0.0091434456 -45.1798
-0.0091432456 -43.5805
-0.0091430456 -45.1798
-0.0091428456 -45.5796
-0.0091426456 -45.1798
-0.0091424456 -45.1798
-0.0091422456 -45.1798
-0.0091420456 -46.3792
-0.0091418456 -43.9803
-0.0091416456 -45.5796
-0.0091414456 -45.1798
-0.0091412456 -47.1789
-0.0091410456 -42.7808
-0.0091408456 -45.1798
-0.0091406456 -45.9794
-0.0091404456 -45.9794
-0.0091402456 -45.5796
-0.0091400456 -46.779
-0.0091398456 -44.7799
-0.0091396456 -45.5796
-0.0091394456 -45.9794
-0.0091392456 -46.3792
-0.0091390456 -45.1798
-0.0091388456 -45.5796
-0.0091386456 -45.9794
-0.0091384456 -47.1789
-0.0091382456 -48.3783
-0.0091380456 -44.3801
-0.0091378456 -45.9794
-0.0091376456 -47.1789
-0.0091374456 -46.779
-0.0091372456 -46.3792
-0.0091370456 -50.3774
-0.0091368456 -51.5769
-0.0091366456 -45.1798
-0.0091364456 -47.1789
-0.0091362456 -48.7781
-0.0091360456 -47.5787
-0.0091358456 -47.9785
-0.0091356456 -45.5796
-0.0091354456 -45.1798
-0.0091352456 -48.7781
-0.0091350456 -48.7781
-0.0091348456 -45.9794
-0.0091346456 -46.779
-0.0091344456 -50.7773
-0.0091342456 -50.3774
-0.0091340456 -48.7781
-0.0091338456 -47.1789
-0.0091336456 -48.7781
-0.0091334456 -50.3774
-0.0091332456 -49.5778
-0.0091330456 -46.779
-0.0091328456 -50.7773
-0.0091326456 -48.3783
-0.0091324456 -47.9785
-0.0091322456 -49.9776
-0.0091320456 -47.9785
-0.0091318456 -47.5787
-0.0091316456 -49.9776
-0.0091314456 -50.3774
-0.0091312456 -50.3774
-0.0091310456 -49.5778
-0.0091308456 -50.7773
-0.0091306456 -47.9785
-0.0091304456 -49.5778
-0.0091302456 -47.1789
-0.0091300456 -49.9776
-0.0091298456 -49.9776
-0.0091296456 -51.5769
-0.0091294456 -52.3765
-0.0091292456 -49.9776
-0.0091290456 -48.7781
-0.0091288456 -51.5769
-0.0091286456 -49.178
-0.0091284456 -48.3783
-0.0091282456 -49.9776
-0.0091280456 -49.178
-0.0091278456 -48.7781
-0.0091276456 -48.7781
-0.0091274456 -49.9776
-0.0091272456 -49.5778
-0.0091270456 -51.9767
-0.0091268456 -50.7773
-0.0091266456 -46.779
-0.0091264456 -48.7781
-0.0091262456 -49.178
-0.0091260456 -49.9776
-0.0091258456 -51.5769
-0.0091256456 -49.178
-0.0091254456 -49.9776
-0.0091252456 -48.3783
-0.0091250456 -53.1762
-0.0091248456 -53.1762
-0.0091246456 -53.1762
-0.0091244456 -51.1771
-0.0091242456 -50.7773
-0.0091240456 -49.5778
-0.0091238456 -50.3774
-0.0091236456 -51.1771
-0.0091234456 -47.1789
-0.0091232456 -51.1771
-0.0091230456 -50.3774
-0.0091228456 -50.3774
-0.0091226456 -50.7773
-0.0091224456 -52.3765
-0.0091222456 -51.9767
-0.0091220456 -49.5778
-0.0091218456 -51.9767
-0.0091216456 -52.7764
-0.0091214456 -50.3774
-0.0091212456 -52.7764
-0.0091210456 -52.7764
-0.0091208456 -53.576
-0.0091206456 -53.1762
-0.0091204456 -51.5769
-0.0091202456 -54.3756
-0.0091200456 -53.576
-0.0091198456 -54.3756
-0.0091196456 -51.5769
-0.0091194456 -54.7755
-0.0091192456 -54.3756
-0.0091190456 -51.5769
-0.0091188456 -53.9758
-0.0091186456 -54.3756
-0.0091184456 -51.1771
-0.0091182456 -54.3756
-0.0091180456 -53.1762
-0.0091178456 -53.576
-0.0091176456 -53.1762
-0.0091174456 -53.576
-0.0091172456 -51.5769
-0.0091170456 -53.576
-0.0091168456 -54.7755
-0.0091166456 -55.9749
-0.0091164456 -52.3765
-0.0091162456 -53.576
-0.0091160456 -53.576
-0.0091158456 -53.1762
-0.0091156456 -53.1762
-0.0091154456 -55.1753
-0.0091152456 -53.1762
-0.0091150456 -54.3756
-0.0091148456 -53.9758
-0.0091146456 -54.7755
-0.0091144456 -49.9776
-0.0091142456 -53.9758
-0.0091140456 -55.1753
-0.0091138456 -55.5751
-0.0091136456 -57.1744
-0.0091134456 -55.1753
-0.0091132456 -54.7755
-0.0091130456 -53.9758
-0.0091128456 -54.7755
-0.0091126456 -55.5751
-0.0091124456 -55.9749
-0.0091122456 -57.974
-0.0091120456 -54.7755
-0.0091118456 -56.3747
-0.0091116456 -55.1753
-0.0091114456 -55.1753
-0.0091112456 -57.1744
-0.0091110456 -55.5751
-0.0091108456 -56.3747
-0.0091106456 -57.1744
-0.0091104456 -55.9749
-0.0091102456 -55.1753
-0.0091100456 -53.9758
-0.0091098456 -57.5742
-0.0091096456 -56.7746
-0.0091094456 -58.7737
-0.0091092456 -56.7746
-0.0091090456 -57.1744
-0.0091088456 -57.1744
-0.0091086456 -59.1735
-0.0091084456 -55.5751
-0.0091082456 -55.1753
-0.0091080456 -56.3747
-0.0091078456 -58.3738
-0.0091076456 -59.1735
-0.0091074456 -55.1753
-0.0091072456 -56.7746
-0.0091070456 -57.974
-0.0091068456 -55.9749
-0.0091066456 -57.974
-0.0091064456 -57.5742
-0.0091062456 -55.9749
-0.0091060456 -55.5751
-0.0091058456 -57.974
-0.0091056456 -57.5742
-0.0091054456 -59.5733
-0.0091052456 -58.3738
-0.0091050456 -59.9731
-0.0091048456 -60.373
-0.0091046456 -57.5742
-0.0091044456 -57.974
-0.0091042456 -58.7737
-0.0091040456 -58.7737
-0.0091038456 -57.5742
-0.0091036456 -60.373
-0.0091034456 -57.974
-0.0091032456 -58.3738
-0.0091030456 -56.7746
-0.0091028456 -60.373
-0.0091026456 -58.7737
-0.0091024456 -59.5733
-0.0091022456 -59.9731
-0.0091020456 -59.5733
-0.0091018456 -59.9731
-0.0091016456 -60.373
-0.0091014456 -59.1735
-0.0091012456 -59.5733
-0.0091010456 -59.1735
-0.0091008456 -57.974
-0.0091006456 -61.5724
-0.0091004456 -59.9731
-0.0091002456 -58.7737
-0.0091000456 -60.7728
-0.0090998456 -61.1726
-0.0090996456 -59.9731
-0.0090994456 -58.7737
-0.0090992456 -59.9731
-0.0090990456 -61.5724
-0.0090988456 -60.373
-0.0090986456 -60.373
-0.0090984456 -62.7719
-0.0090982456 -59.9731
-0.0090980456 -59.9731
-0.0090978456 -61.9722
-0.0090976456 -58.7737
-0.0090974456 -61.9722
-0.0090972456 -59.9731
-0.0090970456 -62.7719
-0.0090968456 -62.3721
-0.0090966456 -59.5733
-0.0090964456 -60.7728
-0.0090962456 -61.9722
-0.0090960456 -60.7728
-0.0090958456 -61.1726
-0.0090956456 -59.5733
-0.0090954456 -61.5724
-0.0090952456 -60.373
-0.0090950456 -60.7728
-0.0090948456 -59.9731
-0.0090946456 -62.7719
-0.0090944456 -61.5724
-0.0090942456 -62.3721
-0.0090940456 -64.3712
-0.0090938456 -62.7719
-0.0090936456 -63.9713
-0.0090934456 -62.3721
-0.0090932456 -65.1708
-0.0090930456 -61.5724
-0.0090928456 -65.1708
-0.0090926456 -64.3712
-0.0090924456 -61.9722
-0.0090922456 -63.5715
-0.0090920456 -63.5715
-0.0090918456 -61.1726
-0.0090916456 -64.771
-0.0090914456 -65.9704
-0.0090912456 -63.9713
-0.0090910456 -63.9713
-0.0090908456 -64.771
-0.0090906456 -62.7719
-0.0090904456 -63.9713
-0.0090902456 -62.3721
-0.0090900456 -62.7719
-0.0090898456 -62.3721
-0.0090896456 -61.9722
-0.0090894456 -63.5715
-0.0090892456 -63.5715
-0.0090890456 -65.9704
-0.0090888456 -64.771
-0.0090886456 -62.7719
-0.0090884456 -62.7719
-0.0090882456 -62.7719
-0.0090880456 -65.1708
-0.0090878456 -62.3721
-0.0090876456 -65.9704
-0.0090874456 -64.3712
-0.0090872456 -63.9713
-0.0090870456 -65.5706
-0.0090868456 -65.1708
-0.0090866456 -64.771
-0.0090864456 -63.5715
-0.0090862456 -63.9713
-0.0090860456 -66.7701
-0.0090858456 -65.9704
-0.0090856456 -65.9704
-0.0090854456 -65.1708
-0.0090852456 -63.1717
-0.0090850456 -63.5715
-0.0090848456 -67.9695
-0.0090846456 -64.3712
-0.0090844456 -65.5706
-0.0090842456 -64.3712
-0.0090840456 -67.9695
-0.0090838456 -64.3712
-0.0090836456 -64.3712
-0.0090834456 -67.5697
-0.0090832456 -67.1699
-0.0090830456 -64.771
-0.0090828456 -67.9695
-0.0090826456 -67.5697
-0.0090824456 -65.9704
-0.0090822456 -62.7719
-0.0090820456 -66.3703
-0.0090818456 -67.5697
-0.0090816456 -66.7701
-0.0090814456 -65.5706
-0.0090812456 -66.3703
-0.0090810456 -66.3703
-0.0090808456 -67.5697
-0.0090806456 -65.5706
-0.0090804456 -67.5697
-0.0090802456 -65.9704
-0.0090800456 -64.3712
-0.0090798456 -67.9695
-0.0090796456 -65.1708
-0.0090794456 -67.9695
-0.0090792456 -63.9713
-0.0090790456 -65.9704
-0.0090788456 -65.5706
-0.0090786456 -67.1699
-0.0090784456 -65.1708
-0.0090782456 -65.1708
-0.0090780456 -67.1699
-0.0090778456 -68.3694
-0.0090776456 -65.5706
-0.0090774456 -64.771
-0.0090772456 -67.5697
-0.0090770456 -69.5688
-0.0090768456 -67.9695
-0.0090766456 -64.3712
-0.0090764456 -63.1717
-0.0090762456 -65.5706
-0.0090760456 -67.1699
-0.0090758456 -64.771
-0.0090756456 -64.771
-0.0090754456 -67.1699
-0.0090752456 -67.9695
-0.0090750456 -65.5706
-0.0090748456 -69.9687
-0.0090746456 -66.7701
-0.0090744456 -67.5697
-0.0090742456 -67.1699
-0.0090740456 -67.1699
-0.0090738456 -67.5697
-0.0090736456 -65.9704
-0.0090734456 -68.3694
-0.0090732456 -66.3703
-0.0090730456 -67.9695
-0.0090728456 -67.9695
-0.0090726456 -67.9695
-0.0090724456 -65.1708
-0.0090722456 -66.7701
-0.0090720456 -67.9695
-0.0090718456 -67.9695
-0.0090716456 -66.3703
-0.0090714456 -66.7701
-0.0090712456 -68.7692
-0.0090710456 -67.9695
-0.0090708456 -67.9695
-0.0090706456 -67.1699
-0.0090704456 -69.5688
-0.0090702456 -68.7692
-0.0090700456 -65.1708
-0.0090698456 -67.5697
-0.0090696456 -69.169
-0.0090694456 -73.1672
-0.0090692456 -68.3694
-0.0090690456 -68.7692
-0.0090688456 -68.7692
-0.0090686456 -70.7683
-0.0090684456 -68.3694
-0.0090682456 -66.7701
-0.0090680456 -69.169
-0.0090678456 -69.5688
-0.0090676456 -68.3694
-0.0090674456 -68.7692
-0.0090672456 -71.9678
-0.0090670456 -69.5688
-0.0090668456 -68.7692
-0.0090666456 -68.7692
-0.0090664456 -70.3685
-0.0090662456 -70.7683
-0.0090660456 -69.169
-0.0090658456 -68.3694
-0.0090656456 -69.5688
-0.0090654456 -69.9687
-0.0090652456 -68.7692
-0.0090650456 -67.5697
-0.0090648456 -67.9695
-0.0090646456 -70.7683
-0.0090644456 -68.7692
-0.0090642456 -70.7683
-0.0090640456 -69.5688
-0.0090638456 -69.9687
-0.0090636456 -69.169
-0.0090634456 -68.7692
-0.0090632456 -74.3667
-0.0090630456 -68.3694
-0.0090628456 -67.5697
-0.0090626456 -70.3685
-0.0090624456 -69.169
-0.0090622456 -69.169
-0.0090620456 -69.9687
-0.0090618456 -69.9687
-0.0090616456 -69.5688
-0.0090614456 -70.3685
-0.0090612456 -70.7683
-0.0090610456 -69.169
-0.0090608456 -69.169
-0.0090606456 -70.7683
-0.0090604456 -73.567
-0.0090602456 -71.5679
-0.0090600456 -73.1672
-0.0090598456 -71.5679
-0.0090596456 -70.3685
-0.0090594456 -72.3676
-0.0090592456 -73.567
-0.0090590456 -73.9669
-0.0090588456 -69.9687
-0.0090586456 -71.5679
-0.0090584456 -74.3667
-0.0090582456 -72.7674
-0.0090580456 -73.9669
-0.0090578456 -73.1672
-0.0090576456 -72.3676
-0.0090574456 -74.3667
-0.0090572456 -71.1681
-0.0090570456 -72.7674
-0.0090568456 -74.3667
-0.0090566456 -71.9678
-0.0090564456 -73.567
-0.0090562456 -74.3667
-0.0090560456 -72.3676
-0.0090558456 -72.3676
-0.0090556456 -74.7665
-0.0090554456 -71.9678
-0.0090552456 -74.3667
-0.0090550456 -73.9669
-0.0090548456 -73.1672
-0.0090546456 -74.3667
-0.0090544456 -72.7674
-0.0090542456 -74.7665
-0.0090540456 -75.5661
-0.0090538456 -71.5679
-0.0090536456 -75.5661
-0.0090534456 -75.1663
-0.0090532456 -73.567
-0.0090530456 -73.9669
-0.0090528456 -72.3676
-0.0090526456 -72.7674
-0.0090524456 -74.3667
-0.0090522456 -74.7665
-0.0090520456 -73.9669
-0.0090518456 -75.5661
-0.0090516456 -71.5679
-0.0090514456 -75.5661
-0.0090512456 -72.3676
-0.0090510456 -73.567
-0.0090508456 -74.7665
-0.0090506456 -76.7656
-0.0090504456 -75.5661
-0.0090502456 -73.9669
-0.0090500456 -73.9669
-0.0090498456 -72.3676
-0.0090496456 -74.7665
-0.0090494456 -72.7674
-0.0090492456 -76.7656
-0.0090490456 -72.7674
-0.0090488456 -74.7665
-0.0090486456 -74.3667
-0.0090484456 -72.7674
-0.0090482456 -73.567
-0.0090480456 -73.9669
-0.0090478456 -76.7656
-0.0090476456 -75.5661
-0.0090474456 -73.9669
-0.0090472456 -73.567
-0.0090470456 -77.1654
-0.0090468456 -72.3676
-0.0090466456 -74.3667
-0.0090464456 -78.3649
-0.0090462456 -77.1654
-0.0090460456 -72.7674
-0.0090458456 -76.7656
-0.0090456456 -73.9669
-0.0090454456 -73.9669
-0.0090452456 -73.567
-0.0090450456 -77.9651
-0.0090448456 -74.3667
-0.0090446456 -75.5661
-0.0090444456 -79.1645
-0.0090442456 -75.966
-0.0090440456 -76.3658
-0.0090438456 -76.7656
-0.0090436456 -75.5661
-0.0090434456 -75.966
-0.0090432456 -77.1654
-0.0090430456 -75.5661
-0.0090428456 -77.5653
-0.0090426456 -76.7656
-0.0090424456 -78.7647
-0.0090422456 -74.3667
-0.0090420456 -75.1663
-0.0090418456 -79.1645
-0.0090416456 -76.3658
-0.0090414456 -76.7656
-0.0090412456 -74.3667
-0.0090410456 -75.966
-0.0090408456 -76.3658
-0.0090406456 -76.7656
-0.0090404456 -75.966
-0.0090402456 -75.5661
-0.0090400456 -76.7656
-0.0090398456 -75.966
-0.0090396456 -75.5661
-0.0090394456 -77.5653
-0.0090392456 -76.3658
-0.0090390456 -76.3658
-0.0090388456 -76.3658
-0.0090386456 -75.5661
-0.0090384456 -75.5661
-0.0090382456 -76.7656
-0.0090380456 -77.1654
-0.0090378456 -79.5644
-0.0090376456 -77.5653
-0.0090374456 -77.9651
-0.0090372456 -75.5661
-0.0090370456 -79.9642
-0.0090368456 -80.364
-0.0090366456 -78.3649
-0.0090364456 -77.9651
-0.0090362456 -75.966
-0.0090360456 -77.9651
-0.0090358456 -77.9651
-0.0090356456 -77.9651
-0.0090354456 -77.9651
-0.0090352456 -80.364
-0.0090350456 -78.7647
-0.0090348456 -75.966
-0.0090346456 -74.3667
-0.0090344456 -76.7656
-0.0090342456 -80.364
-0.0090340456 -76.3658
-0.0090338456 -75.966
-0.0090336456 -78.3649
-0.0090334456 -75.966
-0.0090332456 -78.7647
-0.0090330456 -79.5644
-0.0090328456 -75.1663
-0.0090326456 -77.9651
-0.0090324456 -77.9651
-0.0090322456 -77.9651
-0.0090320456 -78.3649
-0.0090318456 -79.9642
-0.0090316456 -77.1654
-0.0090314456 -77.1654
-0.0090312456 -80.7638
-0.0090310456 -79.1645
-0.0090308456 -77.1654
-0.0090306456 -77.5653
-0.0090304456 -78.7647
-0.0090302456 -79.1645
-0.0090300456 -78.3649
-0.0090298456 -78.7647
-0.0090296456 -78.7647
-0.0090294456 -77.1654
-0.0090292456 -80.7638
-0.0090290456 -77.5653
-0.0090288456 -80.364
-0.0090286456 -76.3658
-0.0090284456 -79.9642
-0.0090282456 -78.3649
-0.0090280456 -81.1636
-0.0090278456 -77.9651
-0.0090276456 -79.9642
-0.0090274456 -78.7647
-0.0090272456 -78.7647
-0.0090270456 -77.5653
-0.0090268456 -79.9642
-0.0090266456 -80.364
-0.0090264456 -78.7647
-0.0090262456 -81.1636
-0.0090260456 -79.9642
-0.0090258456 -79.9642
-0.0090256456 -78.7647
-0.0090254456 -78.7647
-0.0090252456 -79.1645
-0.0090250456 -81.1636
-0.0090248456 -79.9642
-0.0090246456 -81.5635
-0.0090244456 -79.5644
-0.0090242456 -80.364
-0.0090240456 -79.9642
-0.0090238456 -80.7638
-0.0090236456 -81.1636
-0.0090234456 -81.9633
-0.0090232456 -77.1654
-0.0090230456 -79.9642
-0.0090228456 -78.3649
-0.0090226456 -83.9624
-0.0090224456 -79.1645
-0.0090222456 -76.7656
-0.0090220456 -82.3631
-0.0090218456 -81.1636
-0.0090216456 -81.5635
-0.0090214456 -81.5635
-0.0090212456 -79.9642
-0.0090210456 -81.9633
-0.0090208456 -80.7638
-0.0090206456 -80.364
-0.0090204456 -79.5644
-0.0090202456 -81.9633
-0.0090200456 -78.7647
-0.0090198456 -79.9642
-0.0090196456 -81.5635
-0.0090194456 -79.9642
-0.0090192456 -83.1627
-0.0090190456 -81.1636
-0.0090188456 -79.5644
-0.0090186456 -82.7629
-0.0090184456 -82.7629
-0.0090182456 -81.9633
-0.0090180456 -79.5644
-0.0090178456 -81.9633
-0.0090176456 -81.1636
-0.0090174456 -82.3631
-0.0090172456 -79.5644
-0.0090170456 -84.3622
-0.0090168456 -81.9633
-0.0090166456 -83.5626
-0.0090164456 -79.5644
-0.0090162456 -83.9624
-0.0090160456 -81.9633
-0.0090158456 -81.9633
-0.0090156456 -81.9633
-0.0090154456 -82.7629
-0.0090152456 -82.3631
-0.0090150456 -84.762
-0.0090148456 -81.5635
-0.0090146456 -85.5617
-0.0090144456 -80.364
-0.0090142456 -83.1627
-0.0090140456 -82.3631
-0.0090138456 -84.762
-0.0090136456 -82.7629
-0.0090134456 -81.1636
-0.0090132456 -83.1627
-0.0090130456 -82.3631
-0.0090128456 -85.1618
-0.0090126456 -81.5635
-0.0090124456 -84.762
-0.0090122456 -83.1627
-0.0090120456 -82.3631
-0.0090118456 -85.5617
-0.0090116456 -82.7629
-0.0090114456 -82.3631
-0.0090112456 -82.7629
-0.0090110456 -83.9624
-0.0090108456 -83.1627
-0.0090106456 -83.5626
-0.0090104456 -85.5617
-0.0090102456 -85.5617
-0.0090100456 -83.1627
-0.0090098456 -86.3613
-0.0090096456 -86.3613
-0.0090094456 -82.7629
-0.0090092456 -82.3631
-0.0090090456 -85.1618
-0.0090088456 -85.5617
-0.0090086456 -83.5626
-0.0090084456 -83.5626
-0.0090082456 -85.1618
-0.0090080456 -83.5626
-0.0090078456 -84.762
-0.0090076456 -86.3613
-0.0090074456 -83.5626
-0.0090072456 -83.5626
-0.0090070456 -83.1627
-0.0090068456 -85.9615
-0.0090066456 -83.1627
-0.0090064456 -83.1627
-0.0090062456 -86.3613
-0.0090060456 -85.5617
-0.0090058456 -86.3613
-0.0090056456 -83.5626
-0.0090054456 -86.3613
-0.0090052456 -84.3622
-0.0090050456 -85.9615
-0.0090048456 -87.5608
-0.0090046456 -84.762
-0.0090044456 -85.1618
-0.0090042456 -85.1618
-0.0090040456 -85.9615
-0.0090038456 -85.1618
-0.0090036456 -86.3613
-0.0090034456 -84.762
-0.0090032456 -85.5617
-0.0090030456 -85.9615
-0.0090028456 -83.9624
-0.0090026456 -85.1618
-0.0090024456 -83.5626
-0.0090022456 -83.5626
-0.0090020456 -85.1618
-0.0090018456 -87.9606
-0.0090016456 -85.5617
-0.0090014456 -84.3622
-0.0090012456 -86.7611
-0.0090010456 -82.7629
-0.0090008456 -85.5617
-0.0090006456 -88.3604
-0.0090004456 -87.161
-0.0090002456 -86.7611
-0.0090000456 -88.3604
-0.0089998456 -85.9615
-0.0089996456 -86.3613
-0.0089994456 -87.161
-0.0089992456 -87.5608
-0.0089990456 -85.5617
-0.0089988456 -84.762
-0.0089986456 -85.9615
-0.0089984456 -87.5608
-0.0089982456 -87.5608
-0.0089980456 -87.161
-0.0089978456 -83.5626
-0.0089976456 -84.3622
-0.0089974456 -85.5617
-0.0089972456 -85.1618
-0.0089970456 -86.7611
-0.0089968456 -86.3613
-0.0089966456 -85.1618
-0.0089964456 -86.3613
-0.0089962456 -87.5608
-0.0089960456 -86.7611
-0.0089958456 -87.161
-0.0089956456 -86.3613
-0.0089954456 -88.3604
-0.0089952456 -86.3613
-0.0089950456 -85.9615
-0.0089948456 -85.1618
-0.0089946456 -85.9615
-0.0089944456 -87.5608
-0.0089942456 -86.3613
-0.0089940456 -88.3604
-0.0089938456 -87.5608
-0.0089936456 -85.9615
-0.0089934456 -85.9615
-0.0089932456 -86.7611
-0.0089930456 -87.161
-0.0089928456 -86.7611
-0.0089926456 -86.7611
-0.0089924456 -87.5608
-0.0089922456 -87.5608
-0.0089920456 -89.1601
-0.0089918456 -85.5617
-0.0089916456 -85.9615
-0.0089914456 -86.3613
-0.0089912456 -85.9615
-0.0089910456 -88.7602
-0.0089908456 -85.5617
-0.0089906456 -88.7602
-0.0089904456 -86.3613
-0.0089902456 -89.9597
-0.0089900456 -88.3604
-0.0089898456 -89.5599
-0.0089896456 -88.3604
-0.0089894456 -87.161
-0.0089892456 -86.7611
-0.0089890456 -85.9615
-0.0089888456 -88.3604
-0.0089886456 -89.5599
-0.0089884456 -87.161
-0.0089882456 -87.161
-0.0089880456 -87.161
-0.0089878456 -87.5608
-0.0089876456 -88.3604
-0.0089874456 -89.9597
-0.0089872456 -86.7611
-0.0089870456 -88.3604
-0.0089868456 -88.3604
-0.0089866456 -89.9597
-0.0089864456 -88.7602
-0.0089862456 -88.7602
-0.0089860456 -88.3604
-0.0089858456 -90.3595
-0.0089856456 -88.7602
-0.0089854456 -92.3586
-0.0089852456 -92.3586
-0.0089850456 -90.3595
-0.0089848456 -87.5608
-0.0089846456 -87.9606
-0.0089844456 -87.9606
-0.0089842456 -92.3586
-0.0089840456 -88.3604
-0.0089838456 -90.3595
-0.0089836456 -89.5599
-0.0089834456 -88.7602
-0.0089832456 -89.5599
-0.0089830456 -89.5599
-0.0089828456 -89.1601
-0.0089826456 -90.7593
-0.0089824456 -86.3613
-0.0089822456 -91.1592
-0.0089820456 -88.7602
-0.0089818456 -88.3604
-0.0089816456 -92.3586
-0.0089814456 -90.3595
-0.0089812456 -89.9597
-0.0089810456 -91.1592
-0.0089808456 -89.1601
-0.0089806456 -89.5599
-0.0089804456 -90.7593
-0.0089802456 -89.9597
-0.0089800456 -90.7593
-0.0089798456 -90.3595
-0.0089796456 -91.9588
-0.0089794456 -88.3604
-0.0089792456 -91.559
-0.0089790456 -91.1592
-0.0089788456 -88.7602
-0.0089786456 -89.1601
-0.0089784456 -90.3595
-0.0089782456 -91.559
-0.0089780456 -92.3586
-0.0089778456 -92.3586
-0.0089776456 -91.559
-0.0089774456 -91.559
-0.0089772456 -89.5599
-0.0089770456 -88.7602
-0.0089768456 -91.9588
-0.0089766456 -89.5599
-0.0089764456 -90.3595
-0.0089762456 -90.3595
-0.0089760456 -93.1583
-0.0089758456 -91.559
-0.0089756456 -89.9597
-0.0089754456 -93.9579
-0.0089752456 -91.559
-0.0089750456 -89.5599
-0.0089748456 -88.7602
-0.0089746456 -91.559
-0.0089744456 -89.9597
-0.0089742456 -90.7593
-0.0089740456 -93.1583
-0.0089738456 -89.5599
-0.0089736456 -91.1592
-0.0089734456 -93.1583
-0.0089732456 -91.9588
-0.0089730456 -91.559
-0.0089728456 -89.5599
-0.0089726456 -90.7593
-0.0089724456 -92.7584
-0.0089722456 -90.7593
-0.0089720456 -91.559
-0.0089718456 -91.559
-0.0089716456 -91.559
-0.0089714456 -91.9588
-0.0089712456 -90.3595
-0.0089710456 -90.7593
-0.0089708456 -90.7593
-0.0089706456 -91.9588
-0.0089704456 -91.9588
-0.0089702456 -91.1592
-0.0089700456 -91.559
-0.0089698456 -91.1592
-0.0089696456 -89.1601
-0.0089694456 -91.559
-0.0089692456 -92.7584
-0.0089690456 -91.1592
-0.0089688456 -90.3595
-0.0089686456 -93.5581
-0.0089684456 -91.559
-0.0089682456 -93.1583
-0.0089680456 -92.3586
-0.0089678456 -95.1574
-0.0089676456 -91.1592
-0.0089674456 -89.5599
-0.0089672456 -95.1574
-0.0089670456 -91.1592
-0.0089668456 -93.5581
-0.0089666456 -91.559
-0.0089664456 -90.3595
-0.0089662456 -93.9579
-0.0089660456 -93.5581
-0.0089658456 -90.3595
-0.0089656456 -92.7584
-0.0089654456 -95.957
-0.0089652456 -93.1583
-0.0089650456 -92.7584
-0.0089648456 -96.3568
-0.0089646456 -93.5581
-0.0089644456 -91.9588
-0.0089642456 -94.3577
-0.0089640456 -95.5572
-0.0089638456 -96.7567
-0.0089636456 -93.5581
-0.0089634456 -93.5581
-0.0089632456 -93.1583
-0.0089630456 -93.5581
-0.0089628456 -93.9579
-0.0089626456 -93.5581
-0.0089624456 -93.9579
-0.0089622456 -91.9588
-0.0089620456 -91.1592
-0.0089618456 -95.1574
-0.0089616456 -95.1574
-0.0089614456 -93.9579
-0.0089612456 -94.3577
-0.0089610456 -94.7575
-0.0089608456 -97.5563
-0.0089606456 -93.5581
-0.0089604456 -93.1583
-0.0089602456 -94.7575
-0.0089600456 -95.1574
-0.0089598456 -96.3568
-0.0089596456 -97.9561
-0.0089594456 -97.1565
-0.0089592456 -96.3568
-0.0089590456 -97.5563
-0.0089588456 -95.1574
-0.0089586456 -94.3577
-0.0089584456 -95.1574
-0.0089582456 -94.3577
-0.0089580456 -93.5581
-0.0089578456 -97.5563
-0.0089576456 -94.7575
-0.0089574456 -93.9579
-0.0089572456 -94.7575
-0.0089570456 -96.7567
-0.0089568456 -94.7575
-0.0089566456 -94.7575
-0.0089564456 -99.5554
-0.0089562456 -93.5581
-0.0089560456 -96.3568
-0.0089558456 -95.5572
-0.0089556456 -96.7567
-0.0089554456 -96.7567
-0.0089552456 -96.3568
-0.0089550456 -92.3586
-0.0089548456 -96.7567
-0.0089546456 -98.3559
-0.0089544456 -94.7575
-0.0089542456 -94.7575
-0.0089540456 -93.9579
-0.0089538456 -93.9579
-0.0089536456 -99.5554
-0.0089534456 -96.7567
-0.0089532456 -97.5563
-0.0089530456 -95.1574
-0.0089528456 -95.957
-0.0089526456 -94.3577
-0.0089524456 -94.7575
-0.0089522456 -93.5581
-0.0089520456 -95.957
-0.0089518456 -95.5572
-0.0089516456 -96.7567
-0.0089514456 -95.5572
-0.0089512456 -97.1565
-0.0089510456 -93.9579
-0.0089508456 -96.7567
-0.0089506456 -97.1565
-0.0089504456 -98.7558
-0.0089502456 -97.1565
-0.0089500456 -96.3568
-0.0089498456 -100.355
-0.0089496456 -96.7567
-0.0089494456 -96.7567
-0.0089492456 -97.9561
-0.0089490456 -97.9561
-0.0089488456 -97.9561
-0.0089486456 -98.3559
-0.0089484456 -96.7567
-0.0089482456 -97.1565
-0.0089480456 -97.9561
-0.0089478456 -100.755
-0.0089476456 -99.1556
-0.0089474456 -99.9552
-0.0089472456 -97.9561
-0.0089470456 -96.3568
-0.0089468456 -97.5563
-0.0089466456 -99.9552
-0.0089464456 -98.7558
-0.0089462456 -97.9561
-0.0089460456 -95.1574
-0.0089458456 -99.9552
-0.0089456456 -97.5563
-0.0089454456 -99.5554
-0.0089452456 -98.7558
-0.0089450456 -99.1556
-0.0089448456 -98.7558
-0.0089446456 -98.7558
-0.0089444456 -97.9561
-0.0089442456 -98.3559
-0.0089440456 -99.1556
-0.0089438456 -98.3559
-0.0089436456 -99.5554
-0.0089434456 -99.9552
-0.0089432456 -100.355
-0.0089430456 -97.9561
-0.0089428456 -99.1556
-0.0089426456 -99.1556
-0.0089424456 -99.9552
-0.0089422456 -100.755
-0.0089420456 -99.5554
-0.0089418456 -99.5554
-0.0089416456 -100.755
-0.0089414456 -98.7558
-0.0089412456 -99.9552
-0.0089410456 -100.755
-0.0089408456 -99.5554
-0.0089406456 -102.354
-0.0089404456 -99.9552
-0.0089402456 -99.9552
-0.0089400456 -100.355
-0.0089398456 -100.755
-0.0089396456 -102.754
-0.0089394456 -101.954
-0.0089392456 -98.7558
-0.0089390456 -100.755
-0.0089388456 -100.355
-0.0089386456 -98.3559
-0.0089384456 -99.5554
-0.0089382456 -101.555
-0.0089380456 -101.155
-0.0089378456 -101.954
-0.0089376456 -100.355
-0.0089374456 -99.5554
-0.0089372456 -98.7558
-0.0089370456 -100.355
-0.0089368456 -102.354
-0.0089366456 -103.154
-0.0089364456 -102.354
-0.0089362456 -99.9552
-0.0089360456 -101.155
-0.0089358456 -100.355
-0.0089356456 -103.154
-0.0089354456 -100.755
-0.0089352456 -102.754
-0.0089350456 -103.953
-0.0089348456 -100.755
-0.0089346456 -103.953
-0.0089344456 -101.954
-0.0089342456 -105.153
-0.0089340456 -101.954
-0.0089338456 -103.154
-0.0089336456 -103.154
-0.0089334456 -102.754
-0.0089332456 -103.953
-0.0089330456 -102.354
-0.0089328456 -104.353
-0.0089326456 -103.554
-0.0089324456 -103.554
-0.0089322456 -104.353
-0.0089320456 -103.953
-0.0089318456 -103.953
-0.0089316456 -105.553
-0.0089314456 -104.353
-0.0089312456 -103.554
-0.0089310456 -104.753
-0.0089308456 -103.554
-0.0089306456 -104.353
-0.0089304456 -104.353
-0.0089302456 -107.152
-0.0089300456 -105.153
-0.0089298456 -104.753
-0.0089296456 -107.952
-0.0089294456 -105.153
-0.0089292456 -107.552
-0.0089290456 -103.554
-0.0089288456 -104.353
-0.0089286456 -103.554
-0.0089284456 -105.953
-0.0089282456 -104.753
-0.0089280456 -103.953
-0.0089278456 -106.352
-0.0089276456 -105.153
-0.0089274456 -103.953
-0.0089272456 -106.752
-0.0089270456 -109.951
-0.0089268456 -107.152
-0.0089266456 -105.553
-0.0089264456 -105.153
-0.0089262456 -107.552
-0.0089260456 -104.753
-0.0089258456 -105.553
-0.0089256456 -107.552
-0.0089254456 -105.953
-0.0089252456 -105.153
-0.0089250456 -103.154
-0.0089248456 -107.952
-0.0089246456 -108.351
-0.0089244456 -104.753
-0.0089242456 -105.153
-0.0089240456 -104.753
-0.0089238456 -104.353
-0.0089236456 -105.953
-0.0089234456 -107.152
-0.0089232456 -103.953
-0.0089230456 -106.752
-0.0089228456 -106.352
-0.0089226456 -107.952
-0.0089224456 -108.751
-0.0089222456 -108.351
-0.0089220456 -107.152
-0.0089218456 -107.552
-0.0089216456 -104.353
-0.0089214456 -109.951
-0.0089212456 -111.15
-0.0089210456 -105.153
-0.0089208456 -106.352
-0.0089206456 -105.953
-0.0089204456 -107.152
-0.0089202456 -106.352
-0.0089200456 -105.953
-0.0089198456 -108.751
-0.0089196456 -107.952
-0.0089194456 -105.553
-0.0089192456 -107.552
-0.0089190456 -105.953
-0.0089188456 -105.553
-0.0089186456 -109.151
-0.0089184456 -106.752
-0.0089182456 -108.751
-0.0089180456 -109.951
-0.0089178456 -108.351
-0.0089176456 -109.551
-0.0089174456 -107.952
-0.0089172456 -109.151
-0.0089170456 -107.952
-0.0089168456 -108.351
-0.0089166456 -107.952
-0.0089164456 -108.751
-0.0089162456 -106.752
-0.0089160456 -109.951
-0.0089158456 -108.351
-0.0089156456 -107.552
-0.0089154456 -107.152
-0.0089152456 -108.751
-0.0089150456 -109.151
-0.0089148456 -110.75
-0.0089146456 -107.552
-0.0089144456 -110.75
-0.0089142456 -109.151
-0.0089140456 -109.951
-0.0089138456 -108.351
-0.0089136456 -108.351
-0.0089134456 -109.551
-0.0089132456 -110.351
-0.0089130456 -109.151
-0.0089128456 -109.551
-0.0089126456 -110.351
-0.0089124456 -108.351
-0.0089122456 -109.951
-0.0089120456 -109.951
-0.0089118456 -109.951
-0.0089116456 -110.351
-0.0089114456 -107.552
-0.0089112456 -109.951
-0.0089110456 -111.55
-0.0089108456 -107.952
-0.0089106456 -111.55
-0.0089104456 -111.15
-0.0089102456 -109.951
-0.0089100456 -111.15
-0.0089098456 -112.35
-0.0089096456 -113.149
-0.0089094456 -111.15
-0.0089092456 -111.15
-0.0089090456 -111.15
-0.0089088456 -113.549
-0.0089086456 -114.349
-0.0089084456 -110.75
-0.0089082456 -111.55
-0.0089080456 -110.351
-0.0089078456 -112.35
-0.0089076456 -108.751
-0.0089074456 -111.95
-0.0089072456 -112.35
-0.0089070456 -114.749
-0.0089068456 -111.15
-0.0089066456 -113.149
-0.0089064456 -110.75
-0.0089062456 -114.349
-0.0089060456 -112.749
-0.0089058456 -111.15
-0.0089056456 -113.549
-0.0089054456 -111.55
-0.0089052456 -113.949
-0.0089050456 -111.15
-0.0089048456 -113.149
-0.0089046456 -111.15
-0.0089044456 -112.35
-0.0089042456 -112.749
-0.0089040456 -111.95
-0.0089038456 -111.55
-0.0089036456 -113.149
-0.0089034456 -113.949
-0.0089032456 -113.149
-0.0089030456 -116.348
-0.0089028456 -112.749
-0.0089026456 -113.949
-0.0089024456 -110.351
-0.0089022456 -112.35
-0.0089020456 -114.749
-0.0089018456 -113.549
-0.0089016456 -112.749
-0.0089014456 -111.95
-0.0089012456 -115.148
-0.0089010456 -111.15
-0.0089008456 -112.749
-0.0089006456 -113.149
-0.0089004456 -113.149
-0.0089002456 -115.948
-0.0089000456 -112.35
-0.0088998456 -113.149
-0.0088996456 -111.95
-0.0088994456 -113.949
-0.0088992456 -113.149
-0.0088990456 -111.55
-0.0088988456 -111.95
-0.0088986456 -112.749
-0.0088984456 -114.749
-0.0088982456 -112.749
-0.0088980456 -112.35
-0.0088978456 -114.349
-0.0088976456 -112.749
-0.0088974456 -115.948
-0.0088972456 -113.149
-0.0088970456 -113.949
-0.0088968456 -113.949
-0.0088966456 -117.947
-0.0088964456 -115.148
-0.0088962456 -114.349
-0.0088960456 -115.548
-0.0088958456 -116.348
-0.0088956456 -114.349
-0.0088954456 -116.748
-0.0088952456 -113.949
-0.0088950456 -114.749
-0.0088948456 -112.35
-0.0088946456 -112.749
-0.0088944456 -114.749
-0.0088942456 -115.548
-0.0088940456 -114.349
-0.0088938456 -114.749
-0.0088936456 -113.949
-0.0088934456 -113.549
-0.0088932456 -112.749
-0.0088930456 -114.749
-0.0088928456 -116.348
-0.0088926456 -117.547
-0.0088924456 -115.948
-0.0088922456 -117.547
-0.0088920456 -115.948
-0.0088918456 -115.948
-0.0088916456 -117.148
-0.0088914456 -113.149
-0.0088912456 -117.148
-0.0088910456 -112.35
-0.0088908456 -113.149
-0.0088906456 -115.948
-0.0088904456 -118.347
-0.0088902456 -114.349
-0.0088900456 -116.748
-0.0088898456 -116.348
-0.0088896456 -117.148
-0.0088894456 -116.748
-0.0088892456 -116.748
-0.0088890456 -113.549
-0.0088888456 -116.748
-0.0088886456 -115.148
-0.0088884456 -115.148
-0.0088882456 -115.548
-0.0088880456 -114.349
-0.0088878456 -118.747
-0.0088876456 -115.548
-0.0088874456 -112.749
-0.0088872456 -117.148
-0.0088870456 -118.747
-0.0088868456 -115.548
-0.0088866456 -117.547
-0.0088864456 -113.549
-0.0088862456 -117.148
-0.0088860456 -115.548
-0.0088858456 -117.148
-0.0088856456 -117.148
-0.0088854456 -116.348
-0.0088852456 -117.947
-0.0088850456 -113.949
-0.0088848456 -117.148
-0.0088846456 -116.748
-0.0088844456 -118.747
-0.0088842456 -119.546
-0.0088840456 -116.348
-0.0088838456 -120.346
-0.0088836456 -117.547
-0.0088834456 -119.546
-0.0088832456 -116.348
-0.0088830456 -114.749
-0.0088828456 -117.148
-0.0088826456 -114.749
-0.0088824456 -119.147
-0.0088822456 -116.748
-0.0088820456 -117.947
-0.0088818456 -117.947
-0.0088816456 -117.148
-0.0088814456 -117.148
-0.0088812456 -116.748
-0.0088810456 -120.746
-0.0088808456 -118.747
-0.0088806456 -118.347
-0.0088804456 -117.148
-0.0088802456 -118.747
-0.0088800456 -119.546
-0.0088798456 -118.347
-0.0088796456 -119.946
-0.0088794456 -120.346
-0.0088792456 -117.947
-0.0088790456 -119.546
-0.0088788456 -118.347
-0.0088786456 -119.946
-0.0088784456 -117.148
-0.0088782456 -117.148
-0.0088780456 -117.148
-0.0088778456 -117.148
-0.0088776456 -117.148
-0.0088774456 -118.747
-0.0088772456 -117.148
-0.0088770456 -119.147
-0.0088768456 -121.945
-0.0088766456 -119.147
-0.0088764456 -118.747
-0.0088762456 -119.546
-0.0088760456 -117.947
-0.0088758456 -119.546
-0.0088756456 -122.345
-0.0088754456 -116.748
-0.0088752456 -117.947
-0.0088750456 -121.945
-0.0088748456 -119.946
-0.0088746456 -117.148
-0.0088744456 -121.146
-0.0088742456 -117.148
-0.0088740456 -121.546
-0.0088738456 -121.146
-0.0088736456 -119.546
-0.0088734456 -121.546
-0.0088732456 -120.746
-0.0088730456 -119.147
-0.0088728456 -119.546
-0.0088726456 -120.346
-0.0088724456 -122.345
-0.0088722456 -117.148
-0.0088720456 -117.947
-0.0088718456 -119.147
-0.0088716456 -121.945
-0.0088714456 -121.146
-0.0088712456 -122.745
-0.0088710456 -121.146
-0.0088708456 -120.346
-0.0088706456 -121.945
-0.0088704456 -122.345
-0.0088702456 -121.945
-0.0088700456 -122.345
-0.0088698456 -121.146
-0.0088696456 -121.146
-0.0088694456 -123.545
-0.0088692456 -121.546
-0.0088690456 -119.946
-0.0088688456 -123.145
-0.0088686456 -121.945
-0.0088684456 -121.546
-0.0088682456 -123.145
-0.0088680456 -121.146
-0.0088678456 -121.945
-0.0088676456 -121.146
-0.0088674456 -122.345
-0.0088672456 -125.544
-0.0088670456 -123.145
-0.0088668456 -121.945
-0.0088666456 -123.944
-0.0088664456 -120.746
-0.0088662456 -122.345
-0.0088660456 -125.944
-0.0088658456 -122.345
-0.0088656456 -121.546
-0.0088654456 -121.945
-0.0088652456 -121.945
-0.0088650456 -121.945
-0.0088648456 -122.745
-0.0088646456 -122.345
-0.0088644456 -122.345
-0.0088642456 -122.745
-0.0088640456 -120.346
-0.0088638456 -123.145
-0.0088636456 -126.743
-0.0088634456 -125.544
-0.0088632456 -122.345
-0.0088630456 -123.944
-0.0088628456 -121.945
-0.0088626456 -119.946
-0.0088624456 -122.745
-0.0088622456 -124.744
-0.0088620456 -123.545
-0.0088618456 -122.345
-0.0088616456 -123.145
-0.0088614456 -121.546
-0.0088612456 -124.344
-0.0088610456 -123.944
-0.0088608456 -123.145
-0.0088606456 -123.545
-0.0088604456 -126.343
-0.0088602456 -123.545
-0.0088600456 -123.545
-0.0088598456 -121.945
-0.0088596456 -123.545
-0.0088594456 -125.544
-0.0088592456 -122.745
-0.0088590456 -127.143
-0.0088588456 -125.144
-0.0088586456 -122.745
-0.0088584456 -122.745
-0.0088582456 -123.545
-0.0088580456 -124.344
-0.0088578456 -127.143
-0.0088576456 -125.144
-0.0088574456 -122.745
-0.0088572456 -122.345
-0.0088570456 -123.545
-0.0088568456 -122.345
-0.0088566456 -125.544
-0.0088564456 -122.345
-0.0088562456 -124.344
-0.0088560456 -125.544
-0.0088558456 -124.744
-0.0088556456 -126.743
-0.0088554456 -123.545
-0.0088552456 -127.143
-0.0088550456 -124.344
-0.0088548456 -123.944
-0.0088546456 -121.146
-0.0088544456 -123.944
-0.0088542456 -123.145
-0.0088540456 -122.745
-0.0088538456 -123.545
-0.0088536456 -124.744
-0.0088534456 -123.545
-0.0088532456 -124.344
-0.0088530456 -125.544
-0.0088528456 -125.544
-0.0088526456 -124.744
-0.0088524456 -124.744
-0.0088522456 -126.343
-0.0088520456 -124.344
-0.0088518456 -123.944
-0.0088516456 -124.344
-0.0088514456 -122.345
-0.0088512456 -125.144
-0.0088510456 -126.743
-0.0088508456 -125.144
-0.0088506456 -124.744
-0.0088504456 -127.143
-0.0088502456 -125.944
-0.0088500456 -127.143
-0.0088498456 -127.143
-0.0088496456 -123.545
-0.0088494456 -125.944
-0.0088492456 -125.944
-0.0088490456 -128.343
-0.0088488456 -127.543
-0.0088486456 -127.943
-0.0088484456 -124.344
-0.0088482456 -125.544
-0.0088480456 -125.944
-0.0088478456 -126.743
-0.0088476456 -123.944
-0.0088474456 -125.944
-0.0088472456 -123.545
-0.0088470456 -125.544
-0.0088468456 -126.343
-0.0088466456 -126.343
-0.0088464456 -126.343
-0.0088462456 -125.144
-0.0088460456 -128.343
-0.0088458456 -124.744
-0.0088456456 -126.343
-0.0088454456 -123.545
-0.0088452456 -126.343
-0.0088450456 -128.343
-0.0088448456 -124.344
-0.0088446456 -126.743
-0.0088444456 -128.742
-0.0088442456 -128.742
-0.0088440456 -128.343
-0.0088438456 -131.541
-0.0088436456 -125.544
-0.0088434456 -124.744
-0.0088432456 -127.943
-0.0088430456 -128.742
-0.0088428456 -127.943
-0.0088426456 -128.742
-0.0088424456 -127.143
-0.0088422456 -125.544
-0.0088420456 -125.944
-0.0088418456 -127.943
-0.0088416456 -127.543
-0.0088414456 -127.543
-0.0088412456 -124.744
-0.0088410456 -127.943
-0.0088408456 -124.744
-0.0088406456 -126.743
-0.0088404456 -126.343
-0.0088402456 -127.143
-0.0088400456 -125.944
-0.0088398456 -127.943
-0.0088396456 -129.142
-0.0088394456 -127.543
-0.0088392456 -124.744
-0.0088390456 -126.743
-0.0088388456 -129.142
-0.0088386456 -128.742
-0.0088384456 -127.143
-0.0088382456 -125.944
-0.0088380456 -127.543
-0.0088378456 -126.343
-0.0088376456 -129.542
-0.0088374456 -128.343
-0.0088372456 -127.143
-0.0088370456 -127.943
-0.0088368456 -125.944
-0.0088366456 -125.944
-0.0088364456 -128.742
-0.0088362456 -129.542
-0.0088360456 -126.343
-0.0088358456 -129.542
-0.0088356456 -126.343
-0.0088354456 -126.743
-0.0088352456 -128.343
-0.0088350456 -125.944
-0.0088348456 -127.143
-0.0088346456 -125.144
-0.0088344456 -125.944
-0.0088342456 -127.143
-0.0088340456 -127.543
-0.0088338456 -125.544
-0.0088336456 -128.343
-0.0088334456 -127.143
-0.0088332456 -129.942
-0.0088330456 -130.741
-0.0088328456 -128.343
-0.0088326456 -128.343
-0.0088324456 -126.743
-0.0088322456 -127.543
-0.0088320456 -127.143
-0.0088318456 -127.543
-0.0088316456 -127.943
-0.0088314456 -126.343
-0.0088312456 -125.944
-0.0088310456 -130.342
-0.0088308456 -128.742
-0.0088306456 -127.143
-0.0088304456 -129.142
-0.0088302456 -126.743
-0.0088300456 -129.542
-0.0088298456 -130.342
-0.0088296456 -129.542
-0.0088294456 -131.141
-0.0088292456 -129.942
-0.0088290456 -127.143
-0.0088288456 -128.742
-0.0088286456 -127.543
-0.0088284456 -127.543
-0.0088282456 -131.541
-0.0088280456 -126.743
-0.0088278456 -127.943
-0.0088276456 -129.142
-0.0088274456 -127.143
-0.0088272456 -128.343
-0.0088270456 -127.143
-0.0088268456 -128.343
-0.0088266456 -129.142
-0.0088264456 -130.342
-0.0088262456 -129.942
-0.0088260456 -129.942
-0.0088258456 -129.542
-0.0088256456 -127.943
-0.0088254456 -126.743
-0.0088252456 -128.742
-0.0088250456 -131.141
-0.0088248456 -127.143
-0.0088246456 -128.742
-0.0088244456 -129.542
-0.0088242456 -128.742
-0.0088240456 -128.742
-0.0088238456 -129.542
-0.0088236456 -127.943
-0.0088234456 -131.141
-0.0088232456 -128.742
-0.0088230456 -128.742
-0.0088228456 -131.141
-0.0088226456 -130.342
-0.0088224456 -126.343
-0.0088222456 -129.942
-0.0088220456 -129.942
-0.0088218456 -131.141
-0.0088216456 -129.942
-0.0088214456 -127.943
-0.0088212456 -131.941
-0.0088210456 -131.941
-0.0088208456 -130.741
-0.0088206456 -129.542
-0.0088204456 -129.942
-0.0088202456 -131.141
-0.0088200456 -129.142
-0.0088198456 -127.143
-0.0088196456 -129.942
-0.0088194456 -129.142
-0.0088192456 -130.342
-0.0088190456 -132.741
-0.0088188456 -129.542
-0.0088186456 -129.942
-0.0088184456 -130.342
-0.0088182456 -129.942
-0.0088180456 -131.141
-0.0088178456 -131.141
-0.0088176456 -130.342
-0.0088174456 -130.342
-0.0088172456 -131.941
-0.0088170456 -129.542
-0.0088168456 -130.741
-0.0088166456 -131.141
-0.0088164456 -129.542
-0.0088162456 -128.742
-0.0088160456 -129.942
-0.0088158456 -132.341
-0.0088156456 -132.741
-0.0088154456 -132.741
-0.0088152456 -130.741
-0.0088150456 -131.941
-0.0088148456 -131.141
-0.0088146456 -130.342
-0.0088144456 -131.541
-0.0088142456 -129.142
-0.0088140456 -131.941
-0.0088138456 -134.74
-0.0088136456 -133.14
-0.0088134456 -131.541
-0.0088132456 -132.741
-0.0088130456 -133.54
-0.0088128456 -134.34
-0.0088126456 -135.139
-0.0088124456 -133.54
-0.0088122456 -130.741
-0.0088120456 -133.94
-0.0088118456 -131.941
-0.0088116456 -131.541
-0.0088114456 -134.74
-0.0088112456 -132.741
-0.0088110456 -132.741
-0.0088108456 -133.54
-0.0088106456 -131.541
-0.0088104456 -133.94
-0.0088102456 -132.341
-0.0088100456 -133.54
-0.0088098456 -134.34
-0.0088096456 -133.54
-0.0088094456 -134.34
-0.0088092456 -135.139
-0.0088090456 -131.941
-0.0088088456 -133.54
-0.0088086456 -131.541
-0.0088084456 -133.14
-0.0088082456 -135.939
-0.0088080456 -133.54
-0.0088078456 -134.74
-0.0088076456 -133.94
-0.0088074456 -133.14
-0.0088072456 -133.14
-0.0088070456 -135.939
-0.0088068456 -133.14
-0.0088066456 -133.54
-0.0088064456 -135.139
-0.0088062456 -131.941
-0.0088060456 -133.94
-0.0088058456 -134.34
-0.0088056456 -133.94
-0.0088054456 -135.939
-0.0088052456 -134.74
-0.0088050456 -131.941
-0.0088048456 -137.538
-0.0088046456 -131.541
-0.0088044456 -134.34
-0.0088042456 -136.339
-0.0088040456 -135.139
-0.0088038456 -134.74
-0.0088036456 -134.34
-0.0088034456 -137.538
-0.0088032456 -134.34
-0.0088030456 -136.339
-0.0088028456 -133.14
-0.0088026456 -134.34
-0.0088024456 -135.939
-0.0088022456 -135.539
-0.0088020456 -134.34
-0.0088018456 -134.74
-0.0088016456 -136.739
-0.0088014456 -135.139
-0.0088012456 -136.339
-0.0088010456 -134.74
-0.0088008456 -135.539
-0.0088006456 -134.34
-0.0088004456 -133.54
-0.0088002456 -136.339
-0.0088000456 -138.338
-0.0087998456 -136.739
-0.0087996456 -134.74
-0.0087994456 -134.34
-0.0087992456 -134.74
-0.0087990456 -136.739
-0.0087988456 -138.338
-0.0087986456 -135.139
-0.0087984456 -138.738
-0.0087982456 -135.139
-0.0087980456 -134.74
-0.0087978456 -135.139
-0.0087976456 -135.539
-0.0087974456 -134.74
-0.0087972456 -134.34
-0.0087970456 -135.139
-0.0087968456 -138.338
-0.0087966456 -137.938
-0.0087964456 -134.74
-0.0087962456 -136.339
-0.0087960456 -135.939
-0.0087958456 -137.938
-0.0087956456 -136.339
-0.0087954456 -135.539
-0.0087952456 -139.537
-0.0087950456 -137.538
-0.0087948456 -138.738
-0.0087946456 -139.138
-0.0087944456 -135.539
-0.0087942456 -136.739
-0.0087940456 -139.138
-0.0087938456 -139.537
-0.0087936456 -135.139
-0.0087934456 -137.139
-0.0087932456 -138.338
-0.0087930456 -141.137
-0.0087928456 -137.938
-0.0087926456 -135.939
-0.0087924456 -139.138
-0.0087922456 -138.338
-0.0087920456 -137.538
-0.0087918456 -137.139
-0.0087916456 -136.739
-0.0087914456 -135.139
-0.0087912456 -137.538
-0.0087910456 -139.138
-0.0087908456 -138.338
-0.0087906456 -137.538
-0.0087904456 -138.738
-0.0087902456 -136.739
-0.0087900456 -137.538
-0.0087898456 -136.339
-0.0087896456 -138.738
-0.0087894456 -141.137
-0.0087892456 -138.338
-0.0087890456 -137.139
-0.0087888456 -137.538
-0.0087886456 -138.338
-0.0087884456 -137.139
-0.0087882456 -139.537
-0.0087880456 -142.336
-0.0087878456 -137.538
-0.0087876456 -138.738
-0.0087874456 -139.138
-0.0087872456 -138.738
-0.0087870456 -140.337
-0.0087868456 -139.138
-0.0087866456 -137.938
-0.0087864456 -137.139
-0.0087862456 -138.738
-0.0087860456 -139.537
-0.0087858456 -138.338
-0.0087856456 -135.539
-0.0087854456 -139.537
-0.0087852456 -137.139
-0.0087850456 -139.138
-0.0087848456 -136.739
-0.0087846456 -139.138
-0.0087844456 -137.538
-0.0087842456 -141.137
-0.0087840456 -139.537
-0.0087838456 -140.737
-0.0087836456 -135.139
-0.0087834456 -136.739
-0.0087832456 -139.937
-0.0087830456 -138.338
-0.0087828456 -139.937
-0.0087826456 -136.739
-0.0087824456 -139.138
-0.0087822456 -138.338
-0.0087820456 -141.936
-0.0087818456 -139.537
-0.0087816456 -140.737
-0.0087814456 -140.337
-0.0087812456 -140.737
-0.0087810456 -138.738
-0.0087808456 -140.337
-0.0087806456 -141.137
-0.0087804456 -138.738
-0.0087802456 -139.138
-0.0087800456 -141.137
-0.0087798456 -139.537
-0.0087796456 -140.337
-0.0087794456 -139.537
-0.0087792456 -137.938
-0.0087790456 -137.938
-0.0087788456 -139.937
-0.0087786456 -141.936
-0.0087784456 -139.537
-0.0087782456 -138.338
-0.0087780456 -141.936
-0.0087778456 -141.537
-0.0087776456 -139.937
-0.0087774456 -137.938
-0.0087772456 -139.937
-0.0087770456 -142.336
-0.0087768456 -141.936
-0.0087766456 -138.338
-0.0087764456 -140.737
-0.0087762456 -141.936
-0.0087760456 -139.537
-0.0087758456 -143.936
-0.0087756456 -140.337
-0.0087754456 -143.136
-0.0087752456 -143.136
-0.0087750456 -143.536
-0.0087748456 -140.337
-0.0087746456 -141.537
-0.0087744456 -141.537
-0.0087742456 -141.537
-0.0087740456 -140.337
-0.0087738456 -141.137
-0.0087736456 -141.137
-0.0087734456 -138.338
-0.0087732456 -142.336
-0.0087730456 -141.537
-0.0087728456 -141.137
-0.0087726456 -143.536
-0.0087724456 -140.737
-0.0087722456 -142.336
-0.0087720456 -143.136
-0.0087718456 -141.537
-0.0087716456 -141.537
-0.0087714456 -142.736
-0.0087712456 -144.335
-0.0087710456 -142.736
-0.0087708456 -141.537
-0.0087706456 -141.936
-0.0087704456 -141.137
-0.0087702456 -141.936
-0.0087700456 -143.936
-0.0087698456 -142.736
-0.0087696456 -140.737
-0.0087694456 -140.337
-0.0087692456 -143.136
-0.0087690456 -141.137
-0.0087688456 -140.737
-0.0087686456 -141.537
-0.0087684456 -139.537
-0.0087682456 -143.936
-0.0087680456 -142.736
-0.0087678456 -143.136
-0.0087676456 -141.537
-0.0087674456 -142.336
-0.0087672456 -141.936
-0.0087670456 -143.136
-0.0087668456 -143.136
-0.0087666456 -143.136
-0.0087664456 -142.336
-0.0087662456 -142.336
-0.0087660456 -142.736
-0.0087658456 -143.936
-0.0087656456 -145.135
-0.0087654456 -145.535
-0.0087652456 -146.334
-0.0087650456 -144.735
-0.0087648456 -142.736
-0.0087646456 -142.336
-0.0087644456 -143.936
-0.0087642456 -138.738
-0.0087640456 -143.936
-0.0087638456 -143.536
-0.0087636456 -144.735
-0.0087634456 -143.136
-0.0087632456 -143.936
-0.0087630456 -145.935
-0.0087628456 -145.135
-0.0087626456 -145.935
-0.0087624456 -146.334
-0.0087622456 -141.936
-0.0087620456 -147.134
-0.0087618456 -143.136
-0.0087616456 -146.334
-0.0087614456 -143.536
-0.0087612456 -145.535
-0.0087610456 -143.936
-0.0087608456 -144.335
-0.0087606456 -142.736
-0.0087604456 -146.734
-0.0087602456 -143.936
-0.0087600456 -143.936
-0.0087598456 -145.935
-0.0087596456 -146.334
-0.0087594456 -146.334
-0.0087592456 -147.534
-0.0087590456 -144.335
-0.0087588456 -146.334
-0.0087586456 -146.334
-0.0087584456 -146.334
-0.0087582456 -147.534
-0.0087580456 -145.935
-0.0087578456 -148.733
-0.0087576456 -146.734
-0.0087574456 -149.133
-0.0087572456 -147.134
-0.0087570456 -145.135
-0.0087568456 -146.734
-0.0087566456 -145.135
-0.0087564456 -147.934
-0.0087562456 -146.334
-0.0087560456 -147.134
-0.0087558456 -147.134
-0.0087556456 -145.135
-0.0087554456 -147.934
-0.0087552456 -144.735
-0.0087550456 -150.333
-0.0087548456 -147.934
-0.0087546456 -145.935
-0.0087544456 -144.335
-0.0087542456 -146.334
-0.0087540456 -144.335
-0.0087538456 -145.135
-0.0087536456 -146.334
-0.0087534456 -144.735
-0.0087532456 -147.934
-0.0087530456 -147.134
-0.0087528456 -145.535
-0.0087526456 -145.935
-0.0087524456 -147.134
-0.0087522456 -146.334
-0.0087520456 -146.734
-0.0087518456 -146.734
-0.0087516456 -146.734
-0.0087514456 -146.334
-0.0087512456 -146.334
-0.0087510456 -147.134
-0.0087508456 -147.134
-0.0087506456 -145.535
-0.0087504456 -146.334
-0.0087502456 -146.334
-0.0087500456 -146.334
-0.0087498456 -147.134
-0.0087496456 -147.934
-0.0087494456 -145.135
-0.0087492456 -147.934
-0.0087490456 -147.934
-0.0087488456 -148.733
-0.0087486456 -147.934
-0.0087484456 -146.334
-0.0087482456 -147.134
-0.0087480456 -147.134
-0.0087478456 -147.134
-0.0087476456 -148.733
-0.0087474456 -147.534
-0.0087472456 -146.334
-0.0087470456 -147.534
-0.0087468456 -146.334
-0.0087466456 -147.134
-0.0087464456 -146.334
-0.0087462456 -147.134
-0.0087460456 -148.334
-0.0087458456 -146.334
-0.0087456456 -149.533
-0.0087454456 -149.133
-0.0087452456 -146.334
-0.0087450456 -145.135
-0.0087448456 -146.734
-0.0087446456 -147.534
-0.0087444456 -145.935
-0.0087442456 -147.534
-0.0087440456 -147.134
-0.0087438456 -146.334
-0.0087436456 -149.533
-0.0087434456 -147.934
-0.0087432456 -148.733
-0.0087430456 -147.534
-0.0087428456 -147.934
-0.0087426456 -150.732
-0.0087424456 -148.334
-0.0087422456 -147.134
-0.0087420456 -146.734
-0.0087418456 -149.933
-0.0087416456 -147.934
-0.0087414456 -147.134
-0.0087412456 -147.934
-0.0087410456 -149.133
-0.0087408456 -148.334
-0.0087406456 -147.934
-0.0087404456 -151.132
-0.0087402456 -147.934
-0.0087400456 -149.533
-0.0087398456 -149.533
-0.0087396456 -149.933
-0.0087394456 -149.133
-0.0087392456 -149.933
-0.0087390456 -151.532
-0.0087388456 -150.732
-0.0087386456 -151.132
-0.0087384456 -147.934
-0.0087382456 -149.133
-0.0087380456 -149.533
-0.0087378456 -149.133
-0.0087376456 -150.333
-0.0087374456 -147.934
-0.0087372456 -150.732
-0.0087370456 -150.333
-0.0087368456 -150.333
-0.0087366456 -152.332
-0.0087364456 -148.334
-0.0087362456 -149.533
-0.0087360456 -149.133
-0.0087358456 -152.732
-0.0087356456 -151.132
-0.0087354456 -153.531
-0.0087352456 -150.333
-0.0087350456 -148.733
-0.0087348456 -147.134
-0.0087346456 -150.333
-0.0087344456 -151.132
-0.0087342456 -153.531
-0.0087340456 -147.534
-0.0087338456 -150.333
-0.0087336456 -152.332
-0.0087334456 -150.732
-0.0087332456 -150.333
-0.0087330456 -152.332
-0.0087328456 -150.732
-0.0087326456 -153.531
-0.0087324456 -148.733
-0.0087322456 -151.532
-0.0087320456 -153.931
-0.0087318456 -151.532
-0.0087316456 -151.132
-0.0087314456 -150.732
-0.0087312456 -151.132
-0.0087310456 -148.334
-0.0087308456 -149.533
-0.0087306456 -153.531
-0.0087304456 -153.131
-0.0087302456 -155.131
-0.0087300456 -153.531
-0.0087298456 -150.732
-0.0087296456 -153.531
-0.0087294456 -153.131
-0.0087292456 -153.931
-0.0087290456 -157.529
-0.0087288456 -151.932
-0.0087286456 -154.331
-0.0087284456 -154.331
-0.0087282456 -151.132
-0.0087280456 -151.132
-0.0087278456 -151.932
-0.0087276456 -150.732
-0.0087274456 -153.131
-0.0087272456 -150.732
-0.0087270456 -155.131
-0.0087268456 -150.333
-0.0087266456 -151.132
-0.0087264456 -152.732
-0.0087262456 -150.333
-0.0087260456 -152.332
-0.0087258456 -152.332
-0.0087256456 -153.931
-0.0087254456 -153.931
-0.0087252456 -153.531
-0.0087250456 -153.931
-0.0087248456 -152.332
-0.0087246456 -150.333
-0.0087244456 -152.732
-0.0087242456 -149.133
-0.0087240456 -152.732
-0.0087238456 -154.331
-0.0087236456 -153.131
-0.0087234456 -154.331
-0.0087232456 -154.331
-0.0087230456 -155.53
-0.0087228456 -151.932
-0.0087226456 -153.931
-0.0087224456 -151.132
-0.0087222456 -155.131
-0.0087220456 -154.731
-0.0087218456 -153.531
-0.0087216456 -156.33
-0.0087214456 -156.33
-0.0087212456 -155.53
-0.0087210456 -155.53
-0.0087208456 -154.731
-0.0087206456 -155.93
-0.0087204456 -157.13
-0.0087202456 -154.331
-0.0087200456 -157.13
-0.0087198456 -155.93
-0.0087196456 -153.131
-0.0087194456 -154.731
-0.0087192456 -153.131
-0.0087190456 -157.13
-0.0087188456 -154.731
-0.0087186456 -152.732
-0.0087184456 -156.73
-0.0087182456 -155.53
-0.0087180456 -156.33
-0.0087178456 -154.331
-0.0087176456 -155.131
-0.0087174456 -155.131
-0.0087172456 -155.53
-0.0087170456 -154.731
-0.0087168456 -153.131
-0.0087166456 -156.33
-0.0087164456 -155.93
-0.0087162456 -154.731
-0.0087160456 -155.131
-0.0087158456 -154.731
-0.0087156456 -157.529
-0.0087154456 -156.73
-0.0087152456 -153.531
-0.0087150456 -154.331
-0.0087148456 -155.53
-0.0087146456 -153.531
-0.0087144456 -155.131
-0.0087142456 -155.131
-0.0087140456 -155.93
-0.0087138456 -156.33
-0.0087136456 -155.53
-0.0087134456 -153.931
-0.0087132456 -155.93
-0.0087130456 -156.33
-0.0087128456 -156.33
-0.0087126456 -153.931
-0.0087124456 -155.131
-0.0087122456 -154.731
-0.0087120456 -155.93
-0.0087118456 -156.33
-0.0087116456 -154.731
-0.0087114456 -156.73
-0.0087112456 -155.53
-0.0087110456 -157.13
-0.0087108456 -155.53
-0.0087106456 -157.529
-0.0087104456 -156.33
-0.0087102456 -155.93
-0.0087100456 -153.931
-0.0087098456 -157.13
-0.0087096456 -155.131
-0.0087094456 -153.531
-0.0087092456 -156.73
-0.0087090456 -157.929
-0.0087088456 -155.93
-0.0087086456 -156.73
-0.0087084456 -156.33
-0.0087082456 -155.131
-0.0087080456 -155.93
-0.0087078456 -155.53
-0.0087076456 -157.529
-0.0087074456 -157.13
-0.0087072456 -156.73
-0.0087070456 -155.53
-0.0087068456 -155.131
-0.0087066456 -155.93
-0.0087064456 -156.73
-0.0087062456 -157.529
-0.0087060456 -157.529
-0.0087058456 -155.131
-0.0087056456 -155.53
-0.0087054456 -156.33
-0.0087052456 -157.13
-0.0087050456 -157.529
-0.0087048456 -156.73
-0.0087046456 -157.929
-0.0087044456 -155.53
-0.0087042456 -154.331
-0.0087040456 -157.13
-0.0087038456 -155.93
-0.0087036456 -157.929
-0.0087034456 -156.33
-0.0087032456 -157.929
-0.0087030456 -158.329
-0.0087028456 -157.929
-0.0087026456 -157.929
-0.0087024456 -156.73
-0.0087022456 -155.93
-0.0087020456 -159.928
-0.0087018456 -157.929
-0.0087016456 -156.33
-0.0087014456 -157.13
-0.0087012456 -156.73
-0.0087010456 -157.13
-0.0087008456 -157.529
-0.0087006456 -157.13
-0.0087004456 -156.33
-0.0087002456 -158.329
-0.0087000456 -157.929
-0.0086998456 -158.329
-0.0086996456 -158.329
-0.0086994456 -158.329
-0.0086992456 -159.529
-0.0086990456 -160.328
-0.0086988456 -159.129
-0.0086986456 -158.729
-0.0086984456 -156.73
-0.0086982456 -156.33
-0.0086980456 -158.729
-0.0086978456 -158.729
-0.0086976456 -158.729
-0.0086974456 -160.328
-0.0086972456 -155.53
-0.0086970456 -157.13
-0.0086968456 -156.33
-0.0086966456 -157.529
-0.0086964456 -157.929
-0.0086962456 -159.529
-0.0086960456 -158.729
-0.0086958456 -156.33
-0.0086956456 -159.129
-0.0086954456 -159.529
-0.0086952456 -160.328
-0.0086950456 -157.13
-0.0086948456 -158.329
-0.0086946456 -157.929
-0.0086944456 -158.729
-0.0086942456 -160.328
-0.0086940456 -157.929
-0.0086938456 -160.728
-0.0086936456 -160.328
-0.0086934456 -156.33
-0.0086932456 -159.529
-0.0086930456 -159.529
-0.0086928456 -160.328
-0.0086926456 -160.728
-0.0086924456 -161.128
-0.0086922456 -161.927
-0.0086920456 -162.327
-0.0086918456 -159.529
-0.0086916456 -161.128
-0.0086914456 -160.328
-0.0086912456 -161.927
-0.0086910456 -162.327
-0.0086908456 -159.129
-0.0086906456 -162.327
-0.0086904456 -161.927
-0.0086902456 -161.128
-0.0086900456 -159.129
-0.0086898456 -163.127
-0.0086896456 -162.327
-0.0086894456 -164.326
-0.0086892456 -159.529
-0.0086890456 -159.529
-0.0086888456 -161.528
-0.0086886456 -161.128
-0.0086884456 -163.127
-0.0086882456 -165.126
-0.0086880456 -161.528
-0.0086878456 -161.528
-0.0086876456 -160.728
-0.0086874456 -160.728
-0.0086872456 -160.328
-0.0086870456 -161.927
-0.0086868456 -161.528
-0.0086866456 -163.527
-0.0086864456 -160.728
-0.0086862456 -163.927
-0.0086860456 -162.727
-0.0086858456 -161.528
-0.0086856456 -166.325
-0.0086854456 -165.126
-0.0086852456 -162.727
-0.0086850456 -164.326
-0.0086848456 -167.125
-0.0086846456 -160.328
-0.0086844456 -165.526
-0.0086842456 -165.126
-0.0086840456 -160.328
-0.0086838456 -163.127
-0.0086836456 -163.127
-0.0086834456 -162.327
-0.0086832456 -163.127
-0.0086830456 -162.327
-0.0086828456 -165.126
-0.0086826456 -162.327
-0.0086824456 -162.327
-0.0086822456 -164.726
-0.0086820456 -161.528
-0.0086818456 -162.727
-0.0086816456 -161.528
-0.0086814456 -161.128
-0.0086812456 -163.527
-0.0086810456 -163.127
-0.0086808456 -161.927
-0.0086806456 -161.128
-0.0086804456 -163.127
-0.0086802456 -162.327
-0.0086800456 -163.127
-0.0086798456 -163.527
-0.0086796456 -163.127
-0.0086794456 -165.126
-0.0086792456 -165.926
-0.0086790456 -164.326
-0.0086788456 -164.726
-0.0086786456 -163.927
-0.0086784456 -166.325
-0.0086782456 -165.526
-0.0086780456 -161.927
-0.0086778456 -164.326
-0.0086776456 -163.127
-0.0086774456 -165.526
-0.0086772456 -163.527
-0.0086770456 -165.926
-0.0086768456 -164.726
-0.0086766456 -165.526
-0.0086764456 -163.127
-0.0086762456 -162.727
-0.0086760456 -165.126
-0.0086758456 -165.126
-0.0086756456 -163.927
-0.0086754456 -164.326
-0.0086752456 -165.126
-0.0086750456 -164.326
-0.0086748456 -163.127
-0.0086746456 -165.126
-0.0086744456 -163.127
-0.0086742456 -163.127
-0.0086740456 -165.126
-0.0086738456 -163.527
-0.0086736456 -161.128
-0.0086734456 -168.325
-0.0086732456 -164.326
-0.0086730456 -165.926
-0.0086728456 -165.126
-0.0086726456 -165.126
-0.0086724456 -164.726
-0.0086722456 -164.726
-0.0086720456 -165.126
-0.0086718456 -164.726
-0.0086716456 -164.726
-0.0086714456 -165.526
-0.0086712456 -163.927
-0.0086710456 -167.125
-0.0086708456 -166.325
-0.0086706456 -164.726
-0.0086704456 -165.526
-0.0086702456 -165.526
-0.0086700456 -164.726
-0.0086698456 -165.126
-0.0086696456 -165.126
-0.0086694456 -164.326
-0.0086692456 -166.725
-0.0086690456 -163.127
-0.0086688456 -167.125
-0.0086686456 -162.727
-0.0086684456 -164.326
-0.0086682456 -167.125
-0.0086680456 -163.927
-0.0086678456 -163.527
-0.0086676456 -163.527
-0.0086674456 -166.725
-0.0086672456 -166.325
-0.0086670456 -165.526
-0.0086668456 -165.526
-0.0086666456 -164.326
-0.0086664456 -165.126
-0.0086662456 -164.726
-0.0086660456 -166.325
-0.0086658456 -166.325
-0.0086656456 -165.926
-0.0086654456 -167.125
-0.0086652456 -165.926
-0.0086650456 -167.925
-0.0086648456 -168.724
-0.0086646456 -166.725
-0.0086644456 -167.925
-0.0086642456 -166.725
-0.0086640456 -169.124
-0.0086638456 -168.724
-0.0086636456 -165.926
-0.0086634456 -168.724
-0.0086632456 -167.125
-0.0086630456 -167.125
-0.0086628456 -168.325
-0.0086626456 -170.324
-0.0086624456 -167.525
-0.0086622456 -167.125
-0.0086620456 -168.724
-0.0086618456 -167.925
-0.0086616456 -165.926
-0.0086614456 -167.925
-0.0086612456 -168.325
-0.0086610456 -165.126
-0.0086608456 -167.525
-0.0086606456 -168.325
-0.0086604456 -170.724
-0.0086602456 -171.123
-0.0086600456 -169.524
-0.0086598456 -167.925
-0.0086596456 -168.724
-0.0086594456 -169.924
-0.0086592456 -168.724
-0.0086590456 -169.124
-0.0086588456 -165.926
-0.0086586456 -168.724
-0.0086584456 -169.124
-0.0086582456 -166.725
-0.0086580456 -170.324
-0.0086578456 -169.124
-0.0086576456 -169.124
-0.0086574456 -169.524
-0.0086572456 -170.324
-0.0086570456 -170.324
-0.0086568456 -170.724
-0.0086566456 -170.724
-0.0086564456 -171.523
-0.0086562456 -169.124
-0.0086560456 -171.123
-0.0086558456 -169.524
-0.0086556456 -172.723
-0.0086554456 -171.523
-0.0086552456 -168.724
-0.0086550456 -170.724
-0.0086548456 -168.724
-0.0086546456 -171.123
-0.0086544456 -169.524
-0.0086542456 -167.925
-0.0086540456 -167.525
-0.0086538456 -171.923
-0.0086536456 -168.724
-0.0086534456 -171.523
-0.0086532456 -171.523
-0.0086530456 -170.324
-0.0086528456 -171.123
-0.0086526456 -171.923
-0.0086524456 -169.524
-0.0086522456 -170.324
-0.0086520456 -171.123
-0.0086518456 -169.124
-0.0086516456 -171.923
-0.0086514456 -171.123
-0.0086512456 -170.724
-0.0086510456 -169.924
-0.0086508456 -173.122
-0.0086506456 -169.924
-0.0086504456 -170.724
-0.0086502456 -171.923
-0.0086500456 -168.325
-0.0086498456 -169.924
-0.0086496456 -171.923
-0.0086494456 -170.324
-0.0086492456 -171.523
-0.0086490456 -173.922
-0.0086488456 -172.323
-0.0086486456 -172.323
-0.0086484456 -173.922
-0.0086482456 -170.324
-0.0086480456 -171.923
-0.0086478456 -173.122
-0.0086476456 -172.723
-0.0086474456 -173.922
-0.0086472456 -174.322
-0.0086470456 -171.923
-0.0086468456 -172.323
-0.0086466456 -173.522
-0.0086464456 -173.122
-0.0086462456 -171.923
-0.0086460456 -174.322
-0.0086458456 -172.723
-0.0086456456 -173.122
-0.0086454456 -171.923
-0.0086452456 -171.523
-0.0086450456 -171.123
-0.0086448456 -171.923
-0.0086446456 -175.521
-0.0086444456 -172.723
-0.0086442456 -172.323
-0.0086440456 -171.923
-0.0086438456 -170.724
-0.0086436456 -174.722
-0.0086434456 -171.523
-0.0086432456 -173.522
-0.0086430456 -174.322
-0.0086428456 -173.122
-0.0086426456 -174.322
-0.0086424456 -172.323
-0.0086422456 -171.923
-0.0086420456 -172.323
-0.0086418456 -171.923
-0.0086416456 -171.123
-0.0086414456 -173.522
-0.0086412456 -173.522
-0.0086410456 -174.322
-0.0086408456 -174.322
-0.0086406456 -173.522
-0.0086404456 -173.522
-0.0086402456 -175.921
-0.0086400456 -173.922
-0.0086398456 -174.322
-0.0086396456 -173.522
-0.0086394456 -172.723
-0.0086392456 -173.522
-0.0086390456 -173.522
-0.0086388456 -173.122
-0.0086386456 -171.123
-0.0086384456 -174.322
-0.0086382456 -173.522
-0.0086380456 -173.522
-0.0086378456 -174.722
-0.0086376456 -172.323
-0.0086374456 -174.722
-0.0086372456 -172.723
-0.0086370456 -173.522
-0.0086368456 -174.722
-0.0086366456 -173.122
-0.0086364456 -174.722
-0.0086362456 -174.722
-0.0086360456 -174.722
-0.0086358456 -174.722
-0.0086356456 -171.123
-0.0086354456 -173.522
-0.0086352456 -174.322
-0.0086350456 -174.722
-0.0086348456 -175.521
-0.0086346456 -174.322
-0.0086344456 -174.322
-0.0086342456 -172.723
-0.0086340456 -175.122
-0.0086338456 -171.923
-0.0086336456 -175.122
-0.0086334456 -174.722
-0.0086332456 -174.322
-0.0086330456 -174.322
-0.0086328456 -173.922
-0.0086326456 -174.322
-0.0086324456 -175.921
-0.0086322456 -173.922
-0.0086320456 -174.722
-0.0086318456 -175.521
-0.0086316456 -175.122
-0.0086314456 -175.122
-0.0086312456 -176.721
-0.0086310456 -173.922
-0.0086308456 -173.922
-0.0086306456 -173.122
-0.0086304456 -175.122
-0.0086302456 -176.721
-0.0086300456 -174.322
-0.0086298456 -174.322
-0.0086296456 -174.322
-0.0086294456 -175.521
-0.0086292456 -174.722
-0.0086290456 -172.723
-0.0086288456 -177.121
-0.0086286456 -173.522
-0.0086284456 -175.921
-0.0086282456 -176.321
-0.0086280456 -175.921
-0.0086278456 -173.922
-0.0086276456 -174.722
-0.0086274456 -177.121
-0.0086272456 -174.722
-0.0086270456 -173.922
-0.0086268456 -177.121
-0.0086266456 -175.521
-0.0086264456 -175.122
-0.0086262456 -175.122
-0.0086260456 -177.52
-0.0086258456 -175.122
-0.0086256456 -178.32
-0.0086254456 -174.322
-0.0086252456 -173.522
-0.0086250456 -174.722
-0.0086248456 -178.32
-0.0086246456 -175.122
-0.0086244456 -174.322
-0.0086242456 -175.921
-0.0086240456 -175.122
-0.0086238456 -174.722
-0.0086236456 -177.52
-0.0086234456 -175.122
-0.0086232456 -176.721
-0.0086230456 -174.722
-0.0086228456 -173.922
-0.0086226456 -175.521
-0.0086224456 -173.922
-0.0086222456 -175.521
-0.0086220456 -173.522
-0.0086218456 -176.321
-0.0086216456 -175.122
-0.0086214456 -174.322
-0.0086212456 -174.322
-0.0086210456 -175.521
-0.0086208456 -174.722
-0.0086206456 -177.92
-0.0086204456 -176.321
-0.0086202456 -177.121
-0.0086200456 -175.921
-0.0086198456 -174.722
-0.0086196456 -175.122
-0.0086194456 -177.52
-0.0086192456 -175.521
-0.0086190456 -175.521
-0.0086188456 -174.322
-0.0086186456 -173.122
-0.0086184456 -179.52
-0.0086182456 -179.52
-0.0086180456 -177.92
-0.0086178456 -176.721
-0.0086176456 -179.12
-0.0086174456 -178.32
-0.0086172456 -179.12
-0.0086170456 -177.52
-0.0086168456 -176.721
-0.0086166456 -175.521
-0.0086164456 -175.521
-0.0086162456 -180.319
-0.0086160456 -180.319
-0.0086158456 -178.72
-0.0086156456 -177.52
-0.0086154456 -181.119
-0.0086152456 -176.721
-0.0086150456 -178.32
-0.0086148456 -175.521
-0.0086146456 -176.721
-0.0086144456 -182.318
-0.0086142456 -178.32
-0.0086140456 -177.92
-0.0086138456 -176.721
-0.0086136456 -174.722
-0.0086134456 -178.32
-0.0086132456 -178.72
-0.0086130456 -175.521
-0.0086128456 -177.121
-0.0086126456 -174.722
-0.0086124456 -177.92
-0.0086122456 -176.721
-0.0086120456 -178.32
-0.0086118456 -177.121
-0.0086116456 -177.92
-0.0086114456 -180.319
-0.0086112456 -180.719
-0.0086110456 -180.319
-0.0086108456 -179.919
-0.0086106456 -181.119
-0.0086104456 -180.319
-0.0086102456 -177.92
-0.0086100456 -176.721
-0.0086098456 -177.52
-0.0086096456 -181.119
-0.0086094456 -179.919
-0.0086092456 -179.919
-0.0086090456 -178.32
-0.0086088456 -179.52
-0.0086086456 -180.719
-0.0086084456 -177.121
-0.0086082456 -177.121
-0.0086080456 -179.52
-0.0086078456 -179.52
-0.0086076456 -179.919
-0.0086074456 -179.919
-0.0086072456 -179.12
-0.0086070456 -179.12
-0.0086068456 -182.718
-0.0086066456 -181.519
-0.0086064456 -182.318
-0.0086062456 -180.319
-0.0086060456 -181.119
-0.0086058456 -179.919
-0.0086056456 -182.318
-0.0086054456 -180.319
-0.0086052456 -179.12
-0.0086050456 -181.119
-0.0086048456 -183.118
-0.0086046456 -181.119
-0.0086044456 -180.319
-0.0086042456 -181.919
-0.0086040456 -183.118
-0.0086038456 -181.519
-0.0086036456 -181.919
-0.0086034456 -182.718
-0.0086032456 -182.318
-0.0086030456 -181.519
-0.0086028456 -183.918
-0.0086026456 -181.919
-0.0086024456 -183.118
-0.0086022456 -183.118
-0.0086020456 -181.519
-0.0086018456 -182.318
-0.0086016456 -181.919
-0.0086014456 -181.119
-0.0086012456 -181.919
-0.0086010456 -181.519
-0.0086008456 -183.518
-0.0086006456 -182.718
-0.0086004456 -180.719
-0.0086002456 -181.919
-0.0086000456 -183.918
-0.0085998456 -182.318
-0.0085996456 -183.118
-0.0085994456 -183.518
-0.0085992456 -182.718
-0.0085990456 -180.319
-0.0085988456 -184.317
-0.0085986456 -185.117
-0.0085984456 -181.919
-0.0085982456 -182.318
-0.0085980456 -183.918
-0.0085978456 -183.518
-0.0085976456 -183.118
-0.0085974456 -184.317
-0.0085972456 -181.119
-0.0085970456 -183.518
-0.0085968456 -183.518
-0.0085966456 -184.717
-0.0085964456 -184.317
-0.0085962456 -183.118
-0.0085960456 -183.518
-0.0085958456 -184.717
-0.0085956456 -184.317
-0.0085954456 -184.717
-0.0085952456 -186.317
-0.0085950456 -186.716
-0.0085948456 -183.918
-0.0085946456 -185.517
-0.0085944456 -183.918
-0.0085942456 -182.318
-0.0085940456 -182.718
-0.0085938456 -185.117
-0.0085936456 -183.518
-0.0085934456 -183.518
-0.0085932456 -184.317
-0.0085930456 -184.717
-0.0085928456 -184.717
-0.0085926456 -184.317
-0.0085924456 -182.718
-0.0085922456 -185.117
-0.0085920456 -184.317
-0.0085918456 -183.518
-0.0085916456 -183.118
-0.0085914456 -183.518
-0.0085912456 -184.717
-0.0085910456 -182.718
-0.0085908456 -183.918
-0.0085906456 -186.317
-0.0085904456 -184.717
-0.0085902456 -187.516
-0.0085900456 -185.917
-0.0085898456 -183.118
-0.0085896456 -182.718
-0.0085894456 -186.317
-0.0085892456 -183.118
-0.0085890456 -183.518
-0.0085888456 -186.317
-0.0085886456 -184.317
-0.0085884456 -183.918
-0.0085882456 -185.917
-0.0085880456 -182.718
-0.0085878456 -184.717
-0.0085876456 -183.118
-0.0085874456 -184.317
-0.0085872456 -186.716
-0.0085870456 -185.517
-0.0085868456 -185.917
-0.0085866456 -187.516
-0.0085864456 -186.317
-0.0085862456 -186.317
-0.0085860456 -184.317
-0.0085858456 -186.716
-0.0085856456 -185.117
-0.0085854456 -184.317
-0.0085852456 -187.916
-0.0085850456 -184.317
-0.0085848456 -186.317
-0.0085846456 -189.515
-0.0085844456 -185.117
-0.0085842456 -187.516
-0.0085840456 -184.317
-0.0085838456 -184.717
-0.0085836456 -185.917
-0.0085834456 -189.115
-0.0085832456 -184.717
-0.0085830456 -187.116
-0.0085828456 -183.918
-0.0085826456 -187.516
-0.0085824456 -186.317
-0.0085822456 -185.917
-0.0085820456 -185.117
-0.0085818456 -187.516
-0.0085816456 -187.516
-0.0085814456 -188.316
-0.0085812456 -185.917
-0.0085810456 -187.116
-0.0085808456 -186.716
-0.0085806456 -189.515
-0.0085804456 -185.917
-0.0085802456 -187.916
-0.0085800456 -188.715
-0.0085798456 -188.316
-0.0085796456 -184.317
-0.0085794456 -187.916
-0.0085792456 -188.316
-0.0085790456 -185.917
-0.0085788456 -188.715
-0.0085786456 -189.115
-0.0085784456 -187.116
-0.0085782456 -189.915
-0.0085780456 -187.516
-0.0085778456 -187.116
-0.0085776456 -187.916
-0.0085774456 -188.316
-0.0085772456 -186.317
-0.0085770456 -186.716
-0.0085768456 -189.515
-0.0085766456 -189.115
-0.0085764456 -187.916
-0.0085762456 -185.917
-0.0085760456 -188.316
-0.0085758456 -187.516
-0.0085756456 -189.515
-0.0085754456 -189.115
-0.0085752456 -189.115
-0.0085750456 -188.715
-0.0085748456 -187.916
-0.0085746456 -188.715
-0.0085744456 -189.515
-0.0085742456 -188.715
-0.0085740456 -188.715
-0.0085738456 -189.515
-0.0085736456 -187.516
-0.0085734456 -187.916
-0.0085732456 -188.316
-0.0085730456 -189.115
-0.0085728456 -188.316
-0.0085726456 -188.715
-0.0085724456 -188.316
-0.0085722456 -187.916
-0.0085720456 -188.316
-0.0085718456 -190.315
-0.0085716456 -186.317
-0.0085714456 -189.515
-0.0085712456 -189.515
-0.0085710456 -189.915
-0.0085708456 -189.915
-0.0085706456 -189.915
-0.0085704456 -187.916
-0.0085702456 -188.715
-0.0085700456 -190.715
-0.0085698456 -191.514
-0.0085696456 -189.515
-0.0085694456 -187.516
-0.0085692456 -188.715
-0.0085690456 -188.316
-0.0085688456 -188.715
-0.0085686456 -190.715
-0.0085684456 -188.715
-0.0085682456 -189.115
-0.0085680456 -190.315
-0.0085678456 -189.115
-0.0085676456 -190.315
-0.0085674456 -191.914
-0.0085672456 -188.316
-0.0085670456 -189.515
-0.0085668456 -192.714
-0.0085666456 -188.715
-0.0085664456 -189.115
-0.0085662456 -190.715
-0.0085660456 -190.715
-0.0085658456 -188.316
-0.0085656456 -189.115
-0.0085654456 -189.515
-0.0085652456 -189.515
-0.0085650456 -191.114
-0.0085648456 -189.915
-0.0085646456 -187.116
-0.0085644456 -189.115
-0.0085642456 -189.115
-0.0085640456 -189.915
-0.0085638456 -189.515
-0.0085636456 -189.515
-0.0085634456 -189.115
-0.0085632456 -191.914
-0.0085630456 -188.316
-0.0085628456 -189.515
-0.0085626456 -189.515
-0.0085624456 -194.313
-0.0085622456 -189.115
-0.0085620456 -189.115
-0.0085618456 -189.515
-0.0085616456 -190.715
-0.0085614456 -189.915
-0.0085612456 -190.715
-0.0085610456 -190.715
-0.0085608456 -187.916
-0.0085606456 -189.115
-0.0085604456 -187.916
-0.0085602456 -190.715
-0.0085600456 -189.515
-0.0085598456 -189.115
-0.0085596456 -188.715
-0.0085594456 -190.715
-0.0085592456 -188.715
-0.0085590456 -190.315
-0.0085588456 -188.316
-0.0085586456 -189.115
-0.0085584456 -188.316
-0.0085582456 -189.515
-0.0085580456 -189.115
-0.0085578456 -189.915
-0.0085576456 -189.515
-0.0085574456 -189.915
-0.0085572456 -190.315
-0.0085570456 -190.715
-0.0085568456 -191.914
-0.0085566456 -188.715
-0.0085564456 -190.715
-0.0085562456 -189.915
-0.0085560456 -190.715
-0.0085558456 -191.114
-0.0085556456 -189.915
-0.0085554456 -190.315
-0.0085552456 -189.915
-0.0085550456 -193.513
-0.0085548456 -189.515
-0.0085546456 -189.515
-0.0085544456 -192.714
-0.0085542456 -191.114
-0.0085540456 -189.915
-0.0085538456 -189.115
-0.0085536456 -190.715
-0.0085534456 -190.315
-0.0085532456 -190.315
-0.0085530456 -190.315
-0.0085528456 -191.514
-0.0085526456 -189.915
-0.0085524456 -189.915
-0.0085522456 -191.514
-0.0085520456 -193.113
-0.0085518456 -187.916
-0.0085516456 -191.914
-0.0085514456 -191.114
-0.0085512456 -191.114
-0.0085510456 -192.314
-0.0085508456 -192.714
-0.0085506456 -193.513
-0.0085504456 -191.114
-0.0085502456 -189.915
-0.0085500456 -190.715
-0.0085498456 -191.114
-0.0085496456 -191.914
-0.0085494456 -188.715
-0.0085492456 -189.515
-0.0085490456 -191.914
-0.0085488456 -191.914
-0.0085486456 -193.513
-0.0085484456 -190.315
-0.0085482456 -190.715
-0.0085480456 -191.914
-0.0085478456 -191.114
-0.0085476456 -193.513
-0.0085474456 -191.114
-0.0085472456 -189.515
-0.0085470456 -191.514
-0.0085468456 -191.514
-0.0085466456 -191.114
-0.0085464456 -191.514
-0.0085462456 -188.715
-0.0085460456 -194.713
-0.0085458456 -189.915
-0.0085456456 -188.715
-0.0085454456 -194.713
-0.0085452456 -190.715
-0.0085450456 -193.513
-0.0085448456 -192.714
-0.0085446456 -194.313
-0.0085444456 -191.114
-0.0085442456 -192.714
-0.0085440456 -193.113
-0.0085438456 -192.714
-0.0085436456 -191.914
-0.0085434456 -193.513
-0.0085432456 -191.914
-0.0085430456 -191.114
-0.0085428456 -192.714
-0.0085426456 -191.514
-0.0085424456 -193.913
-0.0085422456 -193.913
-0.0085420456 -193.913
-0.0085418456 -196.312
-0.0085416456 -191.514
-0.0085414456 -194.713
-0.0085412456 -191.514
-0.0085410456 -197.911
-0.0085408456 -194.713
-0.0085406456 -195.512
-0.0085404456 -195.512
-0.0085402456 -195.912
-0.0085400456 -194.313
-0.0085398456 -194.713
-0.0085396456 -193.913
-0.0085394456 -194.713
-0.0085392456 -195.512
-0.0085390456 -191.514
-0.0085388456 -197.112
-0.0085386456 -195.512
-0.0085384456 -191.514
-0.0085382456 -195.512
-0.0085380456 -193.113
-0.0085378456 -193.913
-0.0085376456 -195.512
-0.0085374456 -197.512
-0.0085372456 -192.714
-0.0085370456 -191.914
-0.0085368456 -194.313
-0.0085366456 -193.913
-0.0085364456 -195.912
-0.0085362456 -193.913
-0.0085360456 -199.111
-0.0085358456 -195.113
-0.0085356456 -195.512
-0.0085354456 -194.313
-0.0085352456 -195.912
-0.0085350456 -198.311
-0.0085348456 -197.112
-0.0085346456 -195.512
-0.0085344456 -195.512
-0.0085342456 -195.113
-0.0085340456 -195.113
-0.0085338456 -196.312
-0.0085336456 -195.512
-0.0085334456 -195.512
-0.0085332456 -194.713
-0.0085330456 -200.71
-0.0085328456 -197.112
-0.0085326456 -199.511
-0.0085324456 -197.112
-0.0085322456 -195.912
-0.0085320456 -199.111
-0.0085318456 -197.112
-0.0085316456 -197.112
-0.0085314456 -198.311
-0.0085312456 -197.911
-0.0085310456 -197.112
-0.0085308456 -198.711
-0.0085306456 -195.512
-0.0085304456 -198.311
-0.0085302456 -197.112
-0.0085300456 -196.712
-0.0085298456 -195.512
-0.0085296456 -197.112
-0.0085294456 -195.512
-0.0085292456 -198.711
-0.0085290456 -195.912
-0.0085288456 -196.712
-0.0085286456 -196.712
-0.0085284456 -198.711
-0.0085282456 -199.91
-0.0085280456 -197.512
-0.0085278456 -197.112
-0.0085276456 -200.31
-0.0085274456 -197.512
-0.0085272456 -199.511
-0.0085270456 -197.911
-0.0085268456 -197.911
-0.0085266456 -198.711
-0.0085264456 -197.112
-0.0085262456 -199.111
-0.0085260456 -198.711
-0.0085258456 -199.111
-0.0085256456 -198.311
-0.0085254456 -196.712
-0.0085252456 -199.91
-0.0085250456 -197.512
-0.0085248456 -198.711
-0.0085246456 -195.512
-0.0085244456 -198.311
-0.0085242456 -198.711
-0.0085240456 -199.511
-0.0085238456 -198.311
-0.0085236456 -199.111
-0.0085234456 -198.311
-0.0085232456 -199.111
-0.0085230456 -197.112
-0.0085228456 -198.711
-0.0085226456 -200.31
-0.0085224456 -197.911
-0.0085222456 -198.711
-0.0085220456 -198.711
-0.0085218456 -198.311
-0.0085216456 -198.311
-0.0085214456 -198.311
-0.0085212456 -197.112
-0.0085210456 -199.511
-0.0085208456 -198.311
-0.0085206456 -199.91
-0.0085204456 -201.91
-0.0085202456 -200.31
-0.0085200456 -200.71
-0.0085198456 -198.311
-0.0085196456 -199.91
-0.0085194456 -199.111
-0.0085192456 -201.11
-0.0085190456 -198.711
-0.0085188456 -199.111
-0.0085186456 -200.71
-0.0085184456 -200.31
-0.0085182456 -199.511
-0.0085180456 -200.31
-0.0085178456 -198.711
-0.0085176456 -198.311
-0.0085174456 -198.711
-0.0085172456 -201.51
-0.0085170456 -198.311
-0.0085168456 -200.31
-0.0085166456 -200.71
-0.0085164456 -199.91
-0.0085162456 -201.11
-0.0085160456 -201.11
-0.0085158456 -201.11
-0.0085156456 -202.309
-0.0085154456 -201.11
-0.0085152456 -199.91
-0.0085150456 -200.71
-0.0085148456 -201.11
-0.0085146456 -196.312
-0.0085144456 -201.11
-0.0085142456 -201.91
-0.0085140456 -203.109
-0.0085138456 -201.91
-0.0085136456 -202.709
-0.0085134456 -200.71
-0.0085132456 -200.71
-0.0085130456 -200.71
-0.0085128456 -200.71
-0.0085126456 -204.708
-0.0085124456 -201.51
-0.0085122456 -201.51
-0.0085120456 -201.51
-0.0085118456 -203.109
-0.0085116456 -199.91
-0.0085114456 -204.308
-0.0085112456 -198.711
-0.0085110456 -207.107
-0.0085108456 -202.709
-0.0085106456 -204.708
-0.0085104456 -200.71
-0.0085102456 -201.11
-0.0085100456 -203.909
-0.0085098456 -205.108
-0.0085096456 -203.509
-0.0085094456 -201.51
-0.0085092456 -201.51
-0.0085090456 -202.709
-0.0085088456 -204.308
-0.0085086456 -203.109
-0.0085084456 -205.508
-0.0085082456 -199.91
-0.0085080456 -203.909
-0.0085078456 -205.508
-0.0085076456 -205.908
-0.0085074456 -203.909
-0.0085072456 -201.51
-0.0085070456 -205.508
-0.0085068456 -202.709
-0.0085066456 -203.109
-0.0085064456 -203.109
-0.0085062456 -202.709
-0.0085060456 -203.109
-0.0085058456 -203.909
-0.0085056456 -206.707
-0.0085054456 -203.109
-0.0085052456 -203.509
-0.0085050456 -202.709
-0.0085048456 -203.109
-0.0085046456 -203.909
-0.0085044456 -203.909
-0.0085042456 -204.708
-0.0085040456 -206.308
-0.0085038456 -203.109
-0.0085036456 -202.709
-0.0085034456 -205.108
-0.0085032456 -203.909
-0.0085030456 -203.909
-0.0085028456 -203.909
-0.0085026456 -204.308
-0.0085024456 -202.709
-0.0085022456 -204.308
-0.0085020456 -203.509
-0.0085018456 -204.308
-0.0085016456 -202.709
-0.0085014456 -203.909
-0.0085012456 -203.509
-0.0085010456 -203.909
-0.0085008456 -202.309
-0.0085006456 -205.108
-0.0085004456 -207.107
-0.0085002456 -205.508
-0.0085000456 -205.908
-0.0084998456 -203.909
-0.0084996456 -203.509
-0.0084994456 -203.909
-0.0084992456 -205.508
-0.0084990456 -203.509
-0.0084988456 -203.509
-0.0084986456 -206.707
-0.0084984456 -205.908
-0.0084982456 -204.708
-0.0084980456 -205.908
-0.0084978456 -207.107
-0.0084976456 -205.508
-0.0084974456 -204.308
-0.0084972456 -205.908
-0.0084970456 -205.508
-0.0084968456 -204.708
-0.0084966456 -203.909
-0.0084964456 -205.508
-0.0084962456 -205.108
-0.0084960456 -205.508
-0.0084958456 -205.108
-0.0084956456 -205.508
-0.0084954456 -205.108
-0.0084952456 -205.908
-0.0084950456 -205.108
-0.0084948456 -203.509
-0.0084946456 -203.109
-0.0084944456 -206.707
-0.0084942456 -205.508
-0.0084940456 -206.707
-0.0084938456 -209.106
-0.0084936456 -206.308
-0.0084934456 -202.709
-0.0084932456 -207.907
-0.0084930456 -203.909
-0.0084928456 -205.908
-0.0084926456 -205.908
-0.0084924456 -204.708
-0.0084922456 -205.908
-0.0084920456 -205.508
-0.0084918456 -206.308
-0.0084916456 -207.107
-0.0084914456 -210.306
-0.0084912456 -206.308
-0.0084910456 -208.307
-0.0084908456 -206.308
-0.0084906456 -211.505
-0.0084904456 -208.307
-0.0084902456 -206.707
-0.0084900456 -207.507
-0.0084898456 -207.907
-0.0084896456 -210.706
-0.0084894456 -204.708
-0.0084892456 -207.907
-0.0084890456 -208.706
-0.0084888456 -208.307
-0.0084886456 -209.906
-0.0084884456 -207.107
-0.0084882456 -208.307
-0.0084880456 -208.307
-0.0084878456 -205.108
-0.0084876456 -206.707
-0.0084874456 -209.506
-0.0084872456 -206.707
-0.0084870456 -208.706
-0.0084868456 -208.706
-0.0084866456 -207.907
-0.0084864456 -207.507
-0.0084862456 -208.307
-0.0084860456 -209.106
-0.0084858456 -208.307
-0.0084856456 -208.706
-0.0084854456 -208.307
-0.0084852456 -209.906
-0.0084850456 -211.505
-0.0084848456 -209.506
-0.0084846456 -211.105
-0.0084844456 -208.307
-0.0084842456 -208.706
-0.0084840456 -210.706
-0.0084838456 -209.906
-0.0084836456 -208.706
-0.0084834456 -209.906
-0.0084832456 -210.706
-0.0084830456 -209.506
-0.0084828456 -209.506
-0.0084826456 -209.106
-0.0084824456 -209.506
-0.0084822456 -208.706
-0.0084820456 -209.106
-0.0084818456 -213.105
-0.0084816456 -209.906
-0.0084814456 -209.506
-0.0084812456 -210.706
-0.0084810456 -211.905
-0.0084808456 -209.906
-0.0084806456 -209.106
-0.0084804456 -209.906
-0.0084802456 -209.506
-0.0084800456 -210.706
-0.0084798456 -212.305
-0.0084796456 -211.505
-0.0084794456 -211.105
-0.0084792456 -209.506
-0.0084790456 -210.706
-0.0084788456 -211.105
-0.0084786456 -209.906
-0.0084784456 -212.705
-0.0084782456 -213.504
-0.0084780456 -211.905
-0.0084778456 -211.905
-0.0084776456 -207.907
-0.0084774456 -211.105
-0.0084772456 -208.706
-0.0084770456 -210.706
-0.0084768456 -210.706
-0.0084766456 -211.105
-0.0084764456 -209.906
-0.0084762456 -211.905
-0.0084760456 -210.706
-0.0084758456 -210.706
-0.0084756456 -210.306
-0.0084754456 -210.306
-0.0084752456 -212.705
-0.0084750456 -212.705
-0.0084748456 -210.306
-0.0084746456 -212.305
-0.0084744456 -212.705
-0.0084742456 -210.306
-0.0084740456 -211.905
-0.0084738456 -210.706
-0.0084736456 -212.705
-0.0084734456 -212.705
-0.0084732456 -210.306
-0.0084730456 -211.505
-0.0084728456 -212.305
-0.0084726456 -209.506
-0.0084724456 -210.306
-0.0084722456 -211.105
-0.0084720456 -213.105
-0.0084718456 -211.905
-0.0084716456 -215.104
-0.0084714456 -213.504
-0.0084712456 -209.506
-0.0084710456 -210.706
-0.0084708456 -212.705
-0.0084706456 -209.906
-0.0084704456 -211.505
-0.0084702456 -209.506
-0.0084700456 -212.705
-0.0084698456 -210.306
-0.0084696456 -211.505
-0.0084694456 -208.706
-0.0084692456 -211.905
-0.0084690456 -211.505
-0.0084688456 -211.505
-0.0084686456 -211.505
-0.0084684456 -212.705
-0.0084682456 -213.105
-0.0084680456 -211.505
-0.0084678456 -211.105
-0.0084676456 -213.504
-0.0084674456 -209.906
-0.0084672456 -213.105
-0.0084670456 -212.705
-0.0084668456 -210.306
-0.0084666456 -214.704
-0.0084664456 -213.105
-0.0084662456 -213.504
-0.0084660456 -211.105
-0.0084658456 -210.706
-0.0084656456 -210.706
-0.0084654456 -211.505
-0.0084652456 -211.905
-0.0084650456 -209.506
-0.0084648456 -213.904
-0.0084646456 -212.705
-0.0084644456 -212.305
-0.0084642456 -211.905
-0.0084640456 -213.504
-0.0084638456 -213.105
-0.0084636456 -211.505
-0.0084634456 -213.904
-0.0084632456 -214.704
-0.0084630456 -212.705
-0.0084628456 -213.904
-0.0084626456 -213.105
-0.0084624456 -209.906
-0.0084622456 -214.304
-0.0084620456 -213.504
-0.0084618456 -212.705
-0.0084616456 -212.305
-0.0084614456 -214.704
-0.0084612456 -214.704
-0.0084610456 -213.904
-0.0084608456 -212.705
-0.0084606456 -214.304
-0.0084604456 -212.705
-0.0084602456 -213.105
-0.0084600456 -213.504
-0.0084598456 -216.303
-0.0084596456 -215.104
-0.0084594456 -213.504
-0.0084592456 -212.705
-0.0084590456 -214.704
-0.0084588456 -214.304
-0.0084586456 -213.504
-0.0084584456 -213.105
-0.0084582456 -216.303
-0.0084580456 -213.105
-0.0084578456 -211.905
-0.0084576456 -213.504
-0.0084574456 -213.504
-0.0084572456 -217.103
-0.0084570456 -211.505
-0.0084568456 -215.903
-0.0084566456 -213.105
-0.0084564456 -213.105
-0.0084562456 -215.104
-0.0084560456 -213.105
-0.0084558456 -213.904
-0.0084556456 -212.305
-0.0084554456 -213.904
-0.0084552456 -213.904
-0.0084550456 -213.105
-0.0084548456 -212.705
-0.0084546456 -215.104
-0.0084544456 -211.905
-0.0084542456 -211.505
-0.0084540456 -215.104
-0.0084538456 -213.105
-0.0084536456 -213.504
-0.0084534456 -214.704
-0.0084532456 -212.305
-0.0084530456 -213.504
-0.0084528456 -215.104
-0.0084526456 -215.903
-0.0084524456 -215.903
-0.0084522456 -213.504
-0.0084520456 -215.903
-0.0084518456 -217.503
-0.0084516456 -214.304
-0.0084514456 -213.504
-0.0084512456 -216.703
-0.0084510456 -216.303
-0.0084508456 -215.503
-0.0084506456 -214.304
-0.0084504456 -215.503
-0.0084502456 -215.903
-0.0084500456 -217.103
-0.0084498456 -215.104
-0.0084496456 -219.102
-0.0084494456 -216.303
-0.0084492456 -216.303
-0.0084490456 -215.104
-0.0084488456 -212.705
-0.0084486456 -214.304
-0.0084484456 -214.704
-0.0084482456 -217.503
-0.0084480456 -216.703
-0.0084478456 -214.304
-0.0084476456 -216.303
-0.0084474456 -214.704
-0.0084472456 -217.103
-0.0084470456 -215.104
-0.0084468456 -215.903
-0.0084466456 -217.902
-0.0084464456 -217.902
-0.0084462456 -215.104
-0.0084460456 -217.103
-0.0084458456 -217.503
-0.0084456456 -216.703
-0.0084454456 -218.302
-0.0084452456 -217.902
-0.0084450456 -217.503
-0.0084448456 -215.503
-0.0084446456 -216.303
-0.0084444456 -218.702
-0.0084442456 -216.703
-0.0084440456 -217.103
-0.0084438456 -219.502
-0.0084436456 -217.103
-0.0084434456 -219.102
-0.0084432456 -217.503
-0.0084430456 -217.503
-0.0084428456 -217.902
-0.0084426456 -217.902
-0.0084424456 -217.103
-0.0084422456 -217.503
-0.0084420456 -217.103
-0.0084418456 -218.302
-0.0084416456 -217.902
-0.0084414456 -217.103
-0.0084412456 -219.502
-0.0084410456 -218.702
-0.0084408456 -219.102
-0.0084406456 -215.903
-0.0084404456 -221.101
-0.0084402456 -218.702
-0.0084400456 -219.102
-0.0084398456 -220.301
-0.0084396456 -218.702
-0.0084394456 -217.902
-0.0084392456 -219.102
-0.0084390456 -217.902
-0.0084388456 -218.302
-0.0084386456 -218.302
-0.0084384456 -218.702
-0.0084382456 -218.302
-0.0084380456 -220.301
-0.0084378456 -221.501
-0.0084376456 -219.502
-0.0084374456 -217.902
-0.0084372456 -221.501
-0.0084370456 -219.102
-0.0084368456 -221.901
-0.0084366456 -220.701
-0.0084364456 -218.702
-0.0084362456 -219.502
-0.0084360456 -219.102
-0.0084358456 -218.302
-0.0084356456 -221.101
-0.0084354456 -219.502
-0.0084352456 -221.101
-0.0084350456 -219.901
-0.0084348456 -220.301
-0.0084346456 -220.701
-0.0084344456 -219.102
-0.0084342456 -221.101
-0.0084340456 -216.303
-0.0084338456 -219.901
-0.0084336456 -221.101
-0.0084334456 -219.901
-0.0084332456 -219.502
-0.0084330456 -218.302
-0.0084328456 -220.701
-0.0084326456 -220.301
-0.0084324456 -220.701
-0.0084322456 -219.502
-0.0084320456 -218.302
-0.0084318456 -219.102
-0.0084316456 -219.102
-0.0084314456 -219.102
-0.0084312456 -221.501
-0.0084310456 -223.9
-0.0084308456 -219.102
-0.0084306456 -221.501
-0.0084304456 -220.301
-0.0084302456 -221.101
-0.0084300456 -223.5
-0.0084298456 -217.503
-0.0084296456 -221.501
-0.0084294456 -221.101
-0.0084292456 -220.701
-0.0084290456 -222.7
-0.0084288456 -221.901
-0.0084286456 -219.502
-0.0084284456 -221.101
-0.0084282456 -222.7
-0.0084280456 -219.102
-0.0084278456 -221.101
-0.0084276456 -219.502
-0.0084274456 -219.901
-0.0084272456 -219.901
-0.0084270456 -221.101
-0.0084268456 -221.101
-0.0084266456 -222.3
-0.0084264456 -219.502
-0.0084262456 -217.902
-0.0084260456 -220.701
-0.0084258456 -221.901
-0.0084256456 -221.501
-0.0084254456 -221.101
-0.0084252456 -223.1
-0.0084250456 -221.501
-0.0084248456 -223.5
-0.0084246456 -223.1
-0.0084244456 -222.3
-0.0084242456 -222.3
-0.0084240456 -221.101
-0.0084238456 -219.502
-0.0084236456 -219.901
-0.0084234456 -223.1
-0.0084232456 -219.901
-0.0084230456 -222.7
-0.0084228456 -221.901
-0.0084226456 -224.699
-0.0084224456 -223.1
-0.0084222456 -221.901
-0.0084220456 -224.3
-0.0084218456 -221.501
-0.0084216456 -223.9
-0.0084214456 -225.899
-0.0084212456 -222.3
-0.0084210456 -222.7
-0.0084208456 -222.3
-0.0084206456 -221.501
-0.0084204456 -223.5
-0.0084202456 -225.499
-0.0084200456 -222.7
-0.0084198456 -223.1
-0.0084196456 -221.501
-0.0084194456 -222.7
-0.0084192456 -223.5
-0.0084190456 -224.699
-0.0084188456 -223.1
-0.0084186456 -224.3
-0.0084184456 -223.9
-0.0084182456 -224.699
-0.0084180456 -222.7
-0.0084178456 -225.099
-0.0084176456 -225.099
-0.0084174456 -223.9
-0.0084172456 -223.9
-0.0084170456 -225.499
-0.0084168456 -225.899
-0.0084166456 -222.3
-0.0084164456 -220.701
-0.0084162456 -222.7
-0.0084160456 -227.098
-0.0084158456 -225.099
-0.0084156456 -226.299
-0.0084154456 -225.899
-0.0084152456 -224.699
-0.0084150456 -222.3
-0.0084148456 -225.099
-0.0084146456 -224.3
-0.0084144456 -225.099
-0.0084142456 -223.1
-0.0084140456 -224.3
-0.0084138456 -224.699
-0.0084136456 -225.899
-0.0084134456 -224.3
-0.0084132456 -225.099
-0.0084130456 -227.498
-0.0084128456 -222.7
-0.0084126456 -227.898
-0.0084124456 -223.9
-0.0084122456 -225.899
-0.0084120456 -227.498
-0.0084118456 -224.699
-0.0084116456 -227.498
-0.0084114456 -224.699
-0.0084112456 -224.699
-0.0084110456 -226.698
-0.0084108456 -227.098
-0.0084106456 -227.498
-0.0084104456 -227.498
-0.0084102456 -229.097
-0.0084100456 -227.098
-0.0084098456 -227.498
-0.0084096456 -225.099
-0.0084094456 -227.498
-0.0084092456 -226.698
-0.0084090456 -225.099
-0.0084088456 -228.298
-0.0084086456 -226.698
-0.0084084456 -227.098
-0.0084082456 -225.899
-0.0084080456 -226.299
-0.0084078456 -227.098
-0.0084076456 -226.698
-0.0084074456 -228.298
-0.0084072456 -224.3
-0.0084070456 -228.298
-0.0084068456 -227.498
-0.0084066456 -226.299
-0.0084064456 -227.098
-0.0084062456 -228.298
-0.0084060456 -225.499
-0.0084058456 -228.698
-0.0084056456 -226.698
-0.0084054456 -225.899
-0.0084052456 -225.499
-0.0084050456 -227.498
-0.0084048456 -226.299
-0.0084046456 -227.898
-0.0084044456 -227.498
-0.0084042456 -227.898
-0.0084040456 -226.299
-0.0084038456 -227.498
-0.0084036456 -227.498
-0.0084034456 -228.298
-0.0084032456 -229.097
-0.0084030456 -227.098
-0.0084028456 -226.299
-0.0084026456 -230.697
-0.0084024456 -232.296
-0.0084022456 -226.299
-0.0084020456 -229.097
-0.0084018456 -229.497
-0.0084016456 -229.497
-0.0084014456 -229.897
-0.0084012456 -228.298
-0.0084010456 -228.298
-0.0084008456 -229.097
-0.0084006456 -227.498
-0.0084004456 -227.898
-0.0084002456 -227.098
-0.0084000456 -227.898
-0.0083998456 -231.896
-0.0083996456 -229.497
-0.0083994456 -229.897
-0.0083992456 -229.497
-0.0083990456 -227.098
-0.0083988456 -228.698
-0.0083986456 -228.298
-0.0083984456 -228.698
-0.0083982456 -229.897
-0.0083980456 -227.898
-0.0083978456 -228.698
-0.0083976456 -229.897
-0.0083974456 -229.097
-0.0083972456 -228.698
-0.0083970456 -227.898
-0.0083968456 -231.096
-0.0083966456 -228.698
-0.0083964456 -229.897
-0.0083962456 -231.096
-0.0083960456 -229.097
-0.0083958456 -229.097
-0.0083956456 -229.897
-0.0083954456 -229.497
-0.0083952456 -230.697
-0.0083950456 -230.297
-0.0083948456 -231.096
-0.0083946456 -232.696
-0.0083944456 -229.097
-0.0083942456 -229.097
-0.0083940456 -232.296
-0.0083938456 -232.296
-0.0083936456 -229.097
-0.0083934456 -232.696
-0.0083932456 -231.096
-0.0083930456 -233.096
-0.0083928456 -231.096
-0.0083926456 -229.497
-0.0083924456 -232.296
-0.0083922456 -230.697
-0.0083920456 -229.097
-0.0083918456 -231.896
-0.0083916456 -229.497
-0.0083914456 -229.497
-0.0083912456 -231.096
-0.0083910456 -230.697
-0.0083908456 -231.096
-0.0083906456 -232.296
-0.0083904456 -232.296
-0.0083902456 -229.497
-0.0083900456 -228.298
-0.0083898456 -230.697
-0.0083896456 -230.697
-0.0083894456 -231.096
-0.0083892456 -231.096
-0.0083890456 -229.897
-0.0083888456 -229.897
-0.0083886456 -232.696
-0.0083884456 -230.297
-0.0083882456 -232.296
-0.0083880456 -230.697
-0.0083878456 -232.696
-0.0083876456 -229.897
-0.0083874456 -231.496
-0.0083872456 -231.896
-0.0083870456 -229.497
-0.0083868456 -234.295
-0.0083866456 -230.297
-0.0083864456 -233.096
-0.0083862456 -231.496
-0.0083860456 -230.697
-0.0083858456 -232.296
-0.0083856456 -229.497
-0.0083854456 -233.096
-0.0083852456 -230.697
-0.0083850456 -233.096
-0.0083848456 -231.896
-0.0083846456 -232.296
-0.0083844456 -232.696
-0.0083842456 -233.895
-0.0083840456 -231.496
-0.0083838456 -232.296
-0.0083836456 -231.896
-0.0083834456 -230.297
-0.0083832456 -231.896
-0.0083830456 -232.296
-0.0083828456 -232.296
-0.0083826456 -234.295
-0.0083824456 -234.295
-0.0083822456 -231.496
-0.0083820456 -233.895
-0.0083818456 -232.296
-0.0083816456 -231.496
-0.0083814456 -232.696
-0.0083812456 -231.896
-0.0083810456 -235.494
-0.0083808456 -233.096
-0.0083806456 -233.495
-0.0083804456 -233.495
-0.0083802456 -234.295
-0.0083800456 -233.895
-0.0083798456 -234.695
-0.0083796456 -233.096
-0.0083794456 -233.495
-0.0083792456 -234.695
-0.0083790456 -232.696
-0.0083788456 -231.896
-0.0083786456 -234.695
-0.0083784456 -233.495
-0.0083782456 -233.495
-0.0083780456 -233.895
-0.0083778456 -233.495
-0.0083776456 -235.494
-0.0083774456 -235.095
-0.0083772456 -235.494
-0.0083770456 -233.495
-0.0083768456 -233.895
-0.0083766456 -234.695
-0.0083764456 -234.295
-0.0083762456 -235.095
-0.0083760456 -233.495
-0.0083758456 -235.894
-0.0083756456 -233.495
-0.0083754456 -234.695
-0.0083752456 -237.494
-0.0083750456 -235.095
-0.0083748456 -235.095
-0.0083746456 -237.494
-0.0083744456 -238.693
-0.0083742456 -237.094
-0.0083740456 -235.894
-0.0083738456 -237.494
-0.0083736456 -234.695
-0.0083734456 -236.694
-0.0083732456 -235.494
-0.0083730456 -236.694
-0.0083728456 -237.893
-0.0083726456 -236.694
-0.0083724456 -236.694
-0.0083722456 -237.494
-0.0083720456 -235.494
-0.0083718456 -238.293
-0.0083716456 -236.294
-0.0083714456 -237.094
-0.0083712456 -235.494
-0.0083710456 -239.093
-0.0083708456 -235.894
-0.0083706456 -238.693
-0.0083704456 -238.293
-0.0083702456 -235.494
-0.0083700456 -239.093
-0.0083698456 -234.295
-0.0083696456 -238.293
-0.0083694456 -237.494
-0.0083692456 -240.292
-0.0083690456 -235.494
-0.0083688456 -237.893
-0.0083686456 -236.694
-0.0083684456 -237.494
-0.0083682456 -239.893
-0.0083680456 -236.694
-0.0083678456 -237.094
-0.0083676456 -239.493
-0.0083674456 -238.693
-0.0083672456 -239.093
-0.0083670456 -240.692
-0.0083668456 -240.692
-0.0083666456 -239.493
-0.0083664456 -238.293
-0.0083662456 -239.093
-0.0083660456 -241.892
-0.0083658456 -239.893
-0.0083656456 -241.892
-0.0083654456 -240.692
-0.0083652456 -239.093
-0.0083650456 -240.692
-0.0083648456 -242.291
-0.0083646456 -238.693
-0.0083644456 -239.493
-0.0083642456 -240.692
-0.0083640456 -241.892
-0.0083638456 -243.091
-0.0083636456 -240.292
-0.0083634456 -239.893
-0.0083632456 -240.292
-0.0083630456 -240.292
-0.0083628456 -240.692
-0.0083626456 -241.492
-0.0083624456 -241.492
-0.0083622456 -242.691
-0.0083620456 -242.691
-0.0083618456 -242.691
-0.0083616456 -240.292
-0.0083614456 -242.691
-0.0083612456 -243.491
-0.0083610456 -239.893
-0.0083608456 -242.291
-0.0083606456 -244.291
-0.0083604456 -243.491
-0.0083602456 -243.091
-0.0083600456 -240.692
-0.0083598456 -241.892
-0.0083596456 -241.492
-0.0083594456 -241.892
-0.0083592456 -242.291
-0.0083590456 -241.092
-0.0083588456 -242.291
-0.0083586456 -241.492
-0.0083584456 -239.893
-0.0083582456 -237.094
-0.0083580456 -243.491
-0.0083578456 -241.892
-0.0083576456 -240.292
-0.0083574456 -243.091
-0.0083572456 -243.091
-0.0083570456 -242.291
-0.0083568456 -244.69
-0.0083566456 -240.292
-0.0083564456 -245.09
-0.0083562456 -243.091
-0.0083560456 -241.492
-0.0083558456 -242.291
-0.0083556456 -241.892
-0.0083554456 -243.091
-0.0083552456 -242.691
-0.0083550456 -242.691
-0.0083548456 -243.091
-0.0083546456 -241.892
-0.0083544456 -244.69
-0.0083542456 -241.492
-0.0083540456 -243.491
-0.0083538456 -243.491
-0.0083536456 -241.092
-0.0083534456 -245.09
-0.0083532456 -244.291
-0.0083530456 -244.69
-0.0083528456 -242.291
-0.0083526456 -243.491
-0.0083524456 -244.291
-0.0083522456 -242.691
-0.0083520456 -241.892
-0.0083518456 -245.89
-0.0083516456 -242.691
-0.0083514456 -245.49
-0.0083512456 -244.69
-0.0083510456 -243.891
-0.0083508456 -245.49
-0.0083506456 -242.691
-0.0083504456 -242.691
-0.0083502456 -244.69
-0.0083500456 -243.491
-0.0083498456 -243.091
-0.0083496456 -244.69
-0.0083494456 -245.09
-0.0083492456 -244.291
-0.0083490456 -244.291
-0.0083488456 -245.89
-0.0083486456 -242.691
-0.0083484456 -245.89
-0.0083482456 -243.491
-0.0083480456 -246.29
-0.0083478456 -246.689
-0.0083476456 -245.09
-0.0083474456 -244.69
-0.0083472456 -243.491
-0.0083470456 -244.291
-0.0083468456 -244.69
-0.0083466456 -246.689
-0.0083464456 -243.491
-0.0083462456 -245.89
-0.0083460456 -244.291
-0.0083458456 -244.69
-0.0083456456 -246.689
-0.0083454456 -244.291
-0.0083452456 -250.288
-0.0083450456 -246.29
-0.0083448456 -245.49
-0.0083446456 -249.888
-0.0083444456 -247.089
-0.0083442456 -245.09
-0.0083440456 -245.09
-0.0083438456 -247.889
-0.0083436456 -247.889
-0.0083434456 -247.889
-0.0083432456 -246.29
-0.0083430456 -246.689
-0.0083428456 -247.089
-0.0083426456 -245.49
-0.0083424456 -251.487
-0.0083422456 -245.49
-0.0083420456 -246.689
-0.0083418456 -247.089
-0.0083416456 -248.289
-0.0083414456 -246.689
-0.0083412456 -248.289
-0.0083410456 -245.89
-0.0083408456 -247.089
-0.0083406456 -247.489
-0.0083404456 -249.088
-0.0083402456 -249.088
-0.0083400456 -251.487
-0.0083398456 -247.089
-0.0083396456 -248.689
-0.0083394456 -246.689
-0.0083392456 -250.688
-0.0083390456 -247.489
-0.0083388456 -248.289
-0.0083386456 -249.088
-0.0083384456 -249.088
-0.0083382456 -246.29
-0.0083380456 -250.288
-0.0083378456 -251.487
-0.0083376456 -247.489
-0.0083374456 -250.288
-0.0083372456 -248.289
-0.0083370456 -246.689
-0.0083368456 -248.689
-0.0083366456 -250.288
-0.0083364456 -250.288
-0.0083362456 -250.288
-0.0083360456 -247.889
-0.0083358456 -250.288
-0.0083356456 -251.088
-0.0083354456 -247.489
-0.0083352456 -252.287
-0.0083350456 -249.488
-0.0083348456 -251.887
-0.0083346456 -249.488
-0.0083344456 -251.487
-0.0083342456 -251.487
-0.0083340456 -253.087
-0.0083338456 -247.889
-0.0083336456 -253.087
-0.0083334456 -253.486
-0.0083332456 -250.688
-0.0083330456 -251.887
-0.0083328456 -251.487
-0.0083326456 -252.287
-0.0083324456 -254.686
-0.0083322456 -251.887
-0.0083320456 -252.687
-0.0083318456 -251.088
-0.0083316456 -249.488
-0.0083314456 -249.088
-0.0083312456 -249.088
-0.0083310456 -252.687
-0.0083308456 -250.688
-0.0083306456 -250.288
-0.0083304456 -251.487
-0.0083302456 -251.887
-0.0083300456 -251.487
-0.0083298456 -255.086
-0.0083296456 -252.687
-0.0083294456 -249.088
-0.0083292456 -252.687
-0.0083290456 -253.087
-0.0083288456 -250.688
-0.0083286456 -253.486
-0.0083284456 -251.887
-0.0083282456 -251.887
-0.0083280456 -253.486
-0.0083278456 -255.086
-0.0083276456 -251.887
-0.0083274456 -255.086
-0.0083272456 -255.486
-0.0083270456 -253.886
-0.0083268456 -251.487
-0.0083266456 -255.086
-0.0083264456 -256.285
-0.0083262456 -257.485
-0.0083260456 -252.287
-0.0083258456 -253.087
-0.0083256456 -253.486
-0.0083254456 -253.886
-0.0083252456 -253.886
-0.0083250456 -254.686
-0.0083248456 -253.087
-0.0083246456 -255.086
-0.0083244456 -256.285
-0.0083242456 -255.885
-0.0083240456 -253.486
-0.0083238456 -255.885
-0.0083236456 -254.686
-0.0083234456 -253.486
-0.0083232456 -257.884
-0.0083230456 -257.485
-0.0083228456 -253.886
-0.0083226456 -256.685
-0.0083224456 -255.486
-0.0083222456 -255.486
-0.0083220456 -255.885
-0.0083218456 -254.686
-0.0083216456 -256.285
-0.0083214456 -254.286
-0.0083212456 -255.486
-0.0083210456 -255.086
-0.0083208456 -255.885
-0.0083206456 -255.086
-0.0083204456 -256.685
-0.0083202456 -259.084
-0.0083200456 -257.085
-0.0083198456 -255.086
-0.0083196456 -258.284
-0.0083194456 -257.085
-0.0083192456 -254.686
-0.0083190456 -256.685
-0.0083188456 -257.884
-0.0083186456 -257.085
-0.0083184456 -259.084
-0.0083182456 -256.685
-0.0083180456 -257.085
-0.0083178456 -258.284
-0.0083176456 -256.685
-0.0083174456 -260.683
-0.0083172456 -260.283
-0.0083170456 -256.685
-0.0083168456 -259.084
-0.0083166456 -260.283
-0.0083164456 -258.284
-0.0083162456 -256.685
-0.0083160456 -259.484
-0.0083158456 -257.085
-0.0083156456 -259.484
-0.0083154456 -260.683
-0.0083152456 -258.284
-0.0083150456 -258.684
-0.0083148456 -259.884
-0.0083146456 -257.884
-0.0083144456 -256.685
-0.0083142456 -259.084
-0.0083140456 -259.484
-0.0083138456 -259.484
-0.0083136456 -260.683
-0.0083134456 -260.283
-0.0083132456 -261.483
-0.0083130456 -260.683
-0.0083128456 -261.083
-0.0083126456 -259.484
-0.0083124456 -259.084
-0.0083122456 -259.484
-0.0083120456 -260.683
-0.0083118456 -259.484
-0.0083116456 -261.083
-0.0083114456 -262.682
-0.0083112456 -258.284
-0.0083110456 -261.483
-0.0083108456 -259.884
-0.0083106456 -259.884
-0.0083104456 -260.683
-0.0083102456 -259.884
-0.0083100456 -261.483
-0.0083098456 -261.483
-0.0083096456 -261.483
-0.0083094456 -261.483
-0.0083092456 -259.084
-0.0083090456 -262.682
-0.0083088456 -261.483
-0.0083086456 -263.082
-0.0083084456 -261.483
-0.0083082456 -261.083
-0.0083080456 -261.483
-0.0083078456 -260.683
-0.0083076456 -262.282
-0.0083074456 -264.282
-0.0083072456 -264.681
-0.0083070456 -261.483
-0.0083068456 -261.883
-0.0083066456 -263.482
-0.0083064456 -261.083
-0.0083062456 -261.883
-0.0083060456 -266.281
-0.0083058456 -262.282
-0.0083056456 -264.282
-0.0083054456 -264.681
-0.0083052456 -263.882
-0.0083050456 -262.282
-0.0083048456 -264.681
-0.0083046456 -264.282
-0.0083044456 -263.482
-0.0083042456 -263.082
-0.0083040456 -262.682
-0.0083038456 -263.882
-0.0083036456 -266.281
-0.0083034456 -264.282
-0.0083032456 -265.081
-0.0083030456 -267.08
-0.0083028456 -266.281
-0.0083026456 -265.881
-0.0083024456 -264.681
-0.0083022456 -262.282
-0.0083020456 -266.281
-0.0083018456 -264.681
-0.0083016456 -265.881
-0.0083014456 -265.881
-0.0083012456 -265.481
-0.0083010456 -264.282
-0.0083008456 -265.081
-0.0083006456 -267.48
-0.0083004456 -265.081
-0.0083002456 -266.681
-0.0083000456 -265.881
-0.0082998456 -264.681
-0.0082996456 -265.881
-0.0082994456 -265.481
-0.0082992456 -267.08
-0.0082990456 -265.881
-0.0082988456 -264.282
-0.0082986456 -267.48
-0.0082984456 -269.079
-0.0082982456 -269.879
-0.0082980456 -265.881
-0.0082978456 -266.281
-0.0082976456 -268.28
-0.0082974456 -268.68
-0.0082972456 -267.08
-0.0082970456 -265.481
-0.0082968456 -267.88
-0.0082966456 -267.08
-0.0082964456 -268.28
-0.0082962456 -269.479
-0.0082960456 -267.08
-0.0082958456 -265.881
-0.0082956456 -270.679
-0.0082954456 -269.079
-0.0082952456 -268.68
-0.0082950456 -269.879
-0.0082948456 -270.279
-0.0082946456 -271.478
-0.0082944456 -270.279
-0.0082942456 -269.079
-0.0082940456 -268.28
-0.0082938456 -271.079
-0.0082936456 -265.881
-0.0082934456 -268.68
-0.0082932456 -269.479
-0.0082930456 -268.68
-0.0082928456 -271.079
-0.0082926456 -270.279
-0.0082924456 -269.879
-0.0082922456 -271.079
-0.0082920456 -267.88
-0.0082918456 -271.478
-0.0082916456 -268.28
-0.0082914456 -267.08
-0.0082912456 -270.279
-0.0082910456 -269.479
-0.0082908456 -272.678
-0.0082906456 -271.878
-0.0082904456 -272.678
-0.0082902456 -270.679
-0.0082900456 -269.079
-0.0082898456 -270.279
-0.0082896456 -271.079
-0.0082894456 -272.278
-0.0082892456 -267.08
-0.0082890456 -272.278
-0.0082888456 -271.878
-0.0082886456 -272.678
-0.0082884456 -270.279
-0.0082882456 -271.079
-0.0082880456 -271.878
-0.0082878456 -271.878
-0.0082876456 -273.877
-0.0082874456 -272.278
-0.0082872456 -271.079
-0.0082870456 -269.879
-0.0082868456 -271.878
-0.0082866456 -269.479
-0.0082864456 -273.477
-0.0082862456 -271.478
-0.0082860456 -271.878
-0.0082858456 -272.678
-0.0082856456 -272.678
-0.0082854456 -271.878
-0.0082852456 -271.878
-0.0082850456 -271.478
-0.0082848456 -273.477
-0.0082846456 -272.678
-0.0082844456 -275.077
-0.0082842456 -269.879
-0.0082840456 -273.477
-0.0082838456 -275.876
-0.0082836456 -273.078
-0.0082834456 -272.678
-0.0082832456 -272.678
-0.0082830456 -273.877
-0.0082828456 -275.077
-0.0082826456 -273.877
-0.0082824456 -274.677
-0.0082822456 -272.278
-0.0082820456 -272.678
-0.0082818456 -272.678
-0.0082816456 -274.677
-0.0082814456 -274.277
-0.0082812456 -271.079
-0.0082810456 -273.877
-0.0082808456 -273.078
-0.0082806456 -273.877
-0.0082804456 -275.077
-0.0082802456 -277.476
-0.0082800456 -274.677
-0.0082798456 -275.477
-0.0082796456 -273.477
-0.0082794456 -277.076
-0.0082792456 -275.077
-0.0082790456 -272.678
-0.0082788456 -273.477
-0.0082786456 -275.077
-0.0082784456 -277.076
-0.0082782456 -272.278
-0.0082780456 -277.476
-0.0082778456 -276.276
-0.0082776456 -276.276
-0.0082774456 -274.677
-0.0082772456 -275.876
-0.0082770456 -275.477
-0.0082768456 -278.675
-0.0082766456 -276.676
-0.0082764456 -275.077
-0.0082762456 -278.275
-0.0082760456 -276.276
-0.0082758456 -276.276
-0.0082756456 -277.076
-0.0082754456 -278.675
-0.0082752456 -275.876
-0.0082750456 -278.675
-0.0082748456 -275.477
-0.0082746456 -279.075
-0.0082744456 -276.676
-0.0082742456 -276.676
-0.0082740456 -277.476
-0.0082738456 -274.277
-0.0082736456 -278.675
-0.0082734456 -275.477
-0.0082732456 -275.876
-0.0082730456 -277.876
-0.0082728456 -279.475
-0.0082726456 -274.677
-0.0082724456 -277.476
-0.0082722456 -275.477
-0.0082720456 -277.476
-0.0082718456 -277.476
-0.0082716456 -276.676
-0.0082714456 -277.876
-0.0082712456 -279.875
-0.0082710456 -280.674
-0.0082708456 -277.476
-0.0082706456 -275.876
-0.0082704456 -277.076
-0.0082702456 -278.275
-0.0082700456 -281.074
-0.0082698456 -277.476
-0.0082696456 -277.876
-0.0082694456 -276.676
-0.0082692456 -279.075
-0.0082690456 -277.476
-0.0082688456 -278.275
-0.0082686456 -279.875
-0.0082684456 -277.876
-0.0082682456 -282.673
-0.0082680456 -278.675
-0.0082678456 -282.274
-0.0082676456 -280.674
-0.0082674456 -279.075
-0.0082672456 -282.673
-0.0082670456 -280.274
-0.0082668456 -278.275
-0.0082666456 -281.474
-0.0082664456 -284.273
-0.0082662456 -285.072
-0.0082660456 -280.674
-0.0082658456 -278.675
-0.0082656456 -281.474
-0.0082654456 -281.874
-0.0082652456 -278.275
-0.0082650456 -279.475
-0.0082648456 -280.674
-0.0082646456 -282.673
-0.0082644456 -281.474
-0.0082642456 -283.873
-0.0082640456 -284.273
-0.0082638456 -281.874
-0.0082636456 -279.475
-0.0082634456 -285.472
-0.0082632456 -285.472
-0.0082630456 -283.073
-0.0082628456 -284.672
-0.0082626456 -281.074
-0.0082624456 -283.873
-0.0082622456 -283.873
-0.0082620456 -284.672
-0.0082618456 -284.672
-0.0082616456 -283.873
-0.0082614456 -282.274
-0.0082612456 -283.473
-0.0082610456 -284.672
-0.0082608456 -283.473
-0.0082606456 -283.473
-0.0082604456 -283.873
-0.0082602456 -282.673
-0.0082600456 -285.472
-0.0082598456 -285.072
-0.0082596456 -281.874
-0.0082594456 -283.073
-0.0082592456 -284.273
-0.0082590456 -284.273
-0.0082588456 -285.072
-0.0082586456 -287.471
-0.0082584456 -285.872
-0.0082582456 -283.873
-0.0082580456 -283.473
-0.0082578456 -285.872
-0.0082576456 -286.672
-0.0082574456 -285.072
-0.0082572456 -285.472
-0.0082570456 -287.871
-0.0082568456 -284.273
-0.0082566456 -287.071
-0.0082564456 -286.272
-0.0082562456 -287.071
-0.0082560456 -285.872
-0.0082558456 -284.672
-0.0082556456 -285.072
-0.0082554456 -288.671
-0.0082552456 -285.872
-0.0082550456 -287.071
-0.0082548456 -287.071
-0.0082546456 -287.471
-0.0082544456 -285.872
-0.0082542456 -284.273
-0.0082540456 -284.672
-0.0082538456 -288.671
-0.0082536456 -286.672
-0.0082534456 -288.671
-0.0082532456 -287.871
-0.0082530456 -287.471
-0.0082528456 -284.672
-0.0082526456 -285.872
-0.0082524456 -285.072
-0.0082522456 -287.071
-0.0082520456 -288.271
-0.0082518456 -287.871
-0.0082516456 -287.471
-0.0082514456 -289.07
-0.0082512456 -285.872
-0.0082510456 -287.071
-0.0082508456 -287.871
-0.0082506456 -289.87
-0.0082504456 -286.272
-0.0082502456 -287.471
-0.0082500456 -289.47
-0.0082498456 -289.47
-0.0082496456 -288.671
-0.0082494456 -289.87
-0.0082492456 -287.871
-0.0082490456 -289.07
-0.0082488456 -289.07
-0.0082486456 -289.47
-0.0082484456 -288.271
-0.0082482456 -290.27
-0.0082480456 -290.67
-0.0082478456 -289.47
-0.0082476456 -289.47
-0.0082474456 -287.471
-0.0082472456 -288.271
-0.0082470456 -290.67
-0.0082468456 -290.67
-0.0082466456 -290.27
-0.0082464456 -290.27
-0.0082462456 -289.07
-0.0082460456 -288.271
-0.0082458456 -290.27
-0.0082456456 -290.27
-0.0082454456 -291.07
-0.0082452456 -290.67
-0.0082450456 -291.469
-0.0082448456 -290.27
-0.0082446456 -290.27
-0.0082444456 -293.069
-0.0082442456 -291.469
-0.0082440456 -290.67
-0.0082438456 -290.67
-0.0082436456 -293.469
-0.0082434456 -293.469
-0.0082432456 -288.671
-0.0082430456 -291.869
-0.0082428456 -291.869
-0.0082426456 -292.669
-0.0082424456 -292.669
-0.0082422456 -291.07
-0.0082420456 -291.469
-0.0082418456 -289.87
-0.0082416456 -288.671
-0.0082414456 -291.869
-0.0082412456 -293.069
-0.0082410456 -290.27
-0.0082408456 -293.469
-0.0082406456 -293.469
-0.0082404456 -290.67
-0.0082402456 -293.469
-0.0082400456 -293.469
-0.0082398456 -291.07
-0.0082396456 -291.869
-0.0082394456 -293.469
-0.0082392456 -293.469
-0.0082390456 -294.268
-0.0082388456 -295.068
-0.0082386456 -291.869
-0.0082384456 -292.269
-0.0082382456 -293.469
-0.0082380456 -294.268
-0.0082378456 -295.068
-0.0082376456 -293.469
-0.0082374456 -294.268
-0.0082372456 -292.669
-0.0082370456 -293.868
-0.0082368456 -295.068
-0.0082366456 -292.269
-0.0082364456 -293.469
-0.0082362456 -291.469
-0.0082360456 -295.068
-0.0082358456 -291.469
-0.0082356456 -294.268
-0.0082354456 -294.268
-0.0082352456 -295.867
-0.0082350456 -297.067
-0.0082348456 -296.667
-0.0082346456 -293.469
-0.0082344456 -295.068
-0.0082342456 -297.067
-0.0082340456 -297.067
-0.0082338456 -295.468
-0.0082336456 -295.068
-0.0082334456 -294.668
-0.0082332456 -292.669
-0.0082330456 -295.468
-0.0082328456 -299.866
-0.0082326456 -295.068
-0.0082324456 -296.267
-0.0082322456 -295.468
-0.0082320456 -296.667
-0.0082318456 -297.467
-0.0082316456 -295.867
-0.0082314456 -296.267
-0.0082312456 -296.667
-0.0082310456 -295.468
-0.0082308456 -296.267
-0.0082306456 -295.068
-0.0082304456 -297.067
-0.0082302456 -295.068
-0.0082300456 -296.267
-0.0082298456 -296.267
-0.0082296456 -295.468
-0.0082294456 -298.266
-0.0082292456 -297.867
-0.0082290456 -296.667
-0.0082288456 -298.266
-0.0082286456 -299.066
-0.0082284456 -296.267
-0.0082282456 -296.667
-0.0082280456 -296.667
-0.0082278456 -297.867
-0.0082276456 -296.667
-0.0082274456 -298.666
-0.0082272456 -299.066
-0.0082270456 -297.867
-0.0082268456 -299.466
-0.0082266456 -298.266
-0.0082264456 -296.667
-0.0082262456 -298.666
-0.0082260456 -300.665
-0.0082258456 -298.266
-0.0082256456 -299.466
-0.0082254456 -300.665
-0.0082252456 -298.666
-0.0082250456 -299.466
-0.0082248456 -299.466
-0.0082246456 -296.667
-0.0082244456 -301.065
-0.0082242456 -298.266
-0.0082240456 -299.466
-0.0082238456 -299.466
-0.0082236456 -299.866
-0.0082234456 -300.665
-0.0082232456 -301.865
-0.0082230456 -298.666
-0.0082228456 -299.066
-0.0082226456 -299.466
-0.0082224456 -299.866
-0.0082222456 -303.464
-0.0082220456 -301.865
-0.0082218456 -299.866
-0.0082216456 -299.866
-0.0082214456 -297.867
-0.0082212456 -300.265
-0.0082210456 -301.465
-0.0082208456 -301.465
-0.0082206456 -301.865
-0.0082204456 -302.265
-0.0082202456 -299.866
-0.0082200456 -299.466
-0.0082198456 -298.666
-0.0082196456 -299.866
-0.0082194456 -301.865
-0.0082192456 -301.465
-0.0082190456 -300.265
-0.0082188456 -302.664
-0.0082186456 -300.265
-0.0082184456 -303.064
-0.0082182456 -301.465
-0.0082180456 -303.864
-0.0082178456 -302.265
-0.0082176456 -302.664
-0.0082174456 -302.265
-0.0082172456 -303.064
-0.0082170456 -302.664
-0.0082168456 -303.464
-0.0082166456 -303.064
-0.0082164456 -303.064
-0.0082162456 -303.864
-0.0082160456 -304.264
-0.0082158456 -303.864
-0.0082156456 -302.265
-0.0082154456 -304.264
-0.0082152456 -301.465
-0.0082150456 -302.265
-0.0082148456 -301.465
-0.0082146456 -303.864
-0.0082144456 -303.464
-0.0082142456 -302.664
-0.0082140456 -303.464
-0.0082138456 -304.264
-0.0082136456 -303.064
-0.0082134456 -304.664
-0.0082132456 -304.664
-0.0082130456 -302.664
-0.0082128456 -303.864
-0.0082126456 -304.264
-0.0082124456 -304.264
-0.0082122456 -305.863
-0.0082120456 -305.063
-0.0082118456 -305.063
-0.0082116456 -301.865
-0.0082114456 -303.864
-0.0082112456 -304.264
-0.0082110456 -302.664
-0.0082108456 -304.264
-0.0082106456 -304.264
-0.0082104456 -303.864
-0.0082102456 -305.863
-0.0082100456 -305.463
-0.0082098456 -306.263
-0.0082096456 -306.263
-0.0082094456 -306.263
-0.0082092456 -307.462
-0.0082090456 -307.462
-0.0082088456 -307.462
-0.0082086456 -307.462
-0.0082084456 -306.263
-0.0082082456 -305.063
-0.0082080456 -304.264
-0.0082078456 -305.463
-0.0082076456 -306.663
-0.0082074456 -307.062
-0.0082072456 -307.062
-0.0082070456 -306.263
-0.0082068456 -307.462
-0.0082066456 -306.263
-0.0082064456 -307.862
-0.0082062456 -308.262
-0.0082060456 -307.862
-0.0082058456 -305.863
-0.0082056456 -307.062
-0.0082054456 -306.263
-0.0082052456 -306.663
-0.0082050456 -304.264
-0.0082048456 -309.062
-0.0082046456 -306.663
-0.0082044456 -309.062
-0.0082042456 -307.462
-0.0082040456 -306.263
-0.0082038456 -305.463
-0.0082036456 -304.264
-0.0082034456 -306.263
-0.0082032456 -308.662
-0.0082030456 -308.262
-0.0082028456 -307.862
-0.0082026456 -307.462
-0.0082024456 -307.862
-0.0082022456 -306.663
-0.0082020456 -308.662
-0.0082018456 -306.663
-0.0082016456 -306.663
-0.0082014456 -307.862
-0.0082012456 -306.263
-0.0082010456 -304.664
-0.0082008456 -307.862
-0.0082006456 -309.062
-0.0082004456 -305.463
-0.0082002456 -309.461
-0.0082000456 -309.062
-0.0081998456 -307.462
-0.0081996456 -305.863
-0.0081994456 -307.462
-0.0081992456 -306.663
-0.0081990456 -308.662
-0.0081988456 -307.862
-0.0081986456 -309.861
-0.0081984456 -308.662
-0.0081982456 -308.262
-0.0081980456 -310.261
-0.0081978456 -309.062
-0.0081976456 -309.062
-0.0081974456 -311.061
-0.0081972456 -309.461
-0.0081970456 -309.062
-0.0081968456 -310.261
-0.0081966456 -307.462
-0.0081964456 -307.862
-0.0081962456 -309.062
-0.0081960456 -310.661
-0.0081958456 -309.461
-0.0081956456 -314.259
-0.0081954456 -308.662
-0.0081952456 -311.86
-0.0081950456 -307.062
-0.0081948456 -307.862
-0.0081946456 -311.86
-0.0081944456 -310.261
-0.0081942456 -312.26
-0.0081940456 -311.86
-0.0081938456 -309.861
-0.0081936456 -310.261
-0.0081934456 -311.061
-0.0081932456 -311.46
-0.0081930456 -311.061
-0.0081928456 -312.66
-0.0081926456 -310.661
-0.0081924456 -311.46
-0.0081922456 -309.861
-0.0081920456 -311.061
-0.0081918456 -312.26
-0.0081916456 -311.061
-0.0081914456 -310.261
-0.0081912456 -313.06
-0.0081910456 -311.86
-0.0081908456 -311.061
-0.0081906456 -313.46
-0.0081904456 -312.26
-0.0081902456 -311.061
-0.0081900456 -312.26
-0.0081898456 -310.261
-0.0081896456 -314.259
-0.0081894456 -312.66
-0.0081892456 -313.859
-0.0081890456 -308.262
-0.0081888456 -314.259
-0.0081886456 -313.46
-0.0081884456 -314.259
-0.0081882456 -312.66
-0.0081880456 -313.46
-0.0081878456 -311.86
-0.0081876456 -315.059
-0.0081874456 -314.259
-0.0081872456 -313.06
-0.0081870456 -313.06
-0.0081868456 -315.459
-0.0081866456 -313.46
-0.0081864456 -313.46
-0.0081862456 -313.46
-0.0081860456 -314.259
-0.0081858456 -315.858
-0.0081856456 -315.059
-0.0081854456 -316.258
-0.0081852456 -315.858
-0.0081850456 -317.858
-0.0081848456 -315.059
-0.0081846456 -316.258
-0.0081844456 -316.658
-0.0081842456 -314.259
-0.0081840456 -315.059
-0.0081838456 -314.659
-0.0081836456 -314.659
-0.0081834456 -313.859
-0.0081832456 -315.459
-0.0081830456 -314.259
-0.0081828456 -318.257
-0.0081826456 -317.058
-0.0081824456 -313.46
-0.0081822456 -315.459
-0.0081820456 -315.858
-0.0081818456 -315.858
-0.0081816456 -316.658
-0.0081814456 -315.459
-0.0081812456 -315.459
-0.0081810456 -317.458
-0.0081808456 -315.459
-0.0081806456 -315.059
-0.0081804456 -319.057
-0.0081802456 -318.257
-0.0081800456 -315.459
-0.0081798456 -315.858
-0.0081796456 -318.257
-0.0081794456 -319.457
-0.0081792456 -314.659
-0.0081790456 -319.057
-0.0081788456 -317.058
-0.0081786456 -317.858
-0.0081784456 -315.858
-0.0081782456 -316.658
-0.0081780456 -315.459
-0.0081778456 -316.658
-0.0081776456 -317.458
-0.0081774456 -319.057
-0.0081772456 -317.458
-0.0081770456 -317.458
-0.0081768456 -317.458
-0.0081766456 -317.458
-0.0081764456 -318.657
-0.0081762456 -319.057
-0.0081760456 -315.858
-0.0081758456 -319.057
-0.0081756456 -319.857
-0.0081754456 -319.057
-0.0081752456 -318.257
-0.0081750456 -320.656
-0.0081748456 -315.459
-0.0081746456 -319.057
-0.0081744456 -317.858
-0.0081742456 -318.657
-0.0081740456 -319.057
-0.0081738456 -319.057
-0.0081736456 -318.257
-0.0081734456 -319.057
-0.0081732456 -316.658
-0.0081730456 -318.657
-0.0081728456 -317.858
-0.0081726456 -317.458
-0.0081724456 -317.858
-0.0081722456 -319.057
-0.0081720456 -319.457
-0.0081718456 -319.057
-0.0081716456 -318.257
-0.0081714456 -320.257
-0.0081712456 -319.857
-0.0081710456 -319.457
-0.0081708456 -321.456
-0.0081706456 -318.257
-0.0081704456 -321.056
-0.0081702456 -318.257
-0.0081700456 -317.058
-0.0081698456 -319.857
-0.0081696456 -322.256
-0.0081694456 -320.656
-0.0081692456 -321.056
-0.0081690456 -320.257
-0.0081688456 -319.057
-0.0081686456 -318.257
-0.0081684456 -318.257
-0.0081682456 -319.057
-0.0081680456 -319.857
-0.0081678456 -319.057
-0.0081676456 -318.257
-0.0081674456 -320.257
-0.0081672456 -318.257
-0.0081670456 -317.058
-0.0081668456 -319.057
-0.0081666456 -319.857
-0.0081664456 -319.857
-0.0081662456 -321.856
-0.0081660456 -319.057
-0.0081658456 -320.656
-0.0081656456 -319.457
-0.0081654456 -319.857
-0.0081652456 -319.457
-0.0081650456 -320.257
-0.0081648456 -321.856
-0.0081646456 -320.656
-0.0081644456 -319.457
-0.0081642456 -318.257
-0.0081640456 -320.257
-0.0081638456 -321.856
-0.0081636456 -321.856
-0.0081634456 -320.257
-0.0081632456 -318.657
-0.0081630456 -320.257
-0.0081628456 -318.657
-0.0081626456 -320.257
-0.0081624456 -321.856
-0.0081622456 -322.256
-0.0081620456 -319.857
-0.0081618456 -319.457
-0.0081616456 -320.656
-0.0081614456 -319.857
-0.0081612456 -322.256
-0.0081610456 -320.656
-0.0081608456 -322.655
-0.0081606456 -324.255
-0.0081604456 -319.857
-0.0081602456 -321.456
-0.0081600456 -322.256
-0.0081598456 -319.457
-0.0081596456 -321.456
-0.0081594456 -319.857
-0.0081592456 -321.056
-0.0081590456 -319.057
-0.0081588456 -321.856
-0.0081586456 -323.455
-0.0081584456 -319.457
-0.0081582456 -320.257
-0.0081580456 -321.856
-0.0081578456 -321.056
-0.0081576456 -321.456
-0.0081574456 -322.256
-0.0081572456 -321.056
-0.0081570456 -320.656
-0.0081568456 -323.055
-0.0081566456 -322.655
-0.0081564456 -319.857
-0.0081562456 -322.256
-0.0081560456 -322.256
-0.0081558456 -321.056
-0.0081556456 -321.856
-0.0081554456 -321.056
-0.0081552456 -321.856
-0.0081550456 -322.655
-0.0081548456 -321.456
-0.0081546456 -322.256
-0.0081544456 -321.856
-0.0081542456 -322.256
-0.0081540456 -319.457
-0.0081538456 -322.655
-0.0081536456 -324.255
-0.0081534456 -320.656
-0.0081532456 -322.655
-0.0081530456 -322.256
-0.0081528456 -319.857
-0.0081526456 -320.656
-0.0081524456 -322.256
-0.0081522456 -321.856
-0.0081520456 -321.856
-0.0081518456 -321.056
-0.0081516456 -321.856
-0.0081514456 -319.457
-0.0081512456 -321.456
-0.0081510456 -321.856
-0.0081508456 -324.655
-0.0081506456 -321.456
-0.0081504456 -320.656
-0.0081502456 -323.855
-0.0081500456 -321.856
-0.0081498456 -320.656
-0.0081496456 -324.255
-0.0081494456 -322.256
-0.0081492456 -325.454
-0.0081490456 -324.255
-0.0081488456 -323.055
-0.0081486456 -322.256
-0.0081484456 -325.054
-0.0081482456 -324.255
-0.0081480456 -321.856
-0.0081478456 -323.055
-0.0081476456 -323.855
-0.0081474456 -322.655
-0.0081472456 -323.455
-0.0081470456 -321.856
-0.0081468456 -326.654
-0.0081466456 -323.055
-0.0081464456 -323.055
-0.0081462456 -323.855
-0.0081460456 -320.257
-0.0081458456 -324.255
-0.0081456456 -325.454
-0.0081454456 -324.655
-0.0081452456 -323.855
-0.0081450456 -324.255
-0.0081448456 -322.256
-0.0081446456 -328.253
-0.0081444456 -327.053
-0.0081442456 -326.254
-0.0081440456 -325.854
-0.0081438456 -325.454
-0.0081436456 -325.054
-0.0081434456 -323.855
-0.0081432456 -324.655
-0.0081430456 -325.454
-0.0081428456 -326.254
-0.0081426456 -326.654
-0.0081424456 -327.053
-0.0081422456 -326.654
-0.0081420456 -328.653
-0.0081418456 -325.454
-0.0081416456 -327.453
-0.0081414456 -326.654
-0.0081412456 -324.255
-0.0081410456 -325.454
-0.0081408456 -327.053
-0.0081406456 -325.854
-0.0081404456 -327.453
-0.0081402456 -327.853
-0.0081400456 -326.654
-0.0081398456 -327.453
-0.0081396456 -328.653
-0.0081394456 -328.253
-0.0081392456 -327.453
-0.0081390456 -327.453
-0.0081388456 -328.653
-0.0081386456 -327.453
-0.0081384456 -326.654
-0.0081382456 -326.254
-0.0081380456 -326.654
-0.0081378456 -327.853
-0.0081376456 -327.053
-0.0081374456 -328.253
-0.0081372456 -327.853
-0.0081370456 -327.453
-0.0081368456 -328.253
-0.0081366456 -326.654
-0.0081364456 -326.654
-0.0081362456 -328.653
-0.0081360456 -330.252
-0.0081358456 -328.653
-0.0081356456 -327.853
-0.0081354456 -328.253
-0.0081352456 -327.053
-0.0081350456 -326.654
-0.0081348456 -330.252
-0.0081346456 -329.053
-0.0081344456 -330.652
-0.0081342456 -327.853
-0.0081340456 -327.853
-0.0081338456 -329.053
-0.0081336456 -331.052
-0.0081334456 -328.653
-0.0081332456 -326.654
-0.0081330456 -328.653
-0.0081328456 -329.852
-0.0081326456 -331.052
-0.0081324456 -330.252
-0.0081322456 -327.853
-0.0081320456 -330.252
-0.0081318456 -327.053
-0.0081316456 -329.452
-0.0081314456 -329.452
-0.0081312456 -329.053
-0.0081310456 -328.653
-0.0081308456 -329.452
-0.0081306456 -328.653
-0.0081304456 -328.653
-0.0081302456 -330.252
-0.0081300456 -333.451
-0.0081298456 -329.053
-0.0081296456 -329.452
-0.0081294456 -331.851
-0.0081292456 -330.252
-0.0081290456 -329.053
-0.0081288456 -328.653
-0.0081286456 -329.053
-0.0081284456 -330.252
-0.0081282456 -328.653
-0.0081280456 -328.253
-0.0081278456 -330.652
-0.0081276456 -330.652
-0.0081274456 -330.652
-0.0081272456 -329.852
-0.0081270456 -330.652
-0.0081268456 -331.052
-0.0081266456 -330.252
-0.0081264456 -330.652
-0.0081262456 -331.052
-0.0081260456 -333.051
-0.0081258456 -330.652
-0.0081256456 -329.852
-0.0081254456 -331.452
-0.0081252456 -329.452
-0.0081250456 -331.452
-0.0081248456 -330.252
-0.0081246456 -329.452
-0.0081244456 -332.251
-0.0081242456 -331.052
-0.0081240456 -331.052
-0.0081238456 -331.052
-0.0081236456 -332.251
-0.0081234456 -332.251
-0.0081232456 -331.851
-0.0081230456 -332.251
-0.0081228456 -335.45
-0.0081226456 -333.451
-0.0081224456 -331.052
-0.0081222456 -332.651
-0.0081220456 -331.851
-0.0081218456 -331.452
-0.0081216456 -331.851
-0.0081214456 -333.051
-0.0081212456 -330.652
-0.0081210456 -333.051
-0.0081208456 -330.652
-0.0081206456 -332.251
-0.0081204456 -331.052
-0.0081202456 -331.452
-0.0081200456 -332.651
-0.0081198456 -330.252
-0.0081196456 -332.251
-0.0081194456 -336.649
-0.0081192456 -332.651
-0.0081190456 -332.651
-0.0081188456 -329.053
-0.0081186456 -329.852
-0.0081184456 -332.251
-0.0081182456 -331.452
-0.0081180456 -329.852
-0.0081178456 -330.652
-0.0081176456 -330.252
-0.0081174456 -332.251
-0.0081172456 -333.451
-0.0081170456 -330.252
-0.0081168456 -334.65
-0.0081166456 -331.851
-0.0081164456 -330.652
-0.0081162456 -332.651
-0.0081160456 -331.851
-0.0081158456 -333.451
-0.0081156456 -331.052
-0.0081154456 -332.251
-0.0081152456 -331.052
-0.0081150456 -330.252
-0.0081148456 -330.652
-0.0081146456 -331.452
-0.0081144456 -331.851
-0.0081142456 -333.051
-0.0081140456 -331.452
-0.0081138456 -330.252
-0.0081136456 -330.652
-0.0081134456 -331.452
-0.0081132456 -333.051
-0.0081130456 -331.851
-0.0081128456 -333.051
-0.0081126456 -332.251
-0.0081124456 -331.851
-0.0081122456 -332.651
-0.0081120456 -332.251
-0.0081118456 -330.252
-0.0081116456 -331.052
-0.0081114456 -331.452
-0.0081112456 -333.051
-0.0081110456 -331.452
-0.0081108456 -331.851
-0.0081106456 -331.851
-0.0081104456 -331.052
-0.0081102456 -333.051
-0.0081100456 -329.852
-0.0081098456 -330.252
-0.0081096456 -328.653
-0.0081094456 -331.452
-0.0081092456 -331.851
-0.0081090456 -330.252
-0.0081088456 -331.851
-0.0081086456 -333.85
-0.0081084456 -330.652
-0.0081082456 -331.851
-0.0081080456 -331.452
-0.0081078456 -333.451
-0.0081076456 -333.051
-0.0081074456 -333.051
-0.0081072456 -332.651
-0.0081070456 -332.651
-0.0081068456 -330.252
-0.0081066456 -330.652
-0.0081064456 -332.651
-0.0081062456 -330.652
-0.0081060456 -331.452
-0.0081058456 -333.85
-0.0081056456 -329.053
-0.0081054456 -330.252
-0.0081052456 -331.851
-0.0081050456 -330.652
-0.0081048456 -333.051
-0.0081046456 -329.852
-0.0081044456 -331.052
-0.0081042456 -333.451
-0.0081040456 -331.052
-0.0081038456 -330.252
-0.0081036456 -329.053
-0.0081034456 -331.851
-0.0081032456 -331.851
-0.0081030456 -332.651
-0.0081028456 -332.251
-0.0081026456 -331.052
-0.0081024456 -331.851
-0.0081022456 -334.65
-0.0081020456 -331.452
-0.0081018456 -333.051
-0.0081016456 -331.452
-0.0081014456 -331.851
-0.0081012456 -333.051
-0.0081010456 -331.452
-0.0081008456 -330.652
-0.0081006456 -333.051
-0.0081004456 -330.652
-0.0081002456 -331.851
-0.0081000456 -332.251
-0.0080998456 -331.452
-0.0080996456 -330.652
-0.0080994456 -332.251
-0.0080992456 -331.052
-0.0080990456 -331.452
-0.0080988456 -333.051
-0.0080986456 -332.251
-0.0080984456 -331.851
-0.0080982456 -335.05
-0.0080980456 -332.251
-0.0080978456 -331.851
-0.0080976456 -333.85
-0.0080974456 -333.85
-0.0080972456 -332.651
-0.0080970456 -334.65
-0.0080968456 -335.85
-0.0080966456 -335.85
-0.0080964456 -333.051
-0.0080962456 -332.651
-0.0080960456 -333.051
-0.0080958456 -333.451
-0.0080956456 -333.85
-0.0080954456 -333.451
-0.0080952456 -332.651
-0.0080950456 -333.451
-0.0080948456 -336.649
-0.0080946456 -335.85
-0.0080944456 -331.452
-0.0080942456 -335.85
-0.0080940456 -332.651
-0.0080938456 -334.65
-0.0080936456 -335.85
-0.0080934456 -335.45
-0.0080932456 -333.051
-0.0080930456 -334.65
-0.0080928456 -333.85
-0.0080926456 -334.65
-0.0080924456 -334.65
-0.0080922456 -334.65
-0.0080920456 -335.05
-0.0080918456 -334.65
-0.0080916456 -333.451
-0.0080914456 -334.65
-0.0080912456 -335.05
-0.0080910456 -334.65
-0.0080908456 -335.85
-0.0080906456 -336.249
-0.0080904456 -336.649
-0.0080902456 -335.85
-0.0080900456 -335.85
-0.0080898456 -336.649
-0.0080896456 -334.25
-0.0080894456 -335.45
-0.0080892456 -335.05
-0.0080890456 -334.25
-0.0080888456 -335.85
-0.0080886456 -336.649
-0.0080884456 -338.248
-0.0080882456 -335.85
-0.0080880456 -333.451
-0.0080878456 -335.45
-0.0080876456 -333.051
-0.0080874456 -334.65
-0.0080872456 -335.05
-0.0080870456 -335.85
-0.0080868456 -334.25
-0.0080866456 -338.248
-0.0080864456 -338.248
-0.0080862456 -335.05
-0.0080860456 -336.649
-0.0080858456 -337.849
-0.0080856456 -335.85
-0.0080854456 -338.248
-0.0080852456 -337.449
-0.0080850456 -337.049
-0.0080848456 -336.249
-0.0080846456 -337.449
-0.0080844456 -337.449
-0.0080842456 -336.249
-0.0080840456 -337.849
-0.0080838456 -335.05
-0.0080836456 -338.248
-0.0080834456 -337.849
-0.0080832456 -339.448
-0.0080830456 -339.848
-0.0080828456 -335.85
-0.0080826456 -336.649
-0.0080824456 -335.05
-0.0080822456 -337.049
-0.0080820456 -336.249
-0.0080818456 -337.449
-0.0080816456 -336.649
-0.0080814456 -337.849
-0.0080812456 -337.449
-0.0080810456 -337.449
-0.0080808456 -338.248
-0.0080806456 -339.048
-0.0080804456 -340.248
-0.0080802456 -339.048
-0.0080800456 -337.049
-0.0080798456 -336.649
-0.0080796456 -338.648
-0.0080794456 -335.85
-0.0080792456 -338.648
-0.0080790456 -338.248
-0.0080788456 -339.448
-0.0080786456 -339.448
-0.0080784456 -339.848
-0.0080782456 -341.047
-0.0080780456 -339.048
-0.0080778456 -340.248
-0.0080776456 -337.049
-0.0080774456 -339.448
-0.0080772456 -339.448
-0.0080770456 -339.448
-0.0080768456 -340.248
-0.0080766456 -339.048
-0.0080764456 -338.248
-0.0080762456 -336.649
-0.0080760456 -337.849
-0.0080758456 -341.847
-0.0080756456 -339.848
-0.0080754456 -339.048
-0.0080752456 -337.449
-0.0080750456 -337.849
-0.0080748456 -339.448
-0.0080746456 -337.849
-0.0080744456 -340.647
-0.0080742456 -341.847
-0.0080740456 -340.248
-0.0080738456 -341.447
-0.0080736456 -338.248
-0.0080734456 -339.848
-0.0080732456 -342.646
-0.0080730456 -338.648
-0.0080728456 -338.248
-0.0080726456 -341.447
-0.0080724456 -340.647
-0.0080722456 -338.648
-0.0080720456 -340.248
-0.0080718456 -338.648
-0.0080716456 -341.047
-0.0080714456 -339.048
-0.0080712456 -339.848
-0.0080710456 -342.247
-0.0080708456 -340.647
-0.0080706456 -342.247
-0.0080704456 -339.448
-0.0080702456 -339.048
-0.0080700456 -340.647
-0.0080698456 -339.848
-0.0080696456 -341.047
-0.0080694456 -342.646
-0.0080692456 -341.047
-0.0080690456 -338.648
-0.0080688456 -339.848
-0.0080686456 -341.847
-0.0080684456 -342.247
-0.0080682456 -343.446
-0.0080680456 -345.845
-0.0080678456 -339.848
-0.0080676456 -342.247
-0.0080674456 -340.647
-0.0080672456 -341.447
-0.0080670456 -341.447
-0.0080668456 -339.848
-0.0080666456 -340.647
-0.0080664456 -339.448
-0.0080662456 -341.047
-0.0080660456 -341.847
-0.0080658456 -340.647
-0.0080656456 -340.248
-0.0080654456 -341.447
-0.0080652456 -339.048
-0.0080650456 -343.046
-0.0080648456 -339.848
-0.0080646456 -339.448
-0.0080644456 -341.847
-0.0080642456 -341.447
-0.0080640456 -342.646
-0.0080638456 -342.247
-0.0080636456 -341.447
-0.0080634456 -344.646
-0.0080632456 -341.047
-0.0080630456 -339.448
-0.0080628456 -341.847
-0.0080626456 -344.246
-0.0080624456 -343.046
-0.0080622456 -343.846
-0.0080620456 -342.646
-0.0080618456 -343.446
-0.0080616456 -342.247
-0.0080614456 -339.448
-0.0080612456 -340.647
-0.0080610456 -344.646
-0.0080608456 -342.646
-0.0080606456 -340.248
-0.0080604456 -341.047
-0.0080602456 -345.045
-0.0080600456 -343.046
-0.0080598456 -343.846
-0.0080596456 -343.046
-0.0080594456 -347.045
-0.0080592456 -343.446
-0.0080590456 -345.045
-0.0080588456 -344.246
-0.0080586456 -344.646
-0.0080584456 -346.645
-0.0080582456 -341.847
-0.0080580456 -342.247
-0.0080578456 -343.046
-0.0080576456 -341.847
-0.0080574456 -344.246
-0.0080572456 -346.245
-0.0080570456 -344.246
-0.0080568456 -344.246
-0.0080566456 -342.646
-0.0080564456 -344.246
-0.0080562456 -343.846
-0.0080560456 -345.045
-0.0080558456 -345.045
-0.0080556456 -343.046
-0.0080554456 -344.646
-0.0080552456 -344.646
-0.0080550456 -340.248
-0.0080548456 -344.246
-0.0080546456 -341.847
-0.0080544456 -345.045
-0.0080542456 -344.246
-0.0080540456 -343.846
-0.0080538456 -342.247
-0.0080536456 -342.247
-0.0080534456 -343.046
-0.0080532456 -345.445
-0.0080530456 -342.646
-0.0080528456 -342.646
-0.0080526456 -347.444
-0.0080524456 -343.846
-0.0080522456 -343.046
-0.0080520456 -344.646
-0.0080518456 -345.045
-0.0080516456 -343.846
-0.0080514456 -344.246
-0.0080512456 -345.045
-0.0080510456 -345.845
-0.0080508456 -344.246
-0.0080506456 -344.646
-0.0080504456 -344.246
-0.0080502456 -347.045
-0.0080500456 -344.246
-0.0080498456 -345.045
-0.0080496456 -345.845
-0.0080494456 -347.444
-0.0080492456 -344.646
-0.0080490456 -343.846
-0.0080488456 -344.246
-0.0080486456 -347.444
-0.0080484456 -344.246
-0.0080482456 -344.246
-0.0080480456 -345.445
-0.0080478456 -345.445
-0.0080476456 -346.245
-0.0080474456 -344.246
-0.0080472456 -344.646
-0.0080470456 -344.246
-0.0080468456 -344.646
-0.0080466456 -345.845
-0.0080464456 -343.046
-0.0080462456 -344.646
-0.0080460456 -344.246
-0.0080458456 -344.646
-0.0080456456 -342.646
-0.0080454456 -344.646
-0.0080452456 -345.445
-0.0080450456 -344.246
-0.0080448456 -345.445
-0.0080446456 -347.045
-0.0080444456 -345.045
-0.0080442456 -345.445
-0.0080440456 -343.046
-0.0080438456 -345.045
-0.0080436456 -344.646
-0.0080434456 -344.246
-0.0080432456 -343.446
-0.0080430456 -345.845
-0.0080428456 -343.446
-0.0080426456 -344.646
-0.0080424456 -345.445
-0.0080422456 -344.646
-0.0080420456 -346.245
-0.0080418456 -343.446
-0.0080416456 -343.046
-0.0080414456 -345.445
-0.0080412456 -346.645
-0.0080410456 -345.845
-0.0080408456 -344.246
-0.0080406456 -345.845
-0.0080404456 -342.247
-0.0080402456 -345.445
-0.0080400456 -346.645
-0.0080398456 -345.845
-0.0080396456 -346.645
-0.0080394456 -344.646
-0.0080392456 -347.444
-0.0080390456 -345.045
-0.0080388456 -344.646
-0.0080386456 -344.646
-0.0080384456 -345.045
-0.0080382456 -347.444
-0.0080380456 -345.845
-0.0080378456 -345.845
-0.0080376456 -347.045
-0.0080374456 -347.045
-0.0080372456 -345.045
-0.0080370456 -345.845
-0.0080368456 -345.445
-0.0080366456 -345.045
-0.0080364456 -346.645
-0.0080362456 -344.246
-0.0080360456 -343.446
-0.0080358456 -345.845
-0.0080356456 -343.846
-0.0080354456 -344.246
-0.0080352456 -345.045
-0.0080350456 -343.446
-0.0080348456 -344.646
-0.0080346456 -345.445
-0.0080344456 -344.246
-0.0080342456 -344.646
-0.0080340456 -344.246
-0.0080338456 -345.445
-0.0080336456 -345.445
-0.0080334456 -345.445
-0.0080332456 -346.645
-0.0080330456 -344.646
-0.0080328456 -348.244
-0.0080326456 -341.847
-0.0080324456 -345.845
-0.0080322456 -345.445
-0.0080320456 -345.845
-0.0080318456 -347.844
-0.0080316456 -344.646
-0.0080314456 -344.646
-0.0080312456 -345.845
-0.0080310456 -344.646
-0.0080308456 -347.444
-0.0080306456 -345.045
-0.0080304456 -344.646
-0.0080302456 -344.246
-0.0080300456 -346.245
-0.0080298456 -347.844
-0.0080296456 -347.045
-0.0080294456 -345.045
-0.0080292456 -345.445
-0.0080290456 -345.445
-0.0080288456 -345.845
-0.0080286456 -345.845
-0.0080284456 -347.444
-0.0080282456 -345.845
-0.0080280456 -345.445
-0.0080278456 -343.846
-0.0080276456 -345.845
-0.0080274456 -347.844
-0.0080272456 -346.645
-0.0080270456 -348.644
-0.0080268456 -343.846
-0.0080266456 -345.845
-0.0080264456 -347.844
-0.0080262456 -344.246
-0.0080260456 -347.444
-0.0080258456 -347.045
-0.0080256456 -345.445
-0.0080254456 -347.045
-0.0080252456 -345.445
-0.0080250456 -343.046
-0.0080248456 -347.844
-0.0080246456 -346.245
-0.0080244456 -346.245
-0.0080242456 -345.445
-0.0080240456 -349.443
-0.0080238456 -347.844
-0.0080236456 -345.845
-0.0080234456 -347.844
-0.0080232456 -346.245
-0.0080230456 -346.645
-0.0080228456 -346.645
-0.0080226456 -345.845
-0.0080224456 -347.444
-0.0080222456 -345.845
-0.0080220456 -348.244
-0.0080218456 -346.245
-0.0080216456 -349.044
-0.0080214456 -347.844
-0.0080212456 -347.844
-0.0080210456 -345.845
-0.0080208456 -346.645
-0.0080206456 -348.244
-0.0080204456 -347.844
-0.0080202456 -347.045
-0.0080200456 -350.643
-0.0080198456 -347.844
-0.0080196456 -348.644
-0.0080194456 -347.844
-0.0080192456 -349.044
-0.0080190456 -347.444
-0.0080188456 -350.643
-0.0080186456 -348.644
-0.0080184456 -346.645
-0.0080182456 -349.044
-0.0080180456 -347.444
-0.0080178456 -346.245
-0.0080176456 -349.443
-0.0080174456 -348.244
-0.0080172456 -347.444
-0.0080170456 -347.045
-0.0080168456 -347.444
-0.0080166456 -347.045
-0.0080164456 -350.243
-0.0080162456 -350.643
-0.0080160456 -352.242
-0.0080158456 -347.844
-0.0080156456 -347.844
-0.0080154456 -347.045
-0.0080152456 -349.443
-0.0080150456 -347.844
-0.0080148456 -348.644
-0.0080146456 -351.443
-0.0080144456 -347.844
-0.0080142456 -349.443
-0.0080140456 -351.443
-0.0080138456 -346.645
-0.0080136456 -349.044
-0.0080134456 -351.043
-0.0080132456 -349.044
-0.0080130456 -350.643
-0.0080128456 -350.243
-0.0080126456 -347.045
-0.0080124456 -346.245
-0.0080122456 -350.643
-0.0080120456 -349.443
-0.0080118456 -347.444
-0.0080116456 -348.244
-0.0080114456 -350.243
-0.0080112456 -349.443
-0.0080110456 -349.843
-0.0080108456 -350.643
-0.0080106456 -349.843
-0.0080104456 -351.842
-0.0080102456 -344.646
-0.0080100456 -349.443
-0.0080098456 -349.843
-0.0080096456 -347.045
-0.0080094456 -347.844
-0.0080092456 -348.244
-0.0080090456 -349.443
-0.0080088456 -347.844
-0.0080086456 -352.242
-0.0080084456 -348.644
-0.0080082456 -352.642
-0.0080080456 -350.643
-0.0080078456 -351.043
-0.0080076456 -350.643
-0.0080074456 -350.643
-0.0080072456 -350.643
-0.0080070456 -349.044
-0.0080068456 -351.443
-0.0080066456 -351.842
-0.0080064456 -349.443
-0.0080062456 -349.843
-0.0080060456 -353.042
-0.0080058456 -351.842
-0.0080056456 -351.043
-0.0080054456 -350.243
-0.0080052456 -349.443
-0.0080050456 -349.843
-0.0080048456 -352.642
-0.0080046456 -351.443
-0.0080044456 -351.443
-0.0080042456 -349.443
-0.0080040456 -350.243
-0.0080038456 -351.842
-0.0080036456 -349.843
-0.0080034456 -353.442
-0.0080032456 -351.443
-0.0080030456 -353.042
-0.0080028456 -349.443
-0.0080026456 -353.841
-0.0080024456 -355.441
-0.0080022456 -350.643
-0.0080020456 -351.043
-0.0080018456 -350.643
-0.0080016456 -349.843
-0.0080014456 -350.243
-0.0080012456 -349.443
-0.0080010456 -353.841
-0.0080008456 -350.643
-0.0080006456 -350.643
-0.0080004456 -353.442
-0.0080002456 -356.24
-0.0080000456 -350.643
-0.0079998456 -352.242
-0.0079996456 -349.443
-0.0079994456 -351.842
-0.0079992456 -353.841
-0.0079990456 -351.443
-0.0079988456 -351.043
-0.0079986456 -351.842
-0.0079984456 -349.443
-0.0079982456 -351.043
-0.0079980456 -351.043
-0.0079978456 -354.641
-0.0079976456 -351.842
-0.0079974456 -352.242
-0.0079972456 -354.641
-0.0079970456 -354.641
-0.0079968456 -355.441
-0.0079966456 -353.042
-0.0079964456 -351.043
-0.0079962456 -353.841
-0.0079960456 -355.041
-0.0079958456 -352.242
-0.0079956456 -352.242
-0.0079954456 -353.042
-0.0079952456 -355.441
-0.0079950456 -355.041
-0.0079948456 -353.442
-0.0079946456 -355.441
-0.0079944456 -353.042
-0.0079942456 -351.842
-0.0079940456 -353.042
-0.0079938456 -354.241
-0.0079936456 -352.242
-0.0079934456 -353.841
-0.0079932456 -355.041
-0.0079930456 -354.641
-0.0079928456 -353.042
-0.0079926456 -352.642
-0.0079924456 -352.242
-0.0079922456 -356.64
-0.0079920456 -352.242
-0.0079918456 -356.24
-0.0079916456 -353.442
-0.0079914456 -353.841
-0.0079912456 -354.241
-0.0079910456 -353.042
-0.0079908456 -355.441
-0.0079906456 -353.442
-0.0079904456 -355.841
-0.0079902456 -355.441
-0.0079900456 -354.641
-0.0079898456 -353.442
-0.0079896456 -355.441
-0.0079894456 -353.442
-0.0079892456 -354.241
-0.0079890456 -355.841
-0.0079888456 -352.642
-0.0079886456 -354.241
-0.0079884456 -355.041
-0.0079882456 -354.241
-0.0079880456 -353.042
-0.0079878456 -357.04
-0.0079876456 -355.841
-0.0079874456 -354.641
-0.0079872456 -352.242
-0.0079870456 -356.64
-0.0079868456 -356.24
-0.0079866456 -355.041
-0.0079864456 -353.042
-0.0079862456 -355.441
-0.0079860456 -353.841
-0.0079858456 -353.042
-0.0079856456 -353.442
-0.0079854456 -354.241
-0.0079852456 -354.641
-0.0079850456 -353.442
-0.0079848456 -352.242
-0.0079846456 -356.64
-0.0079844456 -353.841
-0.0079842456 -355.441
-0.0079840456 -353.042
-0.0079838456 -356.24
-0.0079836456 -354.641
-0.0079834456 -356.24
-0.0079832456 -355.441
-0.0079830456 -356.24
-0.0079828456 -354.241
-0.0079826456 -354.641
-0.0079824456 -355.041
-0.0079822456 -356.64
-0.0079820456 -357.84
-0.0079818456 -353.042
-0.0079816456 -355.841
-0.0079814456 -355.441
-0.0079812456 -355.841
-0.0079810456 -358.24
-0.0079808456 -355.841
-0.0079806456 -355.041
-0.0079804456 -355.441
-0.0079802456 -353.042
-0.0079800456 -356.64
-0.0079798456 -355.841
-0.0079796456 -354.641
-0.0079794456 -357.04
-0.0079792456 -356.24
-0.0079790456 -355.841
-0.0079788456 -355.041
-0.0079786456 -356.24
-0.0079784456 -355.841
-0.0079782456 -357.44
-0.0079780456 -355.441
-0.0079778456 -353.042
-0.0079776456 -358.24
-0.0079774456 -352.642
-0.0079772456 -353.442
-0.0079770456 -356.64
-0.0079768456 -355.841
-0.0079766456 -355.041
-0.0079764456 -356.24
-0.0079762456 -356.64
-0.0079760456 -357.84
-0.0079758456 -355.841
-0.0079756456 -355.041
-0.0079754456 -354.241
-0.0079752456 -353.841
-0.0079750456 -357.04
-0.0079748456 -357.44
-0.0079746456 -354.241
-0.0079744456 -355.041
-0.0079742456 -355.441
-0.0079740456 -355.441
-0.0079738456 -358.639
-0.0079736456 -353.042
-0.0079734456 -356.24
-0.0079732456 -357.84
-0.0079730456 -357.04
-0.0079728456 -356.24
-0.0079726456 -356.64
-0.0079724456 -357.04
-0.0079722456 -357.04
-0.0079720456 -355.041
-0.0079718456 -353.841
-0.0079716456 -357.04
-0.0079714456 -356.24
-0.0079712456 -356.64
-0.0079710456 -360.638
-0.0079708456 -357.04
-0.0079706456 -357.44
-0.0079704456 -357.44
-0.0079702456 -356.24
-0.0079700456 -358.24
-0.0079698456 -357.44
-0.0079696456 -356.24
-0.0079694456 -357.44
-0.0079692456 -357.44
-0.0079690456 -356.24
-0.0079688456 -357.04
-0.0079686456 -356.64
-0.0079684456 -358.24
-0.0079682456 -357.44
-0.0079680456 -357.44
-0.0079678456 -357.04
-0.0079676456 -355.841
-0.0079674456 -360.638
-0.0079672456 -357.44
-0.0079670456 -360.239
-0.0079668456 -356.64
-0.0079666456 -359.839
-0.0079664456 -357.44
-0.0079662456 -358.639
-0.0079660456 -358.24
-0.0079658456 -359.439
-0.0079656456 -356.24
-0.0079654456 -357.44
-0.0079652456 -357.04
-0.0079650456 -357.84
-0.0079648456 -358.24
-0.0079646456 -357.44
-0.0079644456 -358.639
-0.0079642456 -357.84
-0.0079640456 -358.24
-0.0079638456 -356.64
-0.0079636456 -359.439
-0.0079634456 -357.44
-0.0079632456 -358.639
-0.0079630456 -359.439
-0.0079628456 -356.64
-0.0079626456 -353.841
-0.0079624456 -359.839
-0.0079622456 -359.839
-0.0079620456 -358.639
-0.0079618456 -358.639
-0.0079616456 -357.84
-0.0079614456 -354.641
-0.0079612456 -358.24
-0.0079610456 -359.839
-0.0079608456 -358.24
-0.0079606456 -359.039
-0.0079604456 -360.638
-0.0079602456 -358.639
-0.0079600456 -359.439
-0.0079598456 -359.039
-0.0079596456 -361.438
-0.0079594456 -361.438
-0.0079592456 -360.638
-0.0079590456 -357.04
-0.0079588456 -358.24
-0.0079586456 -359.839
-0.0079584456 -359.839
-0.0079582456 -358.24
-0.0079580456 -360.239
-0.0079578456 -361.438
-0.0079576456 -359.839
-0.0079574456 -357.44
-0.0079572456 -357.84
-0.0079570456 -358.639
-0.0079568456 -361.038
-0.0079566456 -359.439
-0.0079564456 -357.44
-0.0079562456 -360.239
-0.0079560456 -360.239
-0.0079558456 -357.04
-0.0079556456 -359.839
-0.0079554456 -358.24
-0.0079552456 -361.838
-0.0079550456 -360.239
-0.0079548456 -359.039
-0.0079546456 -361.838
-0.0079544456 -358.24
-0.0079542456 -355.841
-0.0079540456 -359.439
-0.0079538456 -360.239
-0.0079536456 -363.837
-0.0079534456 -359.839
-0.0079532456 -363.037
-0.0079530456 -358.639
-0.0079528456 -359.439
-0.0079526456 -361.438
-0.0079524456 -361.438
-0.0079522456 -359.839
-0.0079520456 -359.039
-0.0079518456 -361.038
-0.0079516456 -358.639
-0.0079514456 -359.439
-0.0079512456 -359.039
-0.0079510456 -363.037
-0.0079508456 -361.038
-0.0079506456 -359.039
-0.0079504456 -359.839
-0.0079502456 -358.639
-0.0079500456 -362.238
-0.0079498456 -361.838
-0.0079496456 -360.239
-0.0079494456 -358.639
-0.0079492456 -359.039
-0.0079490456 -361.438
-0.0079488456 -360.239
-0.0079486456 -362.238
-0.0079484456 -360.239
-0.0079482456 -357.84
-0.0079480456 -358.639
-0.0079478456 -361.038
-0.0079476456 -361.838
-0.0079474456 -360.239
-0.0079472456 -361.038
-0.0079470456 -359.839
-0.0079468456 -361.838
-0.0079466456 -362.238
-0.0079464456 -362.238
-0.0079462456 -359.839
-0.0079460456 -359.839
-0.0079458456 -363.437
-0.0079456456 -362.238
-0.0079454456 -360.239
-0.0079452456 -358.639
-0.0079450456 -360.239
-0.0079448456 -359.439
-0.0079446456 -361.438
-0.0079444456 -361.438
-0.0079442456 -361.838
-0.0079440456 -362.638
-0.0079438456 -364.237
-0.0079436456 -360.239
-0.0079434456 -361.438
-0.0079432456 -363.437
-0.0079430456 -362.638
-0.0079428456 -361.438
-0.0079426456 -361.838
-0.0079424456 -362.238
-0.0079422456 -362.238
-0.0079420456 -362.638
-0.0079418456 -362.238
-0.0079416456 -362.638
-0.0079414456 -363.437
-0.0079412456 -362.638
-0.0079410456 -362.638
-0.0079408456 -362.638
-0.0079406456 -363.437
-0.0079404456 -364.237
-0.0079402456 -363.837
-0.0079400456 -365.836
-0.0079398456 -363.437
-0.0079396456 -365.036
-0.0079394456 -364.237
-0.0079392456 -363.437
-0.0079390456 -365.036
-0.0079388456 -363.837
-0.0079386456 -362.238
-0.0079384456 -364.637
-0.0079382456 -363.837
-0.0079380456 -363.037
-0.0079378456 -362.238
-0.0079376456 -363.037
-0.0079374456 -362.638
-0.0079372456 -365.036
-0.0079370456 -362.238
-0.0079368456 -363.037
-0.0079366456 -366.636
-0.0079364456 -364.637
-0.0079362456 -365.036
-0.0079360456 -367.036
-0.0079358456 -363.837
-0.0079356456 -361.438
-0.0079354456 -363.037
-0.0079352456 -364.637
-0.0079350456 -363.437
-0.0079348456 -363.837
-0.0079346456 -364.637
-0.0079344456 -363.837
-0.0079342456 -367.435
-0.0079340456 -363.437
-0.0079338456 -363.837
-0.0079336456 -364.237
-0.0079334456 -363.437
-0.0079332456 -366.236
-0.0079330456 -367.435
-0.0079328456 -364.637
-0.0079326456 -366.636
-0.0079324456 -364.237
-0.0079322456 -365.036
-0.0079320456 -364.237
-0.0079318456 -364.637
-0.0079316456 -365.036
-0.0079314456 -367.036
-0.0079312456 -365.436
-0.0079310456 -365.436
-0.0079308456 -365.036
-0.0079306456 -364.237
-0.0079304456 -365.036
-0.0079302456 -364.237
-0.0079300456 -365.036
-0.0079298456 -364.237
-0.0079296456 -364.237
-0.0079294456 -367.036
-0.0079292456 -366.236
-0.0079290456 -366.236
-0.0079288456 -367.036
-0.0079286456 -363.037
-0.0079284456 -366.236
-0.0079282456 -367.435
-0.0079280456 -365.436
-0.0079278456 -364.637
-0.0079276456 -367.036
-0.0079274456 -364.637
-0.0079272456 -367.835
-0.0079270456 -361.838
-0.0079268456 -363.437
-0.0079266456 -365.836
-0.0079264456 -364.637
-0.0079262456 -365.436
-0.0079260456 -367.036
-0.0079258456 -367.036
-0.0079256456 -365.036
-0.0079254456 -365.036
-0.0079252456 -363.437
-0.0079250456 -371.034
-0.0079248456 -370.234
-0.0079246456 -368.635
-0.0079244456 -367.036
-0.0079242456 -368.235
-0.0079240456 -369.434
-0.0079238456 -367.036
-0.0079236456 -367.036
-0.0079234456 -367.835
-0.0079232456 -367.435
-0.0079230456 -365.036
-0.0079228456 -367.435
-0.0079226456 -370.634
-0.0079224456 -367.036
-0.0079222456 -366.636
-0.0079220456 -367.036
-0.0079218456 -366.236
-0.0079216456 -366.236
-0.0079214456 -365.836
-0.0079212456 -370.234
-0.0079210456 -365.436
-0.0079208456 -367.435
-0.0079206456 -364.237
-0.0079204456 -368.635
-0.0079202456 -367.036
-0.0079200456 -367.835
-0.0079198456 -368.235
-0.0079196456 -368.235
-0.0079194456 -368.235
-0.0079192456 -368.635
-0.0079190456 -367.435
-0.0079188456 -368.635
-0.0079186456 -367.435
-0.0079184456 -367.036
-0.0079182456 -368.235
-0.0079180456 -368.235
-0.0079178456 -369.035
-0.0079176456 -366.636
-0.0079174456 -367.435
-0.0079172456 -371.434
-0.0079170456 -367.835
-0.0079168456 -366.236
-0.0079166456 -369.834
-0.0079164456 -368.235
-0.0079162456 -370.234
-0.0079160456 -367.835
-0.0079158456 -367.036
-0.0079156456 -370.634
-0.0079154456 -368.235
-0.0079152456 -369.834
-0.0079150456 -371.034
-0.0079148456 -369.834
-0.0079146456 -369.834
-0.0079144456 -367.435
-0.0079142456 -368.235
-0.0079140456 -370.234
-0.0079138456 -370.234
-0.0079136456 -367.435
-0.0079134456 -367.435
-0.0079132456 -368.635
-0.0079130456 -371.833
-0.0079128456 -371.034
-0.0079126456 -370.634
-0.0079124456 -368.235
-0.0079122456 -371.034
-0.0079120456 -367.036
-0.0079118456 -365.436
-0.0079116456 -369.834
-0.0079114456 -368.635
-0.0079112456 -370.634
-0.0079110456 -367.835
-0.0079108456 -365.836
-0.0079106456 -367.435
-0.0079104456 -368.635
-0.0079102456 -367.036
-0.0079100456 -369.434
-0.0079098456 -367.435
-0.0079096456 -368.235
-0.0079094456 -369.035
-0.0079092456 -369.434
-0.0079090456 -367.835
-0.0079088456 -365.436
-0.0079086456 -364.637
-0.0079084456 -368.635
-0.0079082456 -366.636
-0.0079080456 -368.635
-0.0079078456 -367.036
-0.0079076456 -371.034
-0.0079074456 -369.035
-0.0079072456 -367.435
-0.0079070456 -369.834
-0.0079068456 -367.036
-0.0079066456 -369.434
-0.0079064456 -367.835
-0.0079062456 -368.235
-0.0079060456 -371.833
-0.0079058456 -370.634
-0.0079056456 -369.035
-0.0079054456 -370.634
-0.0079052456 -367.435
-0.0079050456 -368.635
-0.0079048456 -370.234
-0.0079046456 -369.035
-0.0079044456 -367.435
-0.0079042456 -367.835
-0.0079040456 -370.234
-0.0079038456 -371.034
-0.0079036456 -371.034
-0.0079034456 -370.634
-0.0079032456 -371.034
-0.0079030456 -370.634
-0.0079028456 -371.034
-0.0079026456 -369.834
-0.0079024456 -370.234
-0.0079022456 -367.036
-0.0079020456 -369.834
-0.0079018456 -372.633
-0.0079016456 -369.035
-0.0079014456 -369.434
-0.0079012456 -370.634
-0.0079010456 -371.034
-0.0079008456 -371.833
-0.0079006456 -367.036
-0.0079004456 -369.434
-0.0079002456 -369.834
-0.0079000456 -371.034
-0.0078998456 -370.634
-0.0078996456 -368.635
-0.0078994456 -369.834
-0.0078992456 -370.634
-0.0078990456 -367.036
-0.0078988456 -370.634
-0.0078986456 -368.235
-0.0078984456 -369.434
-0.0078982456 -370.234
-0.0078980456 -368.635
-0.0078978456 -369.834
-0.0078976456 -371.434
-0.0078974456 -371.434
-0.0078972456 -368.635
-0.0078970456 -372.233
-0.0078968456 -368.235
-0.0078966456 -368.635
-0.0078964456 -370.634
-0.0078962456 -371.034
-0.0078960456 -371.034
-0.0078958456 -369.834
-0.0078956456 -370.234
-0.0078954456 -371.034
-0.0078952456 -370.234
-0.0078950456 -369.035
-0.0078948456 -371.034
-0.0078946456 -371.034
-0.0078944456 -369.834
-0.0078942456 -368.635
-0.0078940456 -371.034
-0.0078938456 -371.034
-0.0078936456 -369.834
-0.0078934456 -367.435
-0.0078932456 -371.833
-0.0078930456 -371.833
-0.0078928456 -371.434
-0.0078926456 -371.434
-0.0078924456 -367.835
-0.0078922456 -371.034
-0.0078920456 -370.234
-0.0078918456 -369.834
-0.0078916456 -371.434
-0.0078914456 -367.835
-0.0078912456 -371.434
-0.0078910456 -372.633
-0.0078908456 -371.034
-0.0078906456 -370.634
-0.0078904456 -370.634
-0.0078902456 -369.434
-0.0078900456 -369.434
-0.0078898456 -370.634
-0.0078896456 -368.235
-0.0078894456 -371.034
-0.0078892456 -370.234
-0.0078890456 -373.833
-0.0078888456 -371.034
-0.0078886456 -371.034
-0.0078884456 -371.434
-0.0078882456 -372.633
-0.0078880456 -369.834
-0.0078878456 -372.633
-0.0078876456 -369.434
-0.0078874456 -370.634
-0.0078872456 -371.034
-0.0078870456 -368.635
-0.0078868456 -369.834
-0.0078866456 -371.034
-0.0078864456 -370.634
-0.0078862456 -370.634
-0.0078860456 -373.033
-0.0078858456 -371.034
-0.0078856456 -371.434
-0.0078854456 -370.634
-0.0078852456 -369.834
-0.0078850456 -370.234
-0.0078848456 -371.034
-0.0078846456 -369.434
-0.0078844456 -370.634
-0.0078842456 -371.034
-0.0078840456 -375.032
-0.0078838456 -372.233
-0.0078836456 -370.634
-0.0078834456 -371.434
-0.0078832456 -370.234
-0.0078830456 -374.232
-0.0078828456 -371.434
-0.0078826456 -372.633
-0.0078824456 -370.634
-0.0078822456 -371.434
-0.0078820456 -371.034
-0.0078818456 -370.634
-0.0078816456 -372.633
-0.0078814456 -373.433
-0.0078812456 -372.633
-0.0078810456 -370.234
-0.0078808456 -372.633
-0.0078806456 -372.633
-0.0078804456 -371.034
-0.0078802456 -371.833
-0.0078800456 -371.833
-0.0078798456 -373.033
-0.0078796456 -369.834
-0.0078794456 -373.433
-0.0078792456 -372.233
-0.0078790456 -371.833
-0.0078788456 -373.433
-0.0078786456 -375.032
-0.0078784456 -373.033
-0.0078782456 -371.434
-0.0078780456 -372.633
-0.0078778456 -371.434
-0.0078776456 -372.233
-0.0078774456 -372.633
-0.0078772456 -371.833
-0.0078770456 -371.434
-0.0078768456 -370.234
-0.0078766456 -371.434
-0.0078764456 -374.632
-0.0078762456 -371.833
-0.0078760456 -372.633
-0.0078758456 -373.433
-0.0078756456 -372.633
-0.0078754456 -373.433
-0.0078752456 -372.233
-0.0078750456 -372.633
-0.0078748456 -373.833
-0.0078746456 -374.232
-0.0078744456 -375.032
-0.0078742456 -371.434
-0.0078740456 -371.434
-0.0078738456 -371.434
-0.0078736456 -373.433
-0.0078734456 -373.033
-0.0078732456 -373.033
-0.0078730456 -373.433
-0.0078728456 -369.834
-0.0078726456 -369.434
-0.0078724456 -373.833
-0.0078722456 -373.033
-0.0078720456 -373.033
-0.0078718456 -373.433
-0.0078716456 -369.035
-0.0078714456 -371.434
-0.0078712456 -375.032
-0.0078710456 -373.033
-0.0078708456 -372.233
-0.0078706456 -373.033
-0.0078704456 -373.833
-0.0078702456 -371.034
-0.0078700456 -374.232
-0.0078698456 -375.432
-0.0078696456 -372.233
-0.0078694456 -373.433
-0.0078692456 -372.233
-0.0078690456 -372.633
-0.0078688456 -371.833
-0.0078686456 -372.233
-0.0078684456 -372.633
-0.0078682456 -373.033
-0.0078680456 -373.033
-0.0078678456 -371.034
-0.0078676456 -371.034
-0.0078674456 -371.833
-0.0078672456 -371.833
-0.0078670456 -372.633
-0.0078668456 -370.634
-0.0078666456 -371.833
-0.0078664456 -371.434
-0.0078662456 -371.833
-0.0078660456 -373.033
-0.0078658456 -371.434
-0.0078656456 -371.833
-0.0078654456 -371.434
-0.0078652456 -372.233
-0.0078650456 -371.434
-0.0078648456 -372.233
-0.0078646456 -374.232
-0.0078644456 -371.833
-0.0078642456 -371.833
-0.0078640456 -373.033
-0.0078638456 -373.033
-0.0078636456 -372.633
-0.0078634456 -375.832
-0.0078632456 -372.233
-0.0078630456 -373.033
-0.0078628456 -371.034
-0.0078626456 -373.433
-0.0078624456 -372.233
-0.0078622456 -370.234
-0.0078620456 -373.033
-0.0078618456 -372.633
-0.0078616456 -376.231
-0.0078614456 -371.434
-0.0078612456 -373.833
-0.0078610456 -371.833
-0.0078608456 -372.233
-0.0078606456 -373.833
-0.0078604456 -372.233
-0.0078602456 -372.233
-0.0078600456 -375.432
-0.0078598456 -375.832
-0.0078596456 -374.632
-0.0078594456 -373.033
-0.0078592456 -373.433
-0.0078590456 -375.432
-0.0078588456 -375.832
-0.0078586456 -372.233
-0.0078584456 -373.033
-0.0078582456 -374.232
-0.0078580456 -373.833
-0.0078578456 -375.832
-0.0078576456 -374.232
-0.0078574456 -374.632
-0.0078572456 -371.434
-0.0078570456 -373.033
-0.0078568456 -375.032
-0.0078566456 -375.032
-0.0078564456 -373.833
-0.0078562456 -375.032
-0.0078560456 -372.633
-0.0078558456 -374.232
-0.0078556456 -373.433
-0.0078554456 -373.833
-0.0078552456 -375.032
-0.0078550456 -373.033
-0.0078548456 -375.832
-0.0078546456 -375.432
-0.0078544456 -373.833
-0.0078542456 -374.232
-0.0078540456 -375.432
-0.0078538456 -375.832
-0.0078536456 -374.232
-0.0078534456 -374.632
-0.0078532456 -375.032
-0.0078530456 -373.833
-0.0078528456 -373.033
-0.0078526456 -376.231
-0.0078524456 -376.631
-0.0078522456 -377.431
-0.0078520456 -375.432
-0.0078518456 -373.033
-0.0078516456 -377.831
-0.0078514456 -375.032
-0.0078512456 -374.632
-0.0078510456 -376.631
-0.0078508456 -372.633
-0.0078506456 -375.432
-0.0078504456 -375.832
-0.0078502456 -374.232
-0.0078500456 -375.432
-0.0078498456 -375.832
-0.0078496456 -375.432
-0.0078494456 -374.232
-0.0078492456 -375.032
-0.0078490456 -375.032
-0.0078488456 -375.032
-0.0078486456 -375.032
-0.0078484456 -376.231
-0.0078482456 -375.432
-0.0078480456 -375.432
-0.0078478456 -372.633
-0.0078476456 -374.232
-0.0078474456 -373.433
-0.0078472456 -373.033
-0.0078470456 -375.432
-0.0078468456 -374.632
-0.0078466456 -375.032
-0.0078464456 -373.833
-0.0078462456 -379.43
-0.0078460456 -377.031
-0.0078458456 -376.231
-0.0078456456 -376.631
-0.0078454456 -374.632
-0.0078452456 -375.032
-0.0078450456 -377.431
-0.0078448456 -375.832
-0.0078446456 -376.631
-0.0078444456 -377.031
-0.0078442456 -378.63
-0.0078440456 -378.231
-0.0078438456 -374.632
-0.0078436456 -377.431
-0.0078434456 -377.031
-0.0078432456 -377.031
-0.0078430456 -375.032
-0.0078428456 -375.432
-0.0078426456 -376.631
-0.0078424456 -377.431
-0.0078422456 -375.832
-0.0078420456 -377.431
-0.0078418456 -373.833
-0.0078416456 -379.83
-0.0078414456 -377.431
-0.0078412456 -375.032
-0.0078410456 -377.431
-0.0078408456 -376.231
-0.0078406456 -374.632
-0.0078404456 -377.831
-0.0078402456 -377.031
-0.0078400456 -377.031
-0.0078398456 -376.631
-0.0078396456 -376.631
-0.0078394456 -376.231
-0.0078392456 -376.231
-0.0078390456 -376.231
-0.0078388456 -374.632
-0.0078386456 -376.231
-0.0078384456 -378.231
-0.0078382456 -376.631
-0.0078380456 -376.631
-0.0078378456 -377.831
-0.0078376456 -376.231
-0.0078374456 -375.832
-0.0078372456 -374.232
-0.0078370456 -376.231
-0.0078368456 -375.432
-0.0078366456 -375.832
-0.0078364456 -376.631
-0.0078362456 -377.431
-0.0078360456 -377.031
-0.0078358456 -378.231
-0.0078356456 -377.431
-0.0078354456 -379.03
-0.0078352456 -372.633
-0.0078350456 -378.231
-0.0078348456 -378.63
-0.0078346456 -377.831
-0.0078344456 -378.231
-0.0078342456 -380.629
-0.0078340456 -379.03
-0.0078338456 -377.831
-0.0078336456 -376.631
-0.0078334456 -377.831
-0.0078332456 -377.831
-0.0078330456 -377.831
-0.0078328456 -376.231
-0.0078326456 -379.03
-0.0078324456 -377.831
-0.0078322456 -375.832
-0.0078320456 -376.631
-0.0078318456 -378.231
-0.0078316456 -380.23
-0.0078314456 -377.431
-0.0078312456 -379.03
-0.0078310456 -377.831
-0.0078308456 -377.031
-0.0078306456 -377.831
-0.0078304456 -376.631
-0.0078302456 -379.03
-0.0078300456 -382.229
-0.0078298456 -375.832
-0.0078296456 -377.831
-0.0078294456 -377.831
-0.0078292456 -379.83
-0.0078290456 -377.831
-0.0078288456 -377.431
-0.0078286456 -379.03
-0.0078284456 -380.23
-0.0078282456 -375.832
-0.0078280456 -379.83
-0.0078278456 -379.03
-0.0078276456 -378.231
-0.0078274456 -377.431
-0.0078272456 -379.03
-0.0078270456 -376.631
-0.0078268456 -377.831
-0.0078266456 -379.03
-0.0078264456 -378.231
-0.0078262456 -377.831
-0.0078260456 -377.031
-0.0078258456 -379.03
-0.0078256456 -378.231
-0.0078254456 -379.03
-0.0078252456 -377.831
-0.0078250456 -381.029
-0.0078248456 -380.629
-0.0078246456 -373.833
-0.0078244456 -377.831
-0.0078242456 -380.23
-0.0078240456 -381.029
-0.0078238456 -378.63
-0.0078236456 -376.631
-0.0078234456 -378.231
-0.0078232456 -379.83
-0.0078230456 -379.03
-0.0078228456 -379.83
-0.0078226456 -379.83
-0.0078224456 -379.03
-0.0078222456 -379.83
-0.0078220456 -380.629
-0.0078218456 -380.23
-0.0078216456 -382.229
-0.0078214456 -381.429
-0.0078212456 -380.629
-0.0078210456 -381.029
-0.0078208456 -381.429
-0.0078206456 -379.43
-0.0078204456 -379.03
-0.0078202456 -382.629
-0.0078200456 -380.629
-0.0078198456 -381.029
-0.0078196456 -380.23
-0.0078194456 -378.63
-0.0078192456 -377.031
-0.0078190456 -381.029
-0.0078188456 -378.231
-0.0078186456 -380.629
-0.0078184456 -379.83
-0.0078182456 -380.629
-0.0078180456 -381.029
-0.0078178456 -381.029
-0.0078176456 -381.829
-0.0078174456 -381.029
-0.0078172456 -380.629
-0.0078170456 -380.629
-0.0078168456 -381.029
-0.0078166456 -378.231
-0.0078164456 -381.029
-0.0078162456 -379.03
-0.0078160456 -380.629
-0.0078158456 -376.631
-0.0078156456 -378.63
-0.0078154456 -382.229
-0.0078152456 -378.63
-0.0078150456 -382.229
-0.0078148456 -380.629
-0.0078146456 -379.83
-0.0078144456 -380.629
-0.0078142456 -381.029
-0.0078140456 -383.428
-0.0078138456 -381.029
-0.0078136456 -381.829
-0.0078134456 -379.83
-0.0078132456 -382.229
-0.0078130456 -382.229
-0.0078128456 -379.03
-0.0078126456 -378.63
-0.0078124456 -383.028
-0.0078122456 -379.03
-0.0078120456 -381.429
-0.0078118456 -379.83
-0.0078116456 -381.829
-0.0078114456 -382.229
-0.0078112456 -380.629
-0.0078110456 -384.228
-0.0078108456 -383.828
-0.0078106456 -382.629
-0.0078104456 -380.629
-0.0078102456 -381.029
-0.0078100456 -379.03
-0.0078098456 -379.83
-0.0078096456 -379.43
-0.0078094456 -382.229
-0.0078092456 -380.629
-0.0078090456 -386.227
-0.0078088456 -381.029
-0.0078086456 -380.629
-0.0078084456 -379.83
-0.0078082456 -379.83
-0.0078080456 -384.228
-0.0078078456 -378.231
-0.0078076456 -381.029
-0.0078074456 -381.829
-0.0078072456 -383.028
-0.0078070456 -382.229
-0.0078068456 -379.43
-0.0078066456 -381.829
-0.0078064456 -381.029
-0.0078062456 -379.83
-0.0078060456 -383.028
-0.0078058456 -380.23
-0.0078056456 -379.43
-0.0078054456 -381.829
-0.0078052456 -383.428
-0.0078050456 -381.429
-0.0078048456 -380.629
-0.0078046456 -381.829
-0.0078044456 -381.829
-0.0078042456 -381.029
-0.0078040456 -382.629
-0.0078038456 -381.829
-0.0078036456 -381.429
-0.0078034456 -379.03
-0.0078032456 -384.228
-0.0078030456 -381.829
-0.0078028456 -383.828
-0.0078026456 -382.229
-0.0078024456 -382.229
-0.0078022456 -377.431
-0.0078020456 -382.229
-0.0078018456 -382.229
-0.0078016456 -382.629
-0.0078014456 -382.229
-0.0078012456 -381.429
-0.0078010456 -380.629
-0.0078008456 -381.829
-0.0078006456 -381.429
-0.0078004456 -383.428
-0.0078002456 -384.228
-0.0078000456 -382.229
-0.0077998456 -381.829
-0.0077996456 -383.428
-0.0077994456 -380.629
-0.0077992456 -383.028
-0.0077990456 -383.028
-0.0077988456 -383.428
-0.0077986456 -381.029
-0.0077984456 -382.629
-0.0077982456 -385.427
-0.0077980456 -384.628
-0.0077978456 -383.428
-0.0077976456 -383.028
-0.0077974456 -383.028
-0.0077972456 -385.427
-0.0077970456 -383.428
-0.0077968456 -383.028
-0.0077966456 -385.427
-0.0077964456 -385.427
-0.0077962456 -383.828
-0.0077960456 -386.627
-0.0077958456 -381.829
-0.0077956456 -385.827
-0.0077954456 -381.829
-0.0077952456 -385.427
-0.0077950456 -384.228
-0.0077948456 -385.427
-0.0077946456 -387.027
-0.0077944456 -383.828
-0.0077942456 -386.627
-0.0077940456 -384.628
-0.0077938456 -384.628
-0.0077936456 -385.827
-0.0077934456 -383.428
-0.0077932456 -388.626
-0.0077930456 -383.828
-0.0077928456 -386.627
-0.0077926456 -384.228
-0.0077924456 -387.426
-0.0077922456 -385.827
-0.0077920456 -385.028
-0.0077918456 -387.426
-0.0077916456 -387.027
-0.0077914456 -385.427
-0.0077912456 -387.027
-0.0077910456 -385.028
-0.0077908456 -385.427
-0.0077906456 -387.826
-0.0077904456 -385.028
-0.0077902456 -386.627
-0.0077900456 -385.427
-0.0077898456 -386.627
-0.0077896456 -386.227
-0.0077894456 -387.826
-0.0077892456 -385.427
-0.0077890456 -387.826
-0.0077888456 -385.427
-0.0077886456 -386.627
-0.0077884456 -389.026
-0.0077882456 -387.426
-0.0077880456 -386.227
-0.0077878456 -385.028
-0.0077876456 -386.627
-0.0077874456 -388.626
-0.0077872456 -387.426
-0.0077870456 -388.626
-0.0077868456 -388.626
-0.0077866456 -385.827
-0.0077864456 -386.227
-0.0077862456 -387.826
-0.0077860456 -387.426
-0.0077858456 -386.227
-0.0077856456 -387.426
-0.0077854456 -387.426
-0.0077852456 -389.026
-0.0077850456 -385.827
-0.0077848456 -387.426
-0.0077846456 -387.027
-0.0077844456 -387.027
-0.0077842456 -387.826
-0.0077840456 -387.426
-0.0077838456 -390.225
-0.0077836456 -386.627
-0.0077834456 -387.426
-0.0077832456 -387.826
-0.0077830456 -388.226
-0.0077828456 -387.027
-0.0077826456 -389.426
-0.0077824456 -385.028
-0.0077822456 -384.228
-0.0077820456 -387.426
-0.0077818456 -386.227
-0.0077816456 -385.427
-0.0077814456 -387.426
-0.0077812456 -388.626
-0.0077810456 -387.426
-0.0077808456 -386.627
-0.0077806456 -387.426
-0.0077804456 -389.026
-0.0077802456 -386.227
-0.0077800456 -387.826
-0.0077798456 -386.227
-0.0077796456 -383.428
-0.0077794456 -383.828
-0.0077792456 -387.426
-0.0077790456 -388.626
-0.0077788456 -382.629
-0.0077786456 -385.427
-0.0077784456 -386.627
-0.0077782456 -387.426
-0.0077780456 -388.226
-0.0077778456 -387.426
-0.0077776456 -385.427
-0.0077774456 -387.826
-0.0077772456 -386.627
-0.0077770456 -385.427
-0.0077768456 -387.826
-0.0077766456 -384.628
-0.0077764456 -386.627
-0.0077762456 -387.027
-0.0077760456 -386.227
-0.0077758456 -388.226
-0.0077756456 -387.426
-0.0077754456 -387.027
-0.0077752456 -385.827
-0.0077750456 -388.226
-0.0077748456 -389.825
-0.0077746456 -385.427
-0.0077744456 -387.426
-0.0077742456 -388.626
-0.0077740456 -387.027
-0.0077738456 -385.427
-0.0077736456 -385.427
-0.0077734456 -388.226
-0.0077732456 -387.426
-0.0077730456 -384.628
-0.0077728456 -387.826
-0.0077726456 -383.428
-0.0077724456 -386.227
-0.0077722456 -387.027
-0.0077720456 -388.226
-0.0077718456 -386.227
-0.0077716456 -389.426
-0.0077714456 -386.227
-0.0077712456 -388.626
-0.0077710456 -387.426
-0.0077708456 -387.426
-0.0077706456 -385.028
-0.0077704456 -389.026
-0.0077702456 -389.426
-0.0077700456 -389.026
-0.0077698456 -387.426
-0.0077696456 -387.826
-0.0077694456 -387.826
-0.0077692456 -387.826
-0.0077690456 -387.826
-0.0077688456 -388.226
-0.0077686456 -387.027
-0.0077684456 -387.826
-0.0077682456 -387.826
-0.0077680456 -387.426
-0.0077678456 -390.625
-0.0077676456 -389.426
-0.0077674456 -387.426
-0.0077672456 -387.826
-0.0077670456 -385.427
-0.0077668456 -386.627
-0.0077666456 -385.827
-0.0077664456 -389.426
-0.0077662456 -388.626
-0.0077660456 -389.426
-0.0077658456 -390.225
-0.0077656456 -385.427
-0.0077654456 -388.626
-0.0077652456 -386.227
-0.0077650456 -387.826
-0.0077648456 -389.825
-0.0077646456 -388.226
-0.0077644456 -387.826
-0.0077642456 -389.026
-0.0077640456 -389.825
-0.0077638456 -390.225
-0.0077636456 -389.426
-0.0077634456 -389.426
-0.0077632456 -388.626
-0.0077630456 -388.226
-0.0077628456 -391.025
-0.0077626456 -390.225
-0.0077624456 -390.625
-0.0077622456 -386.627
-0.0077620456 -388.626
-0.0077618456 -390.625
-0.0077616456 -388.626
-0.0077614456 -391.025
-0.0077612456 -387.826
-0.0077610456 -389.026
-0.0077608456 -389.026
-0.0077606456 -390.225
-0.0077604456 -390.625
-0.0077602456 -389.825
-0.0077600456 -389.825
-0.0077598456 -390.625
-0.0077596456 -391.824
-0.0077594456 -389.426
-0.0077592456 -387.826
-0.0077590456 -392.224
-0.0077588456 -391.425
-0.0077586456 -391.425
-0.0077584456 -390.625
-0.0077582456 -390.225
-0.0077580456 -389.426
-0.0077578456 -389.026
-0.0077576456 -388.626
-0.0077574456 -391.824
-0.0077572456 -391.425
-0.0077570456 -389.026
-0.0077568456 -388.626
-0.0077566456 -390.225
-0.0077564456 -391.025
-0.0077562456 -389.026
-0.0077560456 -390.225
-0.0077558456 -392.224
-0.0077556456 -388.626
-0.0077554456 -389.026
-0.0077552456 -391.025
-0.0077550456 -391.425
-0.0077548456 -387.826
-0.0077546456 -387.027
-0.0077544456 -390.625
-0.0077542456 -387.826
-0.0077540456 -389.825
-0.0077538456 -387.826
-0.0077536456 -389.426
-0.0077534456 -389.825
-0.0077532456 -393.024
-0.0077530456 -389.825
-0.0077528456 -391.025
-0.0077526456 -389.426
-0.0077524456 -391.824
-0.0077522456 -389.426
-0.0077520456 -389.026
-0.0077518456 -389.026
-0.0077516456 -388.626
-0.0077514456 -390.225
-0.0077512456 -391.824
-0.0077510456 -387.826
-0.0077508456 -390.625
-0.0077506456 -391.025
-0.0077504456 -393.424
-0.0077502456 -388.226
-0.0077500456 -391.025
-0.0077498456 -390.625
-0.0077496456 -388.626
-0.0077494456 -390.225
-0.0077492456 -390.225
-0.0077490456 -391.025
-0.0077488456 -390.625
-0.0077486456 -390.225
-0.0077484456 -391.025
-0.0077482456 -391.025
-0.0077480456 -389.825
-0.0077478456 -390.625
-0.0077476456 -387.826
-0.0077474456 -389.825
-0.0077472456 -391.425
-0.0077470456 -389.825
-0.0077468456 -393.024
-0.0077466456 -390.625
-0.0077464456 -389.825
-0.0077462456 -391.025
-0.0077460456 -389.026
-0.0077458456 -391.425
-0.0077456456 -393.024
-0.0077454456 -391.025
-0.0077452456 -391.425
-0.0077450456 -389.426
-0.0077448456 -387.826
-0.0077446456 -389.026
-0.0077444456 -391.425
-0.0077442456 -392.224
-0.0077440456 -391.025
-0.0077438456 -390.625
-0.0077436456 -391.824
-0.0077434456 -391.025
-0.0077432456 -390.625
-0.0077430456 -392.224
-0.0077428456 -388.626
-0.0077426456 -391.824
-0.0077424456 -391.025
-0.0077422456 -389.825
-0.0077420456 -390.625
-0.0077418456 -393.824
-0.0077416456 -391.025
-0.0077414456 -392.224
-0.0077412456 -390.625
-0.0077410456 -390.225
-0.0077408456 -390.625
-0.0077406456 -391.025
-0.0077404456 -393.424
-0.0077402456 -389.825
-0.0077400456 -390.625
-0.0077398456 -391.025
-0.0077396456 -391.425
-0.0077394456 -391.425
-0.0077392456 -390.625
-0.0077390456 -391.025
-0.0077388456 -390.225
-0.0077386456 -391.824
-0.0077384456 -393.024
-0.0077382456 -391.425
-0.0077380456 -392.224
-0.0077378456 -391.425
-0.0077376456 -392.624
-0.0077374456 -390.225
-0.0077372456 -391.425
-0.0077370456 -392.624
-0.0077368456 -390.625
-0.0077366456 -393.424
-0.0077364456 -391.425
-0.0077362456 -394.223
-0.0077360456 -391.025
-0.0077358456 -393.024
-0.0077356456 -391.425
-0.0077354456 -390.225
-0.0077352456 -393.024
-0.0077350456 -394.623
-0.0077348456 -390.625
-0.0077346456 -392.624
-0.0077344456 -394.223
-0.0077342456 -391.824
-0.0077340456 -392.224
-0.0077338456 -391.824
-0.0077336456 -392.224
-0.0077334456 -395.423
-0.0077332456 -393.824
-0.0077330456 -391.824
-0.0077328456 -392.624
-0.0077326456 -394.223
-0.0077324456 -391.025
-0.0077322456 -394.623
-0.0077320456 -391.824
-0.0077318456 -393.024
-0.0077316456 -391.025
-0.0077314456 -395.023
-0.0077312456 -394.223
-0.0077310456 -394.223
-0.0077308456 -394.223
-0.0077306456 -395.023
-0.0077304456 -393.024
-0.0077302456 -393.424
-0.0077300456 -392.624
-0.0077298456 -393.024
-0.0077296456 -395.023
-0.0077294456 -394.223
-0.0077292456 -393.824
-0.0077290456 -396.222
-0.0077288456 -393.024
-0.0077286456 -393.424
-0.0077284456 -394.223
-0.0077282456 -395.023
-0.0077280456 -393.424
-0.0077278456 -393.024
-0.0077276456 -393.424
-0.0077274456 -395.823
-0.0077272456 -394.223
-0.0077270456 -392.624
-0.0077268456 -393.824
-0.0077266456 -394.223
-0.0077264456 -396.222
-0.0077262456 -394.223
-0.0077260456 -394.623
-0.0077258456 -396.622
-0.0077256456 -396.222
-0.0077254456 -395.423
-0.0077252456 -396.622
-0.0077250456 -393.824
-0.0077248456 -396.622
-0.0077246456 -394.623
-0.0077244456 -395.823
-0.0077242456 -394.623
-0.0077240456 -396.622
-0.0077238456 -393.824
-0.0077236456 -397.422
-0.0077234456 -395.823
-0.0077232456 -395.423
-0.0077230456 -399.021
-0.0077228456 -394.623
-0.0077226456 -397.422
-0.0077224456 -397.822
-0.0077222456 -397.022
-0.0077220456 -395.823
-0.0077218456 -395.423
-0.0077216456 -396.222
-0.0077214456 -394.223
-0.0077212456 -395.423
-0.0077210456 -393.824
-0.0077208456 -396.622
-0.0077206456 -394.623
-0.0077204456 -396.222
-0.0077202456 -395.823
-0.0077200456 -395.423
-0.0077198456 -399.421
-0.0077196456 -395.023
-0.0077194456 -397.022
-0.0077192456 -395.023
-0.0077190456 -397.822
-0.0077188456 -397.422
-0.0077186456 -397.022
-0.0077184456 -396.222
-0.0077182456 -396.222
-0.0077180456 -396.222
-0.0077178456 -395.823
-0.0077176456 -395.423
-0.0077174456 -398.621
-0.0077172456 -397.822
-0.0077170456 -399.421
-0.0077168456 -395.423
-0.0077166456 -397.022
-0.0077164456 -395.823
-0.0077162456 -398.621
-0.0077160456 -397.422
-0.0077158456 -397.422
-0.0077156456 -397.022
-0.0077154456 -396.622
-0.0077152456 -395.823
-0.0077150456 -397.022
-0.0077148456 -397.822
-0.0077146456 -394.223
-0.0077144456 -397.822
-0.0077142456 -396.222
-0.0077140456 -398.621
-0.0077138456 -399.021
-0.0077136456 -396.222
-0.0077134456 -397.822
-0.0077132456 -398.621
-0.0077130456 -397.822
-0.0077128456 -398.222
-0.0077126456 -394.623
-0.0077124456 -397.422
-0.0077122456 -396.622
-0.0077120456 -400.221
-0.0077118456 -399.421
-0.0077116456 -398.621
-0.0077114456 -397.422
-0.0077112456 -398.222
-0.0077110456 -400.221
-0.0077108456 -396.622
-0.0077106456 -396.622
-0.0077104456 -395.423
-0.0077102456 -398.222
-0.0077100456 -397.822
-0.0077098456 -400.621
-0.0077096456 -398.621
-0.0077094456 -400.621
-0.0077092456 -396.622
-0.0077090456 -397.422
-0.0077088456 -397.422
-0.0077086456 -399.021
-0.0077084456 -397.422
-0.0077082456 -397.822
-0.0077080456 -397.022
-0.0077078456 -398.222
-0.0077076456 -399.021
-0.0077074456 -395.423
-0.0077072456 -397.422
-0.0077070456 -398.222
-0.0077068456 -397.822
-0.0077066456 -400.621
-0.0077064456 -397.022
-0.0077062456 -397.022
-0.0077060456 -397.822
-0.0077058456 -396.222
-0.0077056456 -397.022
-0.0077054456 -397.422
-0.0077052456 -398.621
-0.0077050456 -398.621
-0.0077048456 -399.021
-0.0077046456 -398.222
-0.0077044456 -398.222
-0.0077042456 -398.222
-0.0077040456 -398.621
-0.0077038456 -402.22
-0.0077036456 -398.222
-0.0077034456 -397.822
-0.0077032456 -399.821
-0.0077030456 -398.222
-0.0077028456 -399.421
-0.0077026456 -395.423
-0.0077024456 -400.621
-0.0077022456 -399.821
-0.0077020456 -398.621
-0.0077018456 -395.823
-0.0077016456 -399.021
-0.0077014456 -396.222
-0.0077012456 -400.621
-0.0077010456 -399.021
-0.0077008456 -397.022
-0.0077006456 -397.822
-0.0077004456 -397.022
-0.0077002456 -397.822
-0.0077000456 -397.422
-0.0076998456 -396.622
-0.0076996456 -397.022
-0.0076994456 -400.221
-0.0076992456 -400.621
-0.0076990456 -397.022
-0.0076988456 -399.821
-0.0076986456 -399.421
-0.0076984456 -401.82
-0.0076982456 -401.42
-0.0076980456 -400.621
-0.0076978456 -396.222
-0.0076976456 -401.82
-0.0076974456 -398.621
-0.0076972456 -402.22
-0.0076970456 -398.222
-0.0076968456 -400.221
-0.0076966456 -399.821
-0.0076964456 -399.021
-0.0076962456 -397.022
-0.0076960456 -398.621
-0.0076958456 -397.422
-0.0076956456 -401.42
-0.0076954456 -399.821
-0.0076952456 -397.022
-0.0076950456 -397.422
-0.0076948456 -399.021
-0.0076946456 -399.021
-0.0076944456 -400.621
-0.0076942456 -400.221
-0.0076940456 -397.422
-0.0076938456 -399.021
-0.0076936456 -401.82
-0.0076934456 -402.22
-0.0076932456 -403.019
-0.0076930456 -397.822
-0.0076928456 -401.82
-0.0076926456 -399.421
-0.0076924456 -400.621
-0.0076922456 -401.02
-0.0076920456 -397.822
-0.0076918456 -399.821
-0.0076916456 -401.02
-0.0076914456 -399.821
-0.0076912456 -400.621
-0.0076910456 -399.021
-0.0076908456 -399.821
-0.0076906456 -400.621
-0.0076904456 -400.621
-0.0076902456 -402.22
-0.0076900456 -400.621
-0.0076898456 -399.821
-0.0076896456 -400.621
-0.0076894456 -401.82
-0.0076892456 -400.621
-0.0076890456 -401.42
-0.0076888456 -396.622
-0.0076886456 -400.621
-0.0076884456 -401.02
-0.0076882456 -401.02
-0.0076880456 -401.82
-0.0076878456 -399.021
-0.0076876456 -399.821
-0.0076874456 -402.22
-0.0076872456 -400.221
-0.0076870456 -397.022
-0.0076868456 -398.222
-0.0076866456 -400.621
-0.0076864456 -399.821
-0.0076862456 -402.62
-0.0076860456 -401.82
-0.0076858456 -401.42
-0.0076856456 -400.621
-0.0076854456 -400.621
-0.0076852456 -400.221
-0.0076850456 -401.82
-0.0076848456 -403.419
-0.0076846456 -401.42
-0.0076844456 -403.419
-0.0076842456 -401.02
-0.0076840456 -402.22
-0.0076838456 -401.42
-0.0076836456 -402.62
-0.0076834456 -401.42
-0.0076832456 -401.42
-0.0076830456 -399.821
-0.0076828456 -402.62
-0.0076826456 -401.42
-0.0076824456 -401.02
-0.0076822456 -401.82
-0.0076820456 -401.02
-0.0076818456 -403.819
-0.0076816456 -401.02
-0.0076814456 -401.02
-0.0076812456 -401.42
-0.0076810456 -400.621
-0.0076808456 -403.819
-0.0076806456 -401.82
-0.0076804456 -401.82
-0.0076802456 -402.22
-0.0076800456 -402.62
-0.0076798456 -401.02
-0.0076796456 -398.621
-0.0076794456 -403.019
-0.0076792456 -400.621
-0.0076790456 -402.62
-0.0076788456 -401.42
-0.0076786456 -403.419
-0.0076784456 -402.62
-0.0076782456 -401.02
-0.0076780456 -403.819
-0.0076778456 -401.02
-0.0076776456 -402.62
-0.0076774456 -400.621
-0.0076772456 -403.819
-0.0076770456 -400.221
-0.0076768456 -402.62
-0.0076766456 -402.62
-0.0076764456 -401.82
-0.0076762456 -399.821
-0.0076760456 -401.82
-0.0076758456 -400.621
-0.0076756456 -404.219
-0.0076754456 -401.82
-0.0076752456 -401.42
-0.0076750456 -401.42
-0.0076748456 -404.619
-0.0076746456 -403.819
-0.0076744456 -403.419
-0.0076742456 -402.22
-0.0076740456 -401.02
-0.0076738456 -405.019
-0.0076736456 -403.819
-0.0076734456 -403.419
-0.0076732456 -400.621
-0.0076730456 -401.42
-0.0076728456 -402.22
-0.0076726456 -404.619
-0.0076724456 -402.22
-0.0076722456 -401.82
-0.0076720456 -402.62
-0.0076718456 -402.62
-0.0076716456 -403.019
-0.0076714456 -403.419
-0.0076712456 -403.419
-0.0076710456 -401.42
-0.0076708456 -401.42
-0.0076706456 -402.62
-0.0076704456 -402.22
-0.0076702456 -403.019
-0.0076700456 -402.62
-0.0076698456 -403.419
-0.0076696456 -404.219
-0.0076694456 -406.618
-0.0076692456 -403.419
-0.0076690456 -404.619
-0.0076688456 -403.819
-0.0076686456 -405.418
-0.0076684456 -405.019
-0.0076682456 -405.418
-0.0076680456 -403.419
-0.0076678456 -401.82
-0.0076676456 -404.219
-0.0076674456 -403.419
-0.0076672456 -404.219
-0.0076670456 -405.418
-0.0076668456 -403.819
-0.0076666456 -405.418
-0.0076664456 -402.62
-0.0076662456 -403.819
-0.0076660456 -403.019
-0.0076658456 -403.819
-0.0076656456 -404.619
-0.0076654456 -406.218
-0.0076652456 -404.619
-0.0076650456 -403.819
-0.0076648456 -404.219
-0.0076646456 -402.62
-0.0076644456 -404.219
-0.0076642456 -403.819
-0.0076640456 -405.818
-0.0076638456 -406.218
-0.0076636456 -405.818
-0.0076634456 -404.619
-0.0076632456 -405.019
-0.0076630456 -405.019
-0.0076628456 -405.818
-0.0076626456 -404.619
-0.0076624456 -403.819
-0.0076622456 -406.218
-0.0076620456 -405.019
-0.0076618456 -406.218
-0.0076616456 -404.619
-0.0076614456 -404.219
-0.0076612456 -405.818
-0.0076610456 -406.218
-0.0076608456 -404.219
-0.0076606456 -405.019
-0.0076604456 -405.818
-0.0076602456 -405.019
-0.0076600456 -405.019
-0.0076598456 -404.619
-0.0076596456 -405.019
-0.0076594456 -405.019
-0.0076592456 -402.22
-0.0076590456 -407.018
-0.0076588456 -406.618
-0.0076586456 -405.418
-0.0076584456 -405.019
-0.0076582456 -405.019
-0.0076580456 -406.218
-0.0076578456 -406.218
-0.0076576456 -411.016
-0.0076574456 -407.417
-0.0076572456 -403.819
-0.0076570456 -405.818
-0.0076568456 -405.818
-0.0076566456 -403.819
-0.0076564456 -405.818
-0.0076562456 -405.818
-0.0076560456 -406.618
-0.0076558456 -405.818
-0.0076556456 -404.619
-0.0076554456 -403.019
-0.0076552456 -406.618
-0.0076550456 -406.218
-0.0076548456 -405.019
-0.0076546456 -407.018
-0.0076544456 -407.018
-0.0076542456 -404.619
-0.0076540456 -405.418
-0.0076538456 -407.018
-0.0076536456 -405.019
-0.0076534456 -404.619
-0.0076532456 -407.817
-0.0076530456 -406.618
-0.0076528456 -406.218
-0.0076526456 -409.017
-0.0076524456 -404.219
-0.0076522456 -407.417
-0.0076520456 -406.618
-0.0076518456 -405.818
-0.0076516456 -406.618
-0.0076514456 -405.818
-0.0076512456 -405.818
-0.0076510456 -406.218
-0.0076508456 -407.018
-0.0076506456 -407.018
-0.0076504456 -404.219
-0.0076502456 -406.218
-0.0076500456 -405.019
-0.0076498456 -406.218
-0.0076496456 -407.018
-0.0076494456 -407.817
-0.0076492456 -408.217
-0.0076490456 -403.419
-0.0076488456 -405.818
-0.0076486456 -409.816
-0.0076484456 -406.618
-0.0076482456 -409.816
-0.0076480456 -406.218
-0.0076478456 -409.816
-0.0076476456 -406.618
-0.0076474456 -409.017
-0.0076472456 -408.217
-0.0076470456 -408.217
-0.0076468456 -409.017
-0.0076466456 -411.016
-0.0076464456 -408.217
-0.0076462456 -405.418
-0.0076460456 -408.617
-0.0076458456 -412.615
-0.0076456456 -410.216
-0.0076454456 -407.417
-0.0076452456 -406.618
-0.0076450456 -406.218
-0.0076448456 -409.017
-0.0076446456 -410.216
-0.0076444456 -411.016
-0.0076442456 -408.217
-0.0076440456 -409.417
-0.0076438456 -410.216
-0.0076436456 -409.017
-0.0076434456 -409.816
-0.0076432456 -410.216
-0.0076430456 -409.017
-0.0076428456 -408.217
-0.0076426456 -410.216
-0.0076424456 -411.016
-0.0076422456 -411.816
-0.0076420456 -411.016
-0.0076418456 -410.216
-0.0076416456 -411.816
-0.0076414456 -411.016
-0.0076412456 -411.016
-0.0076410456 -412.215
-0.0076408456 -409.417
-0.0076406456 -409.816
-0.0076404456 -411.416
-0.0076402456 -410.616
-0.0076400456 -408.617
-0.0076398456 -413.015
-0.0076396456 -410.616
-0.0076394456 -413.015
-0.0076392456 -412.215
-0.0076390456 -411.816
-0.0076388456 -414.214
-0.0076386456 -409.816
-0.0076384456 -413.015
-0.0076382456 -409.417
-0.0076380456 -409.417
-0.0076378456 -412.215
-0.0076376456 -408.617
-0.0076374456 -411.816
-0.0076372456 -411.816
-0.0076370456 -412.615
-0.0076368456 -409.816
-0.0076366456 -413.015
-0.0076364456 -412.215
-0.0076362456 -412.615
-0.0076360456 -415.014
-0.0076358456 -411.816
-0.0076356456 -409.816
-0.0076354456 -411.816
-0.0076352456 -414.214
-0.0076350456 -413.415
-0.0076348456 -413.015
-0.0076346456 -412.615
-0.0076344456 -413.815
-0.0076342456 -413.815
-0.0076340456 -411.816
-0.0076338456 -413.815
-0.0076336456 -413.815
-0.0076334456 -413.415
-0.0076332456 -413.015
-0.0076330456 -413.415
-0.0076328456 -413.015
-0.0076326456 -413.015
-0.0076324456 -412.615
-0.0076322456 -414.214
-0.0076320456 -414.214
-0.0076318456 -415.814
-0.0076316456 -411.016
-0.0076314456 -412.615
-0.0076312456 -413.815
-0.0076310456 -413.415
-0.0076308456 -414.214
-0.0076306456 -415.414
-0.0076304456 -413.415
-0.0076302456 -413.415
-0.0076300456 -413.015
-0.0076298456 -412.215
-0.0076296456 -413.415
-0.0076294456 -411.816
-0.0076292456 -413.815
-0.0076290456 -413.015
-0.0076288456 -414.214
-0.0076286456 -411.416
-0.0076284456 -414.214
-0.0076282456 -414.614
-0.0076280456 -414.614
-0.0076278456 -414.614
-0.0076276456 -412.215
-0.0076274456 -414.214
-0.0076272456 -413.815
-0.0076270456 -417.813
-0.0076268456 -414.214
-0.0076266456 -414.214
-0.0076264456 -413.415
-0.0076262456 -414.214
-0.0076260456 -414.614
-0.0076258456 -414.214
-0.0076256456 -415.414
-0.0076254456 -417.013
-0.0076252456 -415.014
-0.0076250456 -412.215
-0.0076248456 -414.614
-0.0076246456 -415.814
-0.0076244456 -415.814
-0.0076242456 -415.014
-0.0076240456 -413.015
-0.0076238456 -415.814
-0.0076236456 -413.815
-0.0076234456 -415.014
-0.0076232456 -414.214
-0.0076230456 -413.815
-0.0076228456 -414.614
-0.0076226456 -413.815
-0.0076224456 -416.214
-0.0076222456 -415.814
-0.0076220456 -415.014
-0.0076218456 -415.014
-0.0076216456 -416.214
-0.0076214456 -415.014
-0.0076212456 -416.214
-0.0076210456 -415.814
-0.0076208456 -413.815
-0.0076206456 -417.013
-0.0076204456 -414.614
-0.0076202456 -414.614
-0.0076200456 -413.415
-0.0076198456 -415.014
-0.0076196456 -414.214
-0.0076194456 -417.413
-0.0076192456 -413.815
-0.0076190456 -414.614
-0.0076188456 -416.214
-0.0076186456 -417.013
-0.0076184456 -415.414
-0.0076182456 -415.014
-0.0076180456 -416.214
-0.0076178456 -415.414
-0.0076176456 -415.014
-0.0076174456 -416.214
-0.0076172456 -413.815
-0.0076170456 -414.214
-0.0076168456 -417.413
-0.0076166456 -415.414
-0.0076164456 -414.614
-0.0076162456 -417.413
-0.0076160456 -415.414
-0.0076158456 -415.014
-0.0076156456 -414.614
-0.0076154456 -413.015
-0.0076152456 -416.214
-0.0076150456 -414.614
-0.0076148456 -413.815
-0.0076146456 -415.814
-0.0076144456 -414.614
-0.0076142456 -414.614
-0.0076140456 -416.613
-0.0076138456 -416.214
-0.0076136456 -417.013
-0.0076134456 -415.014
-0.0076132456 -415.414
-0.0076130456 -414.214
-0.0076128456 -415.814
-0.0076126456 -415.814
-0.0076124456 -413.815
-0.0076122456 -417.013
-0.0076120456 -417.013
-0.0076118456 -418.213
-0.0076116456 -417.013
-0.0076114456 -417.413
-0.0076112456 -420.212
-0.0076110456 -415.014
-0.0076108456 -415.814
-0.0076106456 -416.214
-0.0076104456 -419.012
-0.0076102456 -415.414
-0.0076100456 -417.413
-0.0076098456 -416.214
-0.0076096456 -418.612
-0.0076094456 -417.013
-0.0076092456 -417.813
-0.0076090456 -417.813
-0.0076088456 -417.413
-0.0076086456 -417.013
-0.0076084456 -418.612
-0.0076082456 -417.413
-0.0076080456 -416.214
-0.0076078456 -416.613
-0.0076076456 -418.612
-0.0076074456 -415.014
-0.0076072456 -417.013
-0.0076070456 -416.214
-0.0076068456 -417.013
-0.0076066456 -417.013
-0.0076064456 -416.214
-0.0076062456 -417.013
-0.0076060456 -419.812
-0.0076058456 -419.412
-0.0076056456 -415.014
-0.0076054456 -417.013
-0.0076052456 -416.613
-0.0076050456 -417.813
-0.0076048456 -417.813
-0.0076046456 -415.814
-0.0076044456 -418.213
-0.0076042456 -416.214
-0.0076040456 -418.612
-0.0076038456 -418.612
-0.0076036456 -419.412
-0.0076034456 -419.412
-0.0076032456 -417.813
-0.0076030456 -416.214
-0.0076028456 -417.413
-0.0076026456 -421.011
-0.0076024456 -419.412
-0.0076022456 -417.413
-0.0076020456 -417.413
-0.0076018456 -417.813
-0.0076016456 -418.612
-0.0076014456 -419.412
-0.0076012456 -419.012
-0.0076010456 -419.412
-0.0076008456 -418.612
-0.0076006456 -416.613
-0.0076004456 -418.612
-0.0076002456 -419.812
-0.0076000456 -419.812
-0.0075998456 -420.212
-0.0075996456 -418.213
-0.0075994456 -419.012
-0.0075992456 -418.213
-0.0075990456 -420.212
-0.0075988456 -419.012
-0.0075986456 -420.212
-0.0075984456 -418.213
-0.0075982456 -421.411
-0.0075980456 -419.812
-0.0075978456 -419.412
-0.0075976456 -418.612
-0.0075974456 -420.612
-0.0075972456 -421.011
-0.0075970456 -419.812
-0.0075968456 -419.812
-0.0075966456 -421.411
-0.0075964456 -419.412
-0.0075962456 -421.011
-0.0075960456 -419.012
-0.0075958456 -420.612
-0.0075956456 -422.611
-0.0075954456 -421.011
-0.0075952456 -419.012
-0.0075950456 -420.212
-0.0075948456 -419.812
-0.0075946456 -419.012
-0.0075944456 -420.612
-0.0075942456 -421.411
-0.0075940456 -422.211
-0.0075938456 -420.612
-0.0075936456 -421.011
-0.0075934456 -419.812
-0.0075932456 -422.211
-0.0075930456 -419.012
-0.0075928456 -417.013
-0.0075926456 -421.411
-0.0075924456 -419.812
-0.0075922456 -422.211
-0.0075920456 -422.211
-0.0075918456 -421.411
-0.0075916456 -421.811
-0.0075914456 -420.612
-0.0075912456 -420.612
-0.0075910456 -422.611
-0.0075908456 -423.81
-0.0075906456 -421.411
-0.0075904456 -421.811
-0.0075902456 -419.812
-0.0075900456 -421.011
-0.0075898456 -420.612
-0.0075896456 -421.011
-0.0075894456 -419.012
-0.0075892456 -420.612
-0.0075890456 -419.412
-0.0075888456 -421.811
-0.0075886456 -423.41
-0.0075884456 -422.611
-0.0075882456 -418.612
-0.0075880456 -421.411
-0.0075878456 -420.612
-0.0075876456 -422.211
-0.0075874456 -418.612
-0.0075872456 -421.811
-0.0075870456 -419.412
-0.0075868456 -422.211
-0.0075866456 -421.011
-0.0075864456 -421.811
-0.0075862456 -421.411
-0.0075860456 -423.01
-0.0075858456 -421.011
-0.0075856456 -421.411
-0.0075854456 -422.211
-0.0075852456 -424.21
-0.0075850456 -420.212
-0.0075848456 -420.212
-0.0075846456 -423.41
-0.0075844456 -422.611
-0.0075842456 -425.01
-0.0075840456 -423.01
-0.0075838456 -420.212
-0.0075836456 -423.01
-0.0075834456 -425.01
-0.0075832456 -423.01
-0.0075830456 -421.811
-0.0075828456 -422.211
-0.0075826456 -422.611
-0.0075824456 -422.611
-0.0075822456 -420.612
-0.0075820456 -421.811
-0.0075818456 -424.21
-0.0075816456 -425.01
-0.0075814456 -421.811
-0.0075812456 -424.61
-0.0075810456 -421.011
-0.0075808456 -422.211
-0.0075806456 -423.41
-0.0075804456 -421.411
-0.0075802456 -422.611
-0.0075800456 -419.812
-0.0075798456 -423.01
-0.0075796456 -423.81
-0.0075794456 -421.411
-0.0075792456 -421.811
-0.0075790456 -423.41
-0.0075788456 -423.01
-0.0075786456 -423.01
-0.0075784456 -423.01
-0.0075782456 -422.211
-0.0075780456 -426.209
-0.0075778456 -422.611
-0.0075776456 -424.21
-0.0075774456 -423.41
-0.0075772456 -424.61
-0.0075770456 -424.21
-0.0075768456 -424.61
-0.0075766456 -423.41
-0.0075764456 -424.21
-0.0075762456 -422.611
-0.0075760456 -423.01
-0.0075758456 -422.611
-0.0075756456 -425.809
-0.0075754456 -424.61
-0.0075752456 -425.809
-0.0075750456 -422.611
-0.0075748456 -424.21
-0.0075746456 -424.21
-0.0075744456 -424.21
-0.0075742456 -427.409
-0.0075740456 -423.81
-0.0075738456 -423.41
-0.0075736456 -424.21
-0.0075734456 -421.411
-0.0075732456 -428.608
-0.0075730456 -423.01
-0.0075728456 -425.01
-0.0075726456 -423.41
-0.0075724456 -423.81
-0.0075722456 -422.611
-0.0075720456 -424.21
-0.0075718456 -424.21
-0.0075716456 -423.41
-0.0075714456 -422.211
-0.0075712456 -425.01
-0.0075710456 -422.611
-0.0075708456 -422.611
-0.0075706456 -423.81
-0.0075704456 -424.61
-0.0075702456 -423.01
-0.0075700456 -423.81
-0.0075698456 -423.81
-0.0075696456 -424.61
-0.0075694456 -422.211
-0.0075692456 -424.61
-0.0075690456 -423.01
-0.0075688456 -425.409
-0.0075686456 -424.61
-0.0075684456 -424.21
-0.0075682456 -427.009
-0.0075680456 -423.81
-0.0075678456 -424.61
-0.0075676456 -425.01
-0.0075674456 -423.81
-0.0075672456 -425.01
-0.0075670456 -425.809
-0.0075668456 -426.209
-0.0075666456 -426.609
-0.0075664456 -424.21
-0.0075662456 -427.009
-0.0075660456 -421.811
-0.0075658456 -423.81
-0.0075656456 -425.809
-0.0075654456 -423.81
-0.0075652456 -426.209
-0.0075650456 -425.409
-0.0075648456 -425.409
-0.0075646456 -422.211
-0.0075644456 -426.609
-0.0075642456 -425.01
-0.0075640456 -424.21
-0.0075638456 -425.809
-0.0075636456 -424.61
-0.0075634456 -424.21
-0.0075632456 -427.009
-0.0075630456 -424.21
-0.0075628456 -422.611
-0.0075626456 -423.81
-0.0075624456 -424.21
-0.0075622456 -424.21
-0.0075620456 -424.21
-0.0075618456 -424.21
-0.0075616456 -423.01
-0.0075614456 -424.61
-0.0075612456 -423.41
-0.0075610456 -428.208
-0.0075608456 -425.01
-0.0075606456 -425.809
-0.0075604456 -424.61
-0.0075602456 -425.01
-0.0075600456 -423.81
-0.0075598456 -424.61
-0.0075596456 -424.61
-0.0075594456 -423.41
-0.0075592456 -424.21
-0.0075590456 -427.009
-0.0075588456 -426.209
-0.0075586456 -422.211
-0.0075584456 -425.01
-0.0075582456 -423.81
-0.0075580456 -425.01
-0.0075578456 -426.209
-0.0075576456 -425.409
-0.0075574456 -422.611
-0.0075572456 -423.81
-0.0075570456 -427.009
-0.0075568456 -427.409
-0.0075566456 -423.81
-0.0075564456 -425.409
-0.0075562456 -422.611
-0.0075560456 -424.21
-0.0075558456 -424.61
-0.0075556456 -425.01
-0.0075554456 -426.209
-0.0075552456 -424.61
-0.0075550456 -424.61
-0.0075548456 -424.61
-0.0075546456 -423.81
-0.0075544456 -424.21
-0.0075542456 -421.811
-0.0075540456 -425.809
-0.0075538456 -425.809
-0.0075536456 -423.81
-0.0075534456 -423.81
-0.0075532456 -422.611
-0.0075530456 -425.01
-0.0075528456 -425.409
-0.0075526456 -425.809
-0.0075524456 -425.01
-0.0075522456 -424.21
-0.0075520456 -423.01
-0.0075518456 -425.809
-0.0075516456 -425.01
-0.0075514456 -426.609
-0.0075512456 -426.209
-0.0075510456 -425.409
-0.0075508456 -424.61
-0.0075506456 -425.01
-0.0075504456 -425.01
-0.0075502456 -426.209
-0.0075500456 -423.41
-0.0075498456 -424.61
-0.0075496456 -425.409
-0.0075494456 -424.61
-0.0075492456 -424.21
-0.0075490456 -421.811
-0.0075488456 -424.61
-0.0075486456 -424.21
-0.0075484456 -425.01
-0.0075482456 -425.01
-0.0075480456 -423.81
-0.0075478456 -427.409
-0.0075476456 -423.81
-0.0075474456 -424.21
-0.0075472456 -425.01
-0.0075470456 -425.809
-0.0075468456 -424.21
-0.0075466456 -427.409
-0.0075464456 -425.809
-0.0075462456 -425.409
-0.0075460456 -427.009
-0.0075458456 -426.609
-0.0075456456 -421.811
-0.0075454456 -425.809
-0.0075452456 -427.409
-0.0075450456 -426.609
-0.0075448456 -425.409
-0.0075446456 -424.61
-0.0075444456 -424.61
-0.0075442456 -425.01
-0.0075440456 -427.808
-0.0075438456 -426.609
-0.0075436456 -425.809
-0.0075434456 -426.209
-0.0075432456 -425.809
-0.0075430456 -425.809
-0.0075428456 -424.21
-0.0075426456 -424.61
-0.0075424456 -423.81
-0.0075422456 -427.009
-0.0075420456 -423.41
-0.0075418456 -427.009
-0.0075416456 -427.409
-0.0075414456 -426.209
-0.0075412456 -427.009
-0.0075410456 -426.609
-0.0075408456 -427.009
-0.0075406456 -427.808
-0.0075404456 -426.209
-0.0075402456 -427.009
-0.0075400456 -427.409
-0.0075398456 -425.409
-0.0075396456 -429.008
-0.0075394456 -425.809
-0.0075392456 -426.609
-0.0075390456 -427.808
-0.0075388456 -425.01
-0.0075386456 -428.208
-0.0075384456 -427.009
-0.0075382456 -426.209
-0.0075380456 -428.208
-0.0075378456 -426.609
-0.0075376456 -425.809
-0.0075374456 -427.808
-0.0075372456 -426.209
-0.0075370456 -426.209
-0.0075368456 -429.008
-0.0075366456 -427.409
-0.0075364456 -427.808
-0.0075362456 -428.608
-0.0075360456 -429.008
-0.0075358456 -424.21
-0.0075356456 -425.409
-0.0075354456 -425.01
-0.0075352456 -429.408
-0.0075350456 -428.608
-0.0075348456 -428.608
-0.0075346456 -428.208
-0.0075344456 -426.209
-0.0075342456 -428.208
-0.0075340456 -429.008
-0.0075338456 -425.809
-0.0075336456 -429.408
-0.0075334456 -428.608
-0.0075332456 -428.608
-0.0075330456 -425.409
-0.0075328456 -426.609
-0.0075326456 -427.009
-0.0075324456 -426.609
-0.0075322456 -430.607
-0.0075320456 -424.61
-0.0075318456 -427.409
-0.0075316456 -429.408
-0.0075314456 -429.008
-0.0075312456 -431.007
-0.0075310456 -430.207
-0.0075308456 -427.409
-0.0075306456 -428.208
-0.0075304456 -429.408
-0.0075302456 -427.808
-0.0075300456 -428.608
-0.0075298456 -428.208
-0.0075296456 -428.208
-0.0075294456 -427.009
-0.0075292456 -431.407
-0.0075290456 -429.408
-0.0075288456 -427.009
-0.0075286456 -428.608
-0.0075284456 -429.408
-0.0075282456 -429.408
-0.0075280456 -425.809
-0.0075278456 -429.807
-0.0075276456 -427.409
-0.0075274456 -430.207
-0.0075272456 -429.008
-0.0075270456 -429.807
-0.0075268456 -429.408
-0.0075266456 -431.007
-0.0075264456 -429.008
-0.0075262456 -428.608
-0.0075260456 -430.207
-0.0075258456 -427.808
-0.0075256456 -431.007
-0.0075254456 -426.609
-0.0075252456 -429.807
-0.0075250456 -429.408
-0.0075248456 -425.409
-0.0075246456 -429.008
-0.0075244456 -430.207
-0.0075242456 -429.408
-0.0075240456 -433.006
-0.0075238456 -428.208
-0.0075236456 -429.008
-0.0075234456 -429.008
-0.0075232456 -428.208
-0.0075230456 -430.207
-0.0075228456 -429.807
-0.0075226456 -429.008
-0.0075224456 -429.008
-0.0075222456 -430.207
-0.0075220456 -429.008
-0.0075218456 -430.607
-0.0075216456 -429.008
-0.0075214456 -425.409
-0.0075212456 -429.408
-0.0075210456 -429.408
-0.0075208456 -426.609
-0.0075206456 -428.608
-0.0075204456 -428.608
-0.0075202456 -428.608
-0.0075200456 -429.408
-0.0075198456 -430.607
-0.0075196456 -427.009
-0.0075194456 -428.608
-0.0075192456 -430.607
-0.0075190456 -428.608
-0.0075188456 -429.408
-0.0075186456 -429.408
-0.0075184456 -428.608
-0.0075182456 -429.008
-0.0075180456 -431.407
-0.0075178456 -429.008
-0.0075176456 -427.409
-0.0075174456 -429.008
-0.0075172456 -429.008
-0.0075170456 -429.807
-0.0075168456 -428.608
-0.0075166456 -431.007
-0.0075164456 -429.807
-0.0075162456 -430.207
-0.0075160456 -429.408
-0.0075158456 -427.009
-0.0075156456 -425.809
-0.0075154456 -429.408
-0.0075152456 -429.008
-0.0075150456 -427.009
-0.0075148456 -428.608
-0.0075146456 -428.608
-0.0075144456 -428.608
-0.0075142456 -428.608
-0.0075140456 -426.609
-0.0075138456 -429.807
-0.0075136456 -426.609
-0.0075134456 -426.209
-0.0075132456 -429.408
-0.0075130456 -429.408
-0.0075128456 -429.807
-0.0075126456 -429.008
-0.0075124456 -428.608
-0.0075122456 -425.01
-0.0075120456 -427.009
-0.0075118456 -428.608
-0.0075116456 -429.008
-0.0075114456 -430.207
-0.0075112456 -427.409
-0.0075110456 -428.608
-0.0075108456 -431.407
-0.0075106456 -429.408
-0.0075104456 -429.408
-0.0075102456 -427.808
-0.0075100456 -429.008
-0.0075098456 -428.208
-0.0075096456 -428.208
-0.0075094456 -425.409
-0.0075092456 -428.608
-0.0075090456 -427.808
-0.0075088456 -427.409
-0.0075086456 -427.009
-0.0075084456 -427.808
-0.0075082456 -428.608
-0.0075080456 -427.808
-0.0075078456 -429.408
-0.0075076456 -426.609
-0.0075074456 -429.408
-0.0075072456 -426.609
-0.0075070456 -427.808
-0.0075068456 -429.408
-0.0075066456 -424.61
-0.0075064456 -429.408
-0.0075062456 -426.609
-0.0075060456 -426.209
-0.0075058456 -427.409
-0.0075056456 -426.609
-0.0075054456 -427.808
-0.0075052456 -430.607
-0.0075050456 -429.008
-0.0075048456 -426.609
-0.0075046456 -427.808
-0.0075044456 -428.208
-0.0075042456 -429.807
-0.0075040456 -429.807
-0.0075038456 -427.009
-0.0075036456 -428.608
-0.0075034456 -428.208
-0.0075032456 -429.408
-0.0075030456 -424.61
-0.0075028456 -428.208
-0.0075026456 -426.609
-0.0075024456 -427.808
-0.0075022456 -427.009
-0.0075020456 -426.209
-0.0075018456 -429.408
-0.0075016456 -428.608
-0.0075014456 -428.608
-0.0075012456 -430.607
-0.0075010456 -428.608
-0.0075008456 -424.61
-0.0075006456 -428.208
-0.0075004456 -429.807
-0.0075002456 -426.209
-0.0075000456 -427.808
-0.0074998456 -429.008
-0.0074996456 -428.608
-0.0074994456 -424.61
-0.0074992456 -425.809
-0.0074990456 -427.808
-0.0074988456 -429.408
-0.0074986456 -425.01
-0.0074984456 -429.408
-0.0074982456 -429.008
-0.0074980456 -426.209
-0.0074978456 -427.808
-0.0074976456 -427.409
-0.0074974456 -428.208
-0.0074972456 -429.008
-0.0074970456 -426.609
-0.0074968456 -430.607
-0.0074966456 -426.209
-0.0074964456 -428.208
-0.0074962456 -429.408
-0.0074960456 -427.409
-0.0074958456 -426.209
-0.0074956456 -428.608
-0.0074954456 -429.008
-0.0074952456 -429.008
-0.0074950456 -428.208
-0.0074948456 -428.608
-0.0074946456 -430.207
-0.0074944456 -430.607
-0.0074942456 -426.609
-0.0074940456 -427.409
-0.0074938456 -424.61
-0.0074936456 -427.808
-0.0074934456 -430.207
-0.0074932456 -427.409
-0.0074930456 -427.808
-0.0074928456 -426.209
-0.0074926456 -431.007
-0.0074924456 -429.008
-0.0074922456 -429.008
-0.0074920456 -429.807
-0.0074918456 -429.008
-0.0074916456 -429.008
-0.0074914456 -430.607
-0.0074912456 -431.407
-0.0074910456 -426.209
-0.0074908456 -426.609
-0.0074906456 -425.409
-0.0074904456 -424.21
-0.0074902456 -428.208
-0.0074900456 -429.008
-0.0074898456 -429.008
-0.0074896456 -427.808
-0.0074894456 -427.409
-0.0074892456 -427.409
-0.0074890456 -429.008
-0.0074888456 -426.609
-0.0074886456 -427.808
-0.0074884456 -428.608
-0.0074882456 -429.008
-0.0074880456 -431.007
-0.0074878456 -426.209
-0.0074876456 -430.207
-0.0074874456 -428.608
-0.0074872456 -431.007
-0.0074870456 -428.208
-0.0074868456 -428.208
-0.0074866456 -431.007
-0.0074864456 -429.807
-0.0074862456 -431.007
-0.0074860456 -427.409
-0.0074858456 -430.207
-0.0074856456 -427.808
-0.0074854456 -428.208
-0.0074852456 -429.008
-0.0074850456 -428.208
-0.0074848456 -428.608
-0.0074846456 -431.007
-0.0074844456 -429.008
-0.0074842456 -432.606
-0.0074840456 -429.408
-0.0074838456 -430.207
-0.0074836456 -429.008
-0.0074834456 -431.007
-0.0074832456 -431.407
-0.0074830456 -430.607
-0.0074828456 -430.607
-0.0074826456 -431.407
-0.0074824456 -430.607
-0.0074822456 -429.807
-0.0074820456 -429.008
-0.0074818456 -429.807
-0.0074816456 -429.408
-0.0074814456 -431.407
-0.0074812456 -429.008
-0.0074810456 -431.807
-0.0074808456 -431.007
-0.0074806456 -431.007
-0.0074804456 -431.007
-0.0074802456 -432.606
-0.0074800456 -431.007
-0.0074798456 -429.807
-0.0074796456 -431.407
-0.0074794456 -431.407
-0.0074792456 -430.207
-0.0074790456 -433.006
-0.0074788456 -432.606
-0.0074786456 -434.205
-0.0074784456 -433.006
-0.0074782456 -431.007
-0.0074780456 -429.807
-0.0074778456 -431.007
-0.0074776456 -431.807
-0.0074774456 -432.606
-0.0074772456 -431.807
-0.0074770456 -431.807
-0.0074768456 -430.207
-0.0074766456 -431.007
-0.0074764456 -432.206
-0.0074762456 -433.006
-0.0074760456 -431.807
-0.0074758456 -431.407
-0.0074756456 -432.606
-0.0074754456 -430.607
-0.0074752456 -431.007
-0.0074750456 -431.407
-0.0074748456 -434.205
-0.0074746456 -432.606
-0.0074744456 -431.807
-0.0074742456 -431.407
-0.0074740456 -430.207
-0.0074738456 -430.607
-0.0074736456 -431.807
-0.0074734456 -433.806
-0.0074732456 -432.606
-0.0074730456 -430.607
-0.0074728456 -431.807
-0.0074726456 -433.006
-0.0074724456 -431.407
-0.0074722456 -432.206
-0.0074720456 -429.008
-0.0074718456 -431.007
-0.0074716456 -429.408
-0.0074714456 -430.207
-0.0074712456 -433.006
-0.0074710456 -429.408
-0.0074708456 -434.205
-0.0074706456 -431.807
-0.0074704456 -431.407
-0.0074702456 -432.606
-0.0074700456 -431.407
-0.0074698456 -432.206
-0.0074696456 -433.006
-0.0074694456 -431.807
-0.0074692456 -434.205
-0.0074690456 -432.206
-0.0074688456 -434.205
-0.0074686456 -434.205
-0.0074684456 -429.807
-0.0074682456 -431.007
-0.0074680456 -431.007
-0.0074678456 -433.006
-0.0074676456 -432.606
-0.0074674456 -429.408
-0.0074672456 -430.207
-0.0074670456 -429.408
-0.0074668456 -432.606
-0.0074666456 -432.206
-0.0074664456 -432.606
-0.0074662456 -431.407
-0.0074660456 -428.208
-0.0074658456 -431.407
-0.0074656456 -432.206
-0.0074654456 -431.807
-0.0074652456 -429.008
-0.0074650456 -429.408
-0.0074648456 -429.408
-0.0074646456 -430.607
-0.0074644456 -429.408
-0.0074642456 -431.007
-0.0074640456 -430.207
-0.0074638456 -431.007
-0.0074636456 -431.007
-0.0074634456 -433.006
-0.0074632456 -434.205
-0.0074630456 -429.408
-0.0074628456 -428.608
-0.0074626456 -431.807
-0.0074624456 -431.807
-0.0074622456 -431.407
-0.0074620456 -429.807
-0.0074618456 -431.407
-0.0074616456 -431.807
-0.0074614456 -431.007
-0.0074612456 -429.807
-0.0074610456 -431.407
-0.0074608456 -432.206
-0.0074606456 -432.606
-0.0074604456 -431.007
-0.0074602456 -431.007
-0.0074600456 -431.007
-0.0074598456 -431.007
-0.0074596456 -431.007
-0.0074594456 -432.206
-0.0074592456 -431.007
-0.0074590456 -430.607
-0.0074588456 -431.007
-0.0074586456 -428.608
-0.0074584456 -430.607
-0.0074582456 -432.206
-0.0074580456 -433.806
-0.0074578456 -431.407
-0.0074576456 -431.407
-0.0074574456 -429.008
-0.0074572456 -431.807
-0.0074570456 -432.606
-0.0074568456 -432.206
-0.0074566456 -431.407
-0.0074564456 -433.406
-0.0074562456 -434.205
-0.0074560456 -433.006
-0.0074558456 -431.407
-0.0074556456 -430.607
-0.0074554456 -431.407
-0.0074552456 -429.008
-0.0074550456 -428.608
-0.0074548456 -431.407
-0.0074546456 -430.207
-0.0074544456 -431.807
-0.0074542456 -432.606
-0.0074540456 -432.206
-0.0074538456 -430.207
-0.0074536456 -431.007
-0.0074534456 -431.807
-0.0074532456 -432.606
-0.0074530456 -429.008
-0.0074528456 -430.607
-0.0074526456 -428.608
-0.0074524456 -430.607
-0.0074522456 -429.008
-0.0074520456 -431.007
-0.0074518456 -431.807
-0.0074516456 -431.007
-0.0074514456 -431.007
-0.0074512456 -430.607
-0.0074510456 -430.207
-0.0074508456 -434.205
-0.0074506456 -429.807
-0.0074504456 -429.807
-0.0074502456 -430.607
-0.0074500456 -431.007
-0.0074498456 -429.408
-0.0074496456 -433.806
-0.0074494456 -431.807
-0.0074492456 -430.207
-0.0074490456 -431.007
-0.0074488456 -431.407
-0.0074486456 -431.007
-0.0074484456 -429.807
-0.0074482456 -431.807
-0.0074480456 -431.807
-0.0074478456 -430.607
-0.0074476456 -429.408
-0.0074474456 -430.207
-0.0074472456 -432.206
-0.0074470456 -431.407
-0.0074468456 -429.008
-0.0074466456 -429.408
-0.0074464456 -432.606
-0.0074462456 -431.007
-0.0074460456 -431.007
-0.0074458456 -431.407
-0.0074456456 -431.807
-0.0074454456 -431.807
-0.0074452456 -432.606
-0.0074450456 -433.406
-0.0074448456 -430.607
-0.0074446456 -431.807
-0.0074444456 -431.407
-0.0074442456 -433.806
-0.0074440456 -431.007
-0.0074438456 -430.607
-0.0074436456 -430.607
-0.0074434456 -432.206
-0.0074432456 -432.606
-0.0074430456 -431.807
-0.0074428456 -431.807
-0.0074426456 -431.007
-0.0074424456 -431.007
-0.0074422456 -433.406
-0.0074420456 -432.206
-0.0074418456 -432.606
-0.0074416456 -432.206
-0.0074414456 -433.806
-0.0074412456 -432.606
-0.0074410456 -433.006
-0.0074408456 -432.606
-0.0074406456 -432.606
-0.0074404456 -433.406
-0.0074402456 -433.806
-0.0074400456 -433.406
-0.0074398456 -432.206
-0.0074396456 -432.206
-0.0074394456 -433.006
-0.0074392456 -433.406
-0.0074390456 -432.206
-0.0074388456 -431.007
-0.0074386456 -434.205
-0.0074384456 -433.406
-0.0074382456 -430.607
-0.0074380456 -431.807
-0.0074378456 -432.606
-0.0074376456 -431.407
-0.0074374456 -433.406
-0.0074372456 -432.606
-0.0074370456 -433.006
-0.0074368456 -432.606
-0.0074366456 -434.605
-0.0074364456 -433.806
-0.0074362456 -432.606
-0.0074360456 -433.006
-0.0074358456 -433.806
-0.0074356456 -432.206
-0.0074354456 -433.406
-0.0074352456 -431.407
-0.0074350456 -433.806
-0.0074348456 -434.605
-0.0074346456 -432.206
-0.0074344456 -433.806
-0.0074342456 -434.205
-0.0074340456 -434.605
-0.0074338456 -431.807
-0.0074336456 -431.007
-0.0074334456 -433.006
-0.0074332456 -432.206
-0.0074330456 -435.005
-0.0074328456 -433.406
-0.0074326456 -433.406
-0.0074324456 -433.806
-0.0074322456 -433.406
-0.0074320456 -432.606
-0.0074318456 -431.807
-0.0074316456 -433.806
-0.0074314456 -433.006
-0.0074312456 -433.006
-0.0074310456 -432.606
-0.0074308456 -433.406
-0.0074306456 -432.206
-0.0074304456 -431.407
-0.0074302456 -434.205
-0.0074300456 -435.005
-0.0074298456 -431.807
-0.0074296456 -434.605
-0.0074294456 -435.805
-0.0074292456 -434.605
-0.0074290456 -433.806
-0.0074288456 -436.205
-0.0074286456 -433.406
-0.0074284456 -435.405
-0.0074282456 -435.405
-0.0074280456 -436.604
-0.0074278456 -433.806
-0.0074276456 -433.006
-0.0074274456 -433.806
-0.0074272456 -433.006
-0.0074270456 -435.805
-0.0074268456 -437.004
-0.0074266456 -435.005
-0.0074264456 -435.805
-0.0074262456 -434.605
-0.0074260456 -434.205
-0.0074258456 -436.205
-0.0074256456 -437.404
-0.0074254456 -435.805
-0.0074252456 -435.405
-0.0074250456 -432.206
-0.0074248456 -435.405
-0.0074246456 -435.005
-0.0074244456 -434.605
-0.0074242456 -435.805
-0.0074240456 -433.806
-0.0074238456 -435.005
-0.0074236456 -435.005
-0.0074234456 -437.404
-0.0074232456 -436.205
-0.0074230456 -437.004
-0.0074228456 -434.605
-0.0074226456 -436.205
-0.0074224456 -435.405
-0.0074222456 -436.604
-0.0074220456 -437.804
-0.0074218456 -433.406
-0.0074216456 -437.404
-0.0074214456 -435.405
-0.0074212456 -437.804
-0.0074210456 -436.604
-0.0074208456 -437.404
-0.0074206456 -437.804
-0.0074204456 -434.605
-0.0074202456 -439.003
-0.0074200456 -437.004
-0.0074198456 -437.804
-0.0074196456 -440.203
-0.0074194456 -438.604
-0.0074192456 -438.604
-0.0074190456 -438.604
-0.0074188456 -437.404
-0.0074186456 -436.604
-0.0074184456 -439.003
-0.0074182456 -440.603
-0.0074180456 -437.404
-0.0074178456 -438.604
-0.0074176456 -438.204
-0.0074174456 -437.004
-0.0074172456 -437.004
-0.0074170456 -437.004
-0.0074168456 -435.405
-0.0074166456 -434.205
-0.0074164456 -438.204
-0.0074162456 -439.803
-0.0074160456 -441.002
-0.0074158456 -436.604
-0.0074156456 -435.405
-0.0074154456 -437.404
-0.0074152456 -437.004
-0.0074150456 -440.203
-0.0074148456 -438.204
-0.0074146456 -437.804
-0.0074144456 -437.004
-0.0074142456 -439.403
-0.0074140456 -437.004
-0.0074138456 -437.004
-0.0074136456 -438.204
-0.0074134456 -439.003
-0.0074132456 -437.404
-0.0074130456 -438.604
-0.0074128456 -435.805
-0.0074126456 -440.203
-0.0074124456 -439.803
-0.0074122456 -439.403
-0.0074120456 -437.004
-0.0074118456 -441.002
-0.0074116456 -440.203
-0.0074114456 -440.603
-0.0074112456 -439.003
-0.0074110456 -439.003
-0.0074108456 -436.604
-0.0074106456 -438.204
-0.0074104456 -438.204
-0.0074102456 -440.603
-0.0074100456 -442.602
-0.0074098456 -442.202
-0.0074096456 -437.404
-0.0074094456 -438.604
-0.0074092456 -440.603
-0.0074090456 -441.002
-0.0074088456 -439.003
-0.0074086456 -441.802
-0.0074084456 -438.604
-0.0074082456 -441.802
-0.0074080456 -439.403
-0.0074078456 -440.203
-0.0074076456 -438.604
-0.0074074456 -440.603
-0.0074072456 -441.002
-0.0074070456 -439.403
-0.0074068456 -439.803
-0.0074066456 -440.203
-0.0074064456 -442.602
-0.0074062456 -440.203
-0.0074060456 -441.402
-0.0074058456 -440.203
-0.0074056456 -440.603
-0.0074054456 -441.002
-0.0074052456 -440.203
-0.0074050456 -441.402
-0.0074048456 -441.002
-0.0074046456 -440.603
-0.0074044456 -441.002
-0.0074042456 -440.603
-0.0074040456 -442.202
-0.0074038456 -441.402
-0.0074036456 -440.203
-0.0074034456 -441.002
-0.0074032456 -438.604
-0.0074030456 -443.401
-0.0074028456 -439.803
-0.0074026456 -440.603
-0.0074024456 -438.604
-0.0074022456 -443.801
-0.0074020456 -441.402
-0.0074018456 -441.002
-0.0074016456 -442.202
-0.0074014456 -441.002
-0.0074012456 -438.604
-0.0074010456 -441.802
-0.0074008456 -440.603
-0.0074006456 -442.202
-0.0074004456 -443.002
-0.0074002456 -443.401
-0.0074000456 -441.402
-0.0073998456 -441.402
-0.0073996456 -443.401
-0.0073994456 -442.602
-0.0073992456 -441.002
-0.0073990456 -440.203
-0.0073988456 -441.802
-0.0073986456 -442.202
-0.0073984456 -441.402
-0.0073982456 -442.602
-0.0073980456 -439.403
-0.0073978456 -444.601
-0.0073976456 -440.603
-0.0073974456 -441.002
-0.0073972456 -443.002
-0.0073970456 -443.002
-0.0073968456 -443.801
-0.0073966456 -441.802
-0.0073964456 -442.202
-0.0073962456 -443.002
-0.0073960456 -442.202
-0.0073958456 -445.8
-0.0073956456 -441.802
-0.0073954456 -442.602
-0.0073952456 -443.002
-0.0073950456 -442.602
-0.0073948456 -443.801
-0.0073946456 -442.202
-0.0073944456 -442.202
-0.0073942456 -443.002
-0.0073940456 -439.403
-0.0073938456 -442.602
-0.0073936456 -444.201
-0.0073934456 -440.603
-0.0073932456 -445.8
-0.0073930456 -443.401
-0.0073928456 -441.002
-0.0073926456 -442.602
-0.0073924456 -441.802
-0.0073922456 -442.202
-0.0073920456 -443.401
-0.0073918456 -441.402
-0.0073916456 -440.603
-0.0073914456 -445.001
-0.0073912456 -442.602
-0.0073910456 -445.001
-0.0073908456 -443.002
-0.0073906456 -439.403
-0.0073904456 -445.001
-0.0073902456 -442.602
-0.0073900456 -443.801
-0.0073898456 -445.001
-0.0073896456 -445.001
-0.0073894456 -443.401
-0.0073892456 -442.602
-0.0073890456 -444.201
-0.0073888456 -442.202
-0.0073886456 -444.601
-0.0073884456 -445.001
-0.0073882456 -444.201
-0.0073880456 -442.602
-0.0073878456 -444.601
-0.0073876456 -443.401
-0.0073874456 -446.6
-0.0073872456 -444.201
-0.0073870456 -442.202
-0.0073868456 -444.601
-0.0073866456 -444.601
-0.0073864456 -442.602
-0.0073862456 -444.601
-0.0073860456 -444.601
-0.0073858456 -442.202
-0.0073856456 -444.201
-0.0073854456 -445.4
-0.0073852456 -445.8
-0.0073850456 -444.601
-0.0073848456 -445.4
-0.0073846456 -443.801
-0.0073844456 -445.8
-0.0073842456 -445.8
-0.0073840456 -444.201
-0.0073838456 -445.4
-0.0073836456 -445.4
-0.0073834456 -444.601
-0.0073832456 -446.2
-0.0073830456 -447.799
-0.0073828456 -445.8
-0.0073826456 -445.8
-0.0073824456 -445.8
-0.0073822456 -443.801
-0.0073820456 -446.2
-0.0073818456 -445.001
-0.0073816456 -445.001
-0.0073814456 -444.201
-0.0073812456 -445.8
-0.0073810456 -444.201
-0.0073808456 -444.601
-0.0073806456 -449.798
-0.0073804456 -446.2
-0.0073802456 -444.601
-0.0073800456 -448.999
-0.0073798456 -447
-0.0073796456 -447
-0.0073794456 -447.799
-0.0073792456 -444.601
-0.0073790456 -447
-0.0073788456 -444.601
-0.0073786456 -445.8
-0.0073784456 -447.4
-0.0073782456 -446.2
-0.0073780456 -447.4
-0.0073778456 -447
-0.0073776456 -446.6
-0.0073774456 -447.4
-0.0073772456 -448.599
-0.0073770456 -445.8
-0.0073768456 -446.6
-0.0073766456 -448.999
-0.0073764456 -447.4
-0.0073762456 -447.4
-0.0073760456 -448.199
-0.0073758456 -450.198
-0.0073756456 -447.799
-0.0073754456 -448.599
-0.0073752456 -450.598
-0.0073750456 -450.198
-0.0073748456 -451.398
-0.0073746456 -448.199
-0.0073744456 -446.2
-0.0073742456 -449.399
-0.0073740456 -445.8
-0.0073738456 -449.798
-0.0073736456 -449.399
-0.0073734456 -448.199
-0.0073732456 -448.999
-0.0073730456 -447.799
-0.0073728456 -447.799
-0.0073726456 -449.798
-0.0073724456 -449.399
-0.0073722456 -449.798
-0.0073720456 -448.999
-0.0073718456 -449.399
-0.0073716456 -449.798
-0.0073714456 -450.998
-0.0073712456 -448.599
-0.0073710456 -447.799
-0.0073708456 -448.199
-0.0073706456 -447
-0.0073704456 -451.398
-0.0073702456 -449.798
-0.0073700456 -449.798
-0.0073698456 -448.199
-0.0073696456 -453.397
-0.0073694456 -450.598
-0.0073692456 -448.599
-0.0073690456 -450.198
-0.0073688456 -453.397
-0.0073686456 -451.798
-0.0073684456 -448.599
-0.0073682456 -453.397
-0.0073680456 -452.197
-0.0073678456 -451.398
-0.0073676456 -451.798
-0.0073674456 -448.999
-0.0073672456 -449.798
-0.0073670456 -450.998
-0.0073668456 -449.798
-0.0073666456 -450.598
-0.0073664456 -450.198
-0.0073662456 -452.197
-0.0073660456 -451.398
-0.0073658456 -450.198
-0.0073656456 -450.998
-0.0073654456 -451.398
-0.0073652456 -451.398
-0.0073650456 -449.798
-0.0073648456 -450.198
-0.0073646456 -450.998
-0.0073644456 -449.798
-0.0073642456 -452.597
-0.0073640456 -451.398
-0.0073638456 -453.797
-0.0073636456 -453.397
-0.0073634456 -453.797
-0.0073632456 -451.398
-0.0073630456 -452.197
-0.0073628456 -452.197
-0.0073626456 -454.197
-0.0073624456 -451.798
-0.0073622456 -452.997
-0.0073620456 -453.797
-0.0073618456 -451.798
-0.0073616456 -453.397
-0.0073614456 -453.397
-0.0073612456 -452.997
-0.0073610456 -452.997
-0.0073608456 -454.596
-0.0073606456 -455.796
-0.0073604456 -454.197
-0.0073602456 -452.197
-0.0073600456 -452.597
-0.0073598456 -454.596
-0.0073596456 -456.595
-0.0073594456 -453.797
-0.0073592456 -452.197
-0.0073590456 -456.196
-0.0073588456 -451.398
-0.0073586456 -453.397
-0.0073584456 -456.995
-0.0073582456 -452.197
-0.0073580456 -454.996
-0.0073578456 -453.397
-0.0073576456 -454.596
-0.0073574456 -456.196
-0.0073572456 -454.197
-0.0073570456 -453.397
-0.0073568456 -454.596
-0.0073566456 -456.595
-0.0073564456 -454.996
-0.0073562456 -452.197
-0.0073560456 -457.395
-0.0073558456 -453.797
-0.0073556456 -453.797
-0.0073554456 -454.996
-0.0073552456 -456.196
-0.0073550456 -454.996
-0.0073548456 -457.795
-0.0073546456 -456.995
-0.0073544456 -457.795
-0.0073542456 -456.595
-0.0073540456 -456.995
-0.0073538456 -454.596
-0.0073536456 -454.197
-0.0073534456 -459.394
-0.0073532456 -457.795
-0.0073530456 -454.596
-0.0073528456 -454.996
-0.0073526456 -454.197
-0.0073524456 -458.195
-0.0073522456 -457.395
-0.0073520456 -456.196
-0.0073518456 -457.795
-0.0073516456 -457.795
-0.0073514456 -457.395
-0.0073512456 -456.196
-0.0073510456 -458.195
-0.0073508456 -456.995
-0.0073506456 -455.796
-0.0073504456 -457.395
-0.0073502456 -455.796
-0.0073500456 -456.196
-0.0073498456 -454.596
-0.0073496456 -456.995
-0.0073494456 -458.195
-0.0073492456 -457.795
-0.0073490456 -457.395
-0.0073488456 -456.995
-0.0073486456 -458.195
-0.0073484456 -458.994
-0.0073482456 -454.197
-0.0073480456 -457.795
-0.0073478456 -459.394
-0.0073476456 -458.595
-0.0073474456 -458.595
-0.0073472456 -457.795
-0.0073470456 -461.793
-0.0073468456 -456.995
-0.0073466456 -455.796
-0.0073464456 -457.795
-0.0073462456 -457.395
-0.0073460456 -460.594
-0.0073458456 -456.995
-0.0073456456 -458.195
-0.0073454456 -459.394
-0.0073452456 -458.994
-0.0073450456 -457.795
-0.0073448456 -457.795
-0.0073446456 -461.393
-0.0073444456 -458.595
-0.0073442456 -459.394
-0.0073440456 -459.794
-0.0073438456 -459.394
-0.0073436456 -458.994
-0.0073434456 -459.394
-0.0073432456 -461.793
-0.0073430456 -459.394
-0.0073428456 -458.994
-0.0073426456 -456.595
-0.0073424456 -464.192
-0.0073422456 -458.994
-0.0073420456 -462.193
-0.0073418456 -461.393
-0.0073416456 -459.394
-0.0073414456 -458.994
-0.0073412456 -460.993
-0.0073410456 -461.393
-0.0073408456 -460.594
-0.0073406456 -460.594
-0.0073404456 -460.194
-0.0073402456 -461.793
-0.0073400456 -459.794
-0.0073398456 -460.993
-0.0073396456 -460.993
-0.0073394456 -463.792
-0.0073392456 -462.993
-0.0073390456 -463.792
-0.0073388456 -461.793
-0.0073386456 -460.594
-0.0073384456 -460.594
-0.0073382456 -462.993
-0.0073380456 -462.593
-0.0073378456 -461.793
-0.0073376456 -461.793
-0.0073374456 -462.193
-0.0073372456 -462.193
-0.0073370456 -463.392
-0.0073368456 -463.392
-0.0073366456 -462.593
-0.0073364456 -462.593
-0.0073362456 -461.393
-0.0073360456 -463.792
-0.0073358456 -462.593
-0.0073356456 -462.193
-0.0073354456 -463.792
-0.0073352456 -462.993
-0.0073350456 -461.393
-0.0073348456 -462.993
-0.0073346456 -462.193
-0.0073344456 -460.993
-0.0073342456 -462.593
-0.0073340456 -463.792
-0.0073338456 -465.791
-0.0073336456 -463.392
-0.0073334456 -463.792
-0.0073332456 -462.193
-0.0073330456 -463.392
-0.0073328456 -463.792
-0.0073326456 -466.591
-0.0073324456 -465.791
-0.0073322456 -462.593
-0.0073320456 -467.391
-0.0073318456 -462.993
-0.0073316456 -464.192
-0.0073314456 -464.192
-0.0073312456 -463.792
-0.0073310456 -464.592
-0.0073308456 -464.992
-0.0073306456 -465.392
-0.0073304456 -465.392
-0.0073302456 -466.991
-0.0073300456 -466.191
-0.0073298456 -462.593
-0.0073296456 -463.392
-0.0073294456 -466.591
-0.0073292456 -465.791
-0.0073290456 -467.391
-0.0073288456 -468.59
-0.0073286456 -466.991
-0.0073284456 -466.191
-0.0073282456 -468.19
-0.0073280456 -464.992
-0.0073278456 -464.592
-0.0073276456 -467.79
-0.0073274456 -466.991
-0.0073272456 -468.19
-0.0073270456 -468.19
-0.0073268456 -466.191
-0.0073266456 -466.191
-0.0073264456 -468.19
-0.0073262456 -467.79
-0.0073260456 -464.592
-0.0073258456 -470.989
-0.0073256456 -466.591
-0.0073254456 -464.592
-0.0073252456 -469.39
-0.0073250456 -468.59
-0.0073248456 -469.39
-0.0073246456 -469.39
-0.0073244456 -466.591
-0.0073242456 -470.589
-0.0073240456 -468.99
-0.0073238456 -468.59
-0.0073236456 -467.391
-0.0073234456 -471.789
-0.0073232456 -470.589
-0.0073230456 -469.39
-0.0073228456 -468.99
-0.0073226456 -468.19
-0.0073224456 -469.39
-0.0073222456 -468.99
-0.0073220456 -468.99
-0.0073218456 -470.989
-0.0073216456 -471.389
-0.0073214456 -468.19
-0.0073212456 -467.79
-0.0073210456 -468.19
-0.0073208456 -468.99
-0.0073206456 -468.99
-0.0073204456 -469.79
-0.0073202456 -468.99
-0.0073200456 -471.389
-0.0073198456 -470.589
-0.0073196456 -470.189
-0.0073194456 -468.99
-0.0073192456 -469.79
-0.0073190456 -471.389
-0.0073188456 -471.789
-0.0073186456 -471.389
-0.0073184456 -470.589
-0.0073182456 -468.99
-0.0073180456 -471.389
-0.0073178456 -469.79
-0.0073176456 -470.189
-0.0073174456 -470.589
-0.0073172456 -469.79
-0.0073170456 -472.188
-0.0073168456 -472.588
-0.0073166456 -469.39
-0.0073164456 -469.79
-0.0073162456 -471.789
-0.0073160456 -471.389
-0.0073158456 -471.789
-0.0073156456 -470.589
-0.0073154456 -470.589
-0.0073152456 -470.989
-0.0073150456 -471.389
-0.0073148456 -469.39
-0.0073146456 -471.789
-0.0073144456 -472.188
-0.0073142456 -472.188
-0.0073140456 -468.59
-0.0073138456 -469.39
-0.0073136456 -471.389
-0.0073134456 -470.589
-0.0073132456 -472.588
-0.0073130456 -471.789
-0.0073128456 -469.79
-0.0073126456 -471.389
-0.0073124456 -470.589
-0.0073122456 -473.788
-0.0073120456 -472.588
-0.0073118456 -472.588
-0.0073116456 -472.588
-0.0073114456 -472.988
-0.0073112456 -472.588
-0.0073110456 -470.589
-0.0073108456 -472.188
-0.0073106456 -471.789
-0.0073104456 -474.587
-0.0073102456 -469.39
-0.0073100456 -470.189
-0.0073098456 -471.389
-0.0073096456 -470.189
-0.0073094456 -472.588
-0.0073092456 -470.989
-0.0073090456 -473.788
-0.0073088456 -468.59
-0.0073086456 -471.389
-0.0073084456 -471.789
-0.0073082456 -471.389
-0.0073080456 -472.588
-0.0073078456 -472.988
-0.0073076456 -472.588
-0.0073074456 -474.587
-0.0073072456 -475.787
-0.0073070456 -472.988
-0.0073068456 -472.988
-0.0073066456 -472.988
-0.0073064456 -473.788
-0.0073062456 -472.188
-0.0073060456 -473.388
-0.0073058456 -472.588
-0.0073056456 -475.787
-0.0073054456 -476.187
-0.0073052456 -474.987
-0.0073050456 -472.988
-0.0073048456 -474.587
-0.0073046456 -475.787
-0.0073044456 -473.388
-0.0073042456 -476.586
-0.0073040456 -472.988
-0.0073038456 -470.989
-0.0073036456 -474.987
-0.0073034456 -473.788
-0.0073032456 -472.188
-0.0073030456 -474.188
-0.0073028456 -475.387
-0.0073026456 -473.788
-0.0073024456 -474.188
-0.0073022456 -474.987
-0.0073020456 -474.987
-0.0073018456 -472.188
-0.0073016456 -473.388
-0.0073014456 -474.188
-0.0073012456 -475.787
-0.0073010456 -474.587
-0.0073008456 -474.188
-0.0073006456 -474.987
-0.0073004456 -473.388
-0.0073002456 -474.188
-0.0073000456 -474.587
-0.0072998456 -475.787
-0.0072996456 -474.987
-0.0072994456 -473.788
-0.0072992456 -477.386
-0.0072990456 -476.187
-0.0072988456 -474.987
-0.0072986456 -474.987
-0.0072984456 -476.986
-0.0072982456 -477.386
-0.0072980456 -473.788
-0.0072978456 -477.386
-0.0072976456 -474.587
-0.0072974456 -476.187
-0.0072972456 -476.187
-0.0072970456 -476.986
-0.0072968456 -477.386
-0.0072966456 -476.586
-0.0072964456 -476.586
-0.0072962456 -476.187
-0.0072960456 -472.588
-0.0072958456 -474.188
-0.0072956456 -474.587
-0.0072954456 -472.188
-0.0072952456 -474.987
-0.0072950456 -477.386
-0.0072948456 -473.788
-0.0072946456 -475.787
-0.0072944456 -472.988
-0.0072942456 -474.188
-0.0072940456 -474.188
-0.0072938456 -474.587
-0.0072936456 -476.586
-0.0072934456 -477.386
-0.0072932456 -474.587
-0.0072930456 -473.388
-0.0072928456 -476.586
-0.0072926456 -474.188
-0.0072924456 -474.587
-0.0072922456 -477.386
-0.0072920456 -475.787
-0.0072918456 -475.787
-0.0072916456 -475.387
-0.0072914456 -477.386
-0.0072912456 -476.586
-0.0072910456 -477.786
-0.0072908456 -476.187
-0.0072906456 -477.386
-0.0072904456 -477.386
-0.0072902456 -476.986
-0.0072900456 -476.986
-0.0072898456 -477.386
-0.0072896456 -474.987
-0.0072894456 -477.386
-0.0072892456 -476.986
-0.0072890456 -476.187
-0.0072888456 -476.187
-0.0072886456 -476.986
-0.0072884456 -474.587
-0.0072882456 -476.586
-0.0072880456 -476.986
-0.0072878456 -474.987
-0.0072876456 -476.586
-0.0072874456 -475.787
-0.0072872456 -476.586
-0.0072870456 -477.786
-0.0072868456 -473.388
-0.0072866456 -474.587
-0.0072864456 -476.986
-0.0072862456 -478.586
-0.0072860456 -475.387
-0.0072858456 -476.986
-0.0072856456 -477.386
-0.0072854456 -476.586
-0.0072852456 -478.586
-0.0072850456 -475.787
-0.0072848456 -478.985
-0.0072846456 -478.186
-0.0072844456 -474.987
-0.0072842456 -476.986
-0.0072840456 -477.786
-0.0072838456 -478.586
-0.0072836456 -478.985
-0.0072834456 -478.985
-0.0072832456 -476.586
-0.0072830456 -476.586
-0.0072828456 -478.186
-0.0072826456 -477.386
-0.0072824456 -477.786
-0.0072822456 -479.385
-0.0072820456 -480.585
-0.0072818456 -478.186
-0.0072816456 -474.987
-0.0072814456 -482.584
-0.0072812456 -478.985
-0.0072810456 -477.386
-0.0072808456 -477.386
-0.0072806456 -479.385
-0.0072804456 -480.985
-0.0072802456 -478.985
-0.0072800456 -478.586
-0.0072798456 -476.586
-0.0072796456 -477.786
-0.0072794456 -476.986
-0.0072792456 -479.385
-0.0072790456 -479.385
-0.0072788456 -477.386
-0.0072786456 -479.785
-0.0072784456 -481.784
-0.0072782456 -479.385
-0.0072780456 -479.785
-0.0072778456 -482.584
-0.0072776456 -481.384
-0.0072774456 -478.186
-0.0072772456 -478.985
-0.0072770456 -480.585
-0.0072768456 -479.785
-0.0072766456 -478.186
-0.0072764456 -482.584
-0.0072762456 -480.185
-0.0072760456 -478.985
-0.0072758456 -479.785
-0.0072756456 -482.184
-0.0072754456 -481.784
-0.0072752456 -481.784
-0.0072750456 -482.184
-0.0072748456 -478.985
-0.0072746456 -478.186
-0.0072744456 -480.585
-0.0072742456 -479.385
-0.0072740456 -478.985
-0.0072738456 -480.985
-0.0072736456 -479.385
-0.0072734456 -481.384
-0.0072732456 -484.583
-0.0072730456 -480.585
-0.0072728456 -482.584
-0.0072726456 -480.585
-0.0072724456 -484.183
-0.0072722456 -482.984
-0.0072720456 -482.184
-0.0072718456 -482.184
-0.0072716456 -481.384
-0.0072714456 -483.783
-0.0072712456 -480.185
-0.0072710456 -479.785
-0.0072708456 -483.783
-0.0072706456 -482.984
-0.0072704456 -484.183
-0.0072702456 -483.783
-0.0072700456 -481.384
-0.0072698456 -483.383
-0.0072696456 -482.984
-0.0072694456 -486.982
-0.0072692456 -481.784
-0.0072690456 -481.384
-0.0072688456 -481.784
-0.0072686456 -484.183
-0.0072684456 -484.583
-0.0072682456 -484.583
-0.0072680456 -483.383
-0.0072678456 -482.984
-0.0072676456 -482.184
-0.0072674456 -484.983
-0.0072672456 -484.183
-0.0072670456 -483.783
-0.0072668456 -482.184
-0.0072666456 -483.383
-0.0072664456 -482.584
-0.0072662456 -486.982
-0.0072660456 -484.983
-0.0072658456 -484.183
-0.0072656456 -483.783
-0.0072654456 -484.983
-0.0072652456 -484.983
-0.0072650456 -483.383
-0.0072648456 -483.383
-0.0072646456 -481.784
-0.0072644456 -483.783
-0.0072642456 -483.783
-0.0072640456 -484.583
-0.0072638456 -485.383
-0.0072636456 -484.583
-0.0072634456 -484.183
-0.0072632456 -483.783
-0.0072630456 -483.783
-0.0072628456 -483.783
-0.0072626456 -480.585
-0.0072624456 -484.983
-0.0072622456 -485.383
-0.0072620456 -484.183
-0.0072618456 -482.584
-0.0072616456 -485.383
-0.0072614456 -484.983
-0.0072612456 -486.182
-0.0072610456 -484.583
-0.0072608456 -485.383
-0.0072606456 -485.782
-0.0072604456 -484.183
-0.0072602456 -488.181
-0.0072600456 -486.582
-0.0072598456 -486.182
-0.0072596456 -486.182
-0.0072594456 -488.181
-0.0072592456 -485.782
-0.0072590456 -486.582
-0.0072588456 -484.583
-0.0072586456 -486.982
-0.0072584456 -487.382
-0.0072582456 -487.382
-0.0072580456 -487.382
-0.0072578456 -484.183
-0.0072576456 -486.182
-0.0072574456 -485.782
-0.0072572456 -486.182
-0.0072570456 -487.781
-0.0072568456 -483.383
-0.0072566456 -485.782
-0.0072564456 -487.781
-0.0072562456 -487.781
-0.0072560456 -483.783
-0.0072558456 -488.181
-0.0072556456 -486.582
-0.0072554456 -486.582
-0.0072552456 -488.981
-0.0072550456 -486.182
-0.0072548456 -486.982
-0.0072546456 -488.181
-0.0072544456 -486.582
-0.0072542456 -482.184
-0.0072540456 -486.182
-0.0072538456 -486.182
-0.0072536456 -486.182
-0.0072534456 -487.781
-0.0072532456 -486.182
-0.0072530456 -486.982
-0.0072528456 -485.782
-0.0072526456 -486.982
-0.0072524456 -487.781
-0.0072522456 -486.582
-0.0072520456 -488.181
-0.0072518456 -486.582
-0.0072516456 -486.582
-0.0072514456 -485.383
-0.0072512456 -486.582
-0.0072510456 -490.58
-0.0072508456 -486.982
-0.0072506456 -484.583
-0.0072504456 -490.18
-0.0072502456 -486.982
-0.0072500456 -488.181
-0.0072498456 -485.782
-0.0072496456 -486.982
-0.0072494456 -486.182
-0.0072492456 -485.782
-0.0072490456 -488.581
-0.0072488456 -488.981
-0.0072486456 -488.181
-0.0072484456 -486.182
-0.0072482456 -487.382
-0.0072480456 -485.383
-0.0072478456 -488.981
-0.0072476456 -486.582
-0.0072474456 -486.982
-0.0072472456 -486.982
-0.0072470456 -489.781
-0.0072468456 -488.181
-0.0072466456 -485.383
-0.0072464456 -486.182
-0.0072462456 -488.981
-0.0072460456 -486.982
-0.0072458456 -486.582
-0.0072456456 -490.58
-0.0072454456 -488.981
-0.0072452456 -486.182
-0.0072450456 -489.381
-0.0072448456 -486.582
-0.0072446456 -485.782
-0.0072444456 -486.982
-0.0072442456 -486.182
-0.0072440456 -486.982
-0.0072438456 -489.381
-0.0072436456 -487.382
-0.0072434456 -487.382
-0.0072432456 -489.381
-0.0072430456 -486.982
-0.0072428456 -488.581
-0.0072426456 -485.782
-0.0072424456 -487.382
-0.0072422456 -488.581
-0.0072420456 -489.781
-0.0072418456 -488.581
-0.0072416456 -487.781
-0.0072414456 -489.781
-0.0072412456 -488.581
-0.0072410456 -489.381
-0.0072408456 -488.581
-0.0072406456 -489.781
-0.0072404456 -490.58
-0.0072402456 -492.18
-0.0072400456 -490.98
-0.0072398456 -488.581
-0.0072396456 -486.582
-0.0072394456 -486.982
-0.0072392456 -488.581
-0.0072390456 -486.582
-0.0072388456 -490.98
-0.0072386456 -490.58
-0.0072384456 -490.98
-0.0072382456 -490.58
-0.0072380456 -488.581
-0.0072378456 -490.18
-0.0072376456 -489.781
-0.0072374456 -488.581
-0.0072372456 -489.781
-0.0072370456 -486.182
-0.0072368456 -487.781
-0.0072366456 -485.782
-0.0072364456 -490.58
-0.0072362456 -488.181
-0.0072360456 -489.381
-0.0072358456 -487.382
-0.0072356456 -489.381
-0.0072354456 -490.98
-0.0072352456 -487.781
-0.0072350456 -488.581
-0.0072348456 -490.98
-0.0072346456 -486.982
-0.0072344456 -491.38
-0.0072342456 -489.781
-0.0072340456 -488.181
-0.0072338456 -488.981
-0.0072336456 -490.18
-0.0072334456 -488.581
-0.0072332456 -490.98
-0.0072330456 -491.38
-0.0072328456 -488.581
-0.0072326456 -486.982
-0.0072324456 -487.382
-0.0072322456 -487.382
-0.0072320456 -486.982
-0.0072318456 -488.181
-0.0072316456 -488.981
-0.0072314456 -488.181
-0.0072312456 -488.181
-0.0072310456 -490.18
-0.0072308456 -489.381
-0.0072306456 -488.181
-0.0072304456 -488.981
-0.0072302456 -488.581
-0.0072300456 -488.581
-0.0072298456 -488.181
-0.0072296456 -491.78
-0.0072294456 -488.181
-0.0072292456 -490.18
-0.0072290456 -487.382
-0.0072288456 -488.581
-0.0072286456 -488.181
-0.0072284456 -489.781
-0.0072282456 -491.38
-0.0072280456 -488.181
-0.0072278456 -490.18
-0.0072276456 -488.581
-0.0072274456 -489.781
-0.0072272456 -488.581
-0.0072270456 -488.981
-0.0072268456 -492.18
-0.0072266456 -491.38
-0.0072264456 -489.381
-0.0072262456 -488.181
-0.0072260456 -490.98
-0.0072258456 -490.18
-0.0072256456 -490.58
-0.0072254456 -490.18
-0.0072252456 -489.381
-0.0072250456 -490.98
-0.0072248456 -491.78
-0.0072246456 -490.98
-0.0072244456 -491.38
-0.0072242456 -489.381
-0.0072240456 -489.381
-0.0072238456 -488.181
-0.0072236456 -489.781
-0.0072234456 -488.181
-0.0072232456 -487.382
-0.0072230456 -485.383
-0.0072228456 -488.581
-0.0072226456 -488.581
-0.0072224456 -489.781
-0.0072222456 -490.18
-0.0072220456 -486.582
-0.0072218456 -491.78
-0.0072216456 -490.98
-0.0072214456 -491.78
-0.0072212456 -490.18
-0.0072210456 -489.381
-0.0072208456 -490.58
-0.0072206456 -487.781
-0.0072204456 -491.38
-0.0072202456 -490.98
-0.0072200456 -491.78
-0.0072198456 -490.58
-0.0072196456 -490.58
-0.0072194456 -491.78
-0.0072192456 -490.58
-0.0072190456 -489.381
-0.0072188456 -489.781
-0.0072186456 -487.382
-0.0072184456 -489.381
-0.0072182456 -489.381
-0.0072180456 -488.581
-0.0072178456 -489.381
-0.0072176456 -489.781
-0.0072174456 -491.38
-0.0072172456 -491.38
-0.0072170456 -490.58
-0.0072168456 -488.981
-0.0072166456 -489.781
-0.0072164456 -489.381
-0.0072162456 -489.381
-0.0072160456 -490.58
-0.0072158456 -491.78
-0.0072156456 -488.181
-0.0072154456 -491.78
-0.0072152456 -489.381
-0.0072150456 -491.78
-0.0072148456 -488.981
-0.0072146456 -488.181
-0.0072144456 -490.58
-0.0072142456 -491.38
-0.0072140456 -491.78
-0.0072138456 -489.381
-0.0072136456 -490.18
-0.0072134456 -492.579
-0.0072132456 -489.381
-0.0072130456 -491.38
-0.0072128456 -487.781
-0.0072126456 -488.581
-0.0072124456 -491.38
-0.0072122456 -490.58
-0.0072120456 -491.78
-0.0072118456 -487.781
-0.0072116456 -489.781
-0.0072114456 -490.58
-0.0072112456 -492.18
-0.0072110456 -488.581
-0.0072108456 -490.18
-0.0072106456 -490.58
-0.0072104456 -487.781
-0.0072102456 -488.981
-0.0072100456 -489.781
-0.0072098456 -489.781
-0.0072096456 -489.781
-0.0072094456 -488.181
-0.0072092456 -488.981
-0.0072090456 -489.381
-0.0072088456 -491.38
-0.0072086456 -491.38
-0.0072084456 -489.781
-0.0072082456 -489.781
-0.0072080456 -490.18
-0.0072078456 -488.581
-0.0072076456 -491.78
-0.0072074456 -492.579
-0.0072072456 -490.58
-0.0072070456 -494.978
-0.0072068456 -491.38
-0.0072066456 -489.781
-0.0072064456 -490.18
-0.0072062456 -488.981
-0.0072060456 -488.181
-0.0072058456 -489.381
-0.0072056456 -490.58
-0.0072054456 -490.98
-0.0072052456 -491.38
-0.0072050456 -490.58
-0.0072048456 -490.18
-0.0072046456 -490.98
-0.0072044456 -492.18
-0.0072042456 -492.18
-0.0072040456 -490.98
-0.0072038456 -492.18
-0.0072036456 -489.781
-0.0072034456 -490.98
-0.0072032456 -491.38
-0.0072030456 -488.981
-0.0072028456 -492.979
-0.0072026456 -491.38
-0.0072024456 -491.38
-0.0072022456 -491.38
-0.0072020456 -491.38
-0.0072018456 -491.78
-0.0072016456 -492.18
-0.0072014456 -492.579
-0.0072012456 -492.18
-0.0072010456 -492.579
-0.0072008456 -493.379
-0.0072006456 -491.38
-0.0072004456 -490.58
-0.0072002456 -490.58
-0.0072000456 -492.979
-0.0071998456 -490.98
-0.0071996456 -489.381
-0.0071994456 -487.781
-0.0071992456 -492.18
-0.0071990456 -490.58
-0.0071988456 -491.38
-0.0071986456 -490.58
-0.0071984456 -491.38
-0.0071982456 -492.18
-0.0071980456 -491.78
-0.0071978456 -490.98
-0.0071976456 -491.38
-0.0071974456 -490.98
-0.0071972456 -492.979
-0.0071970456 -492.18
-0.0071968456 -491.78
-0.0071966456 -490.58
-0.0071964456 -492.979
-0.0071962456 -490.98
-0.0071960456 -491.38
-0.0071958456 -491.38
-0.0071956456 -491.78
-0.0071954456 -490.98
-0.0071952456 -492.579
-0.0071950456 -490.58
-0.0071948456 -492.979
-0.0071946456 -487.781
-0.0071944456 -492.18
-0.0071942456 -490.98
-0.0071940456 -492.579
-0.0071938456 -490.98
-0.0071936456 -493.379
-0.0071934456 -493.779
-0.0071932456 -492.579
-0.0071930456 -491.38
-0.0071928456 -492.579
-0.0071926456 -490.58
-0.0071924456 -490.58
-0.0071922456 -495.378
-0.0071920456 -492.579
-0.0071918456 -492.979
-0.0071916456 -490.98
-0.0071914456 -492.18
-0.0071912456 -491.38
-0.0071910456 -493.379
-0.0071908456 -494.578
-0.0071906456 -492.18
-0.0071904456 -491.78
-0.0071902456 -492.18
-0.0071900456 -494.179
-0.0071898456 -492.18
-0.0071896456 -490.58
-0.0071894456 -492.18
-0.0071892456 -494.179
-0.0071890456 -494.179
-0.0071888456 -490.58
-0.0071886456 -492.18
-0.0071884456 -491.78
-0.0071882456 -491.78
-0.0071880456 -491.38
-0.0071878456 -490.58
-0.0071876456 -491.38
-0.0071874456 -491.38
-0.0071872456 -491.78
-0.0071870456 -491.78
-0.0071868456 -493.379
-0.0071866456 -493.779
-0.0071864456 -492.579
-0.0071862456 -492.18
-0.0071860456 -494.978
-0.0071858456 -492.18
-0.0071856456 -491.78
-0.0071854456 -492.979
-0.0071852456 -492.979
-0.0071850456 -492.18
-0.0071848456 -494.179
-0.0071846456 -490.58
-0.0071844456 -489.781
-0.0071842456 -489.781
-0.0071840456 -491.38
-0.0071838456 -491.38
-0.0071836456 -493.379
-0.0071834456 -492.579
-0.0071832456 -492.18
-0.0071830456 -494.578
-0.0071828456 -491.38
-0.0071826456 -492.579
-0.0071824456 -490.18
-0.0071822456 -492.979
-0.0071820456 -491.38
-0.0071818456 -494.179
-0.0071816456 -492.579
-0.0071814456 -491.38
-0.0071812456 -494.179
-0.0071810456 -493.779
-0.0071808456 -492.18
-0.0071806456 -492.979
-0.0071804456 -493.779
-0.0071802456 -492.18
-0.0071800456 -492.18
-0.0071798456 -492.579
-0.0071796456 -490.98
-0.0071794456 -493.779
-0.0071792456 -491.78
-0.0071790456 -492.979
-0.0071788456 -495.778
-0.0071786456 -491.78
-0.0071784456 -493.779
-0.0071782456 -492.18
-0.0071780456 -491.38
-0.0071778456 -490.98
-0.0071776456 -493.779
-0.0071774456 -492.579
-0.0071772456 -494.179
-0.0071770456 -491.78
-0.0071768456 -492.18
-0.0071766456 -492.979
-0.0071764456 -493.379
-0.0071762456 -491.78
-0.0071760456 -493.379
-0.0071758456 -494.978
-0.0071756456 -493.379
-0.0071754456 -494.978
-0.0071752456 -494.578
-0.0071750456 -491.38
-0.0071748456 -496.977
-0.0071746456 -491.78
-0.0071744456 -494.578
-0.0071742456 -494.179
-0.0071740456 -495.778
-0.0071738456 -493.779
-0.0071736456 -493.379
-0.0071734456 -494.179
-0.0071732456 -493.379
-0.0071730456 -492.579
-0.0071728456 -492.579
-0.0071726456 -493.379
-0.0071724456 -498.976
-0.0071722456 -492.579
-0.0071720456 -493.379
-0.0071718456 -491.78
-0.0071716456 -496.178
-0.0071714456 -493.779
-0.0071712456 -493.779
-0.0071710456 -493.379
-0.0071708456 -493.379
-0.0071706456 -496.977
-0.0071704456 -494.978
-0.0071702456 -495.778
-0.0071700456 -495.778
-0.0071698456 -496.578
-0.0071696456 -494.978
-0.0071694456 -493.779
-0.0071692456 -494.578
-0.0071690456 -492.979
-0.0071688456 -494.578
-0.0071686456 -491.78
-0.0071684456 -494.578
-0.0071682456 -494.179
-0.0071680456 -495.378
-0.0071678456 -494.578
-0.0071676456 -493.779
-0.0071674456 -496.178
-0.0071672456 -495.378
-0.0071670456 -494.578
-0.0071668456 -494.179
-0.0071666456 -496.178
-0.0071664456 -492.18
-0.0071662456 -492.979
-0.0071660456 -494.978
-0.0071658456 -496.178
-0.0071656456 -493.779
-0.0071654456 -496.578
-0.0071652456 -497.377
-0.0071650456 -494.978
-0.0071648456 -496.178
-0.0071646456 -496.977
-0.0071644456 -496.178
-0.0071642456 -494.978
-0.0071640456 -496.178
-0.0071638456 -495.778
-0.0071636456 -497.377
-0.0071634456 -496.178
-0.0071632456 -494.978
-0.0071630456 -493.379
-0.0071628456 -493.379
-0.0071626456 -493.379
-0.0071624456 -492.979
-0.0071622456 -494.179
-0.0071620456 -492.979
-0.0071618456 -496.977
-0.0071616456 -495.778
-0.0071614456 -494.179
-0.0071612456 -494.179
-0.0071610456 -494.978
-0.0071608456 -495.778
-0.0071606456 -494.179
-0.0071604456 -494.978
-0.0071602456 -494.978
-0.0071600456 -496.977
-0.0071598456 -494.179
-0.0071596456 -494.978
-0.0071594456 -495.378
-0.0071592456 -496.578
-0.0071590456 -494.978
-0.0071588456 -494.578
-0.0071586456 -494.578
-0.0071584456 -493.779
-0.0071582456 -494.179
-0.0071580456 -495.778
-0.0071578456 -493.779
-0.0071576456 -494.179
-0.0071574456 -493.779
-0.0071572456 -494.179
-0.0071570456 -494.978
-0.0071568456 -496.178
-0.0071566456 -493.779
-0.0071564456 -494.179
-0.0071562456 -496.578
-0.0071560456 -492.579
-0.0071558456 -494.978
-0.0071556456 -492.979
-0.0071554456 -492.979
-0.0071552456 -496.578
-0.0071550456 -494.578
-0.0071548456 -492.979
-0.0071546456 -497.777
-0.0071544456 -496.178
-0.0071542456 -493.379
-0.0071540456 -492.18
-0.0071538456 -496.578
-0.0071536456 -495.378
-0.0071534456 -494.179
-0.0071532456 -495.778
-0.0071530456 -494.578
-0.0071528456 -493.379
-0.0071526456 -496.178
-0.0071524456 -494.978
-0.0071522456 -495.778
-0.0071520456 -495.778
-0.0071518456 -495.778
-0.0071516456 -497.377
-0.0071514456 -496.578
-0.0071512456 -496.977
-0.0071510456 -494.179
-0.0071508456 -494.978
-0.0071506456 -495.778
-0.0071504456 -493.779
-0.0071502456 -495.378
-0.0071500456 -496.178
-0.0071498456 -496.977
-0.0071496456 -492.18
-0.0071494456 -494.179
-0.0071492456 -494.978
-0.0071490456 -492.979
-0.0071488456 -495.378
-0.0071486456 -494.578
-0.0071484456 -498.177
-0.0071482456 -496.578
-0.0071480456 -496.178
-0.0071478456 -494.578
-0.0071476456 -498.177
-0.0071474456 -496.578
-0.0071472456 -498.177
-0.0071470456 -494.179
-0.0071468456 -496.977
-0.0071466456 -495.778
-0.0071464456 -496.578
-0.0071462456 -492.579
-0.0071460456 -495.378
-0.0071458456 -494.179
-0.0071456456 -492.979
-0.0071454456 -496.178
-0.0071452456 -495.378
-0.0071450456 -494.578
-0.0071448456 -495.378
-0.0071446456 -494.578
-0.0071444456 -493.379
-0.0071442456 -497.377
-0.0071440456 -493.779
-0.0071438456 -494.578
-0.0071436456 -495.378
-0.0071434456 -493.379
-0.0071432456 -492.18
-0.0071430456 -496.178
-0.0071428456 -493.379
-0.0071426456 -494.578
-0.0071424456 -496.977
-0.0071422456 -496.178
-0.0071420456 -496.178
-0.0071418456 -494.978
-0.0071416456 -494.179
-0.0071414456 -496.178
-0.0071412456 -494.578
-0.0071410456 -492.979
-0.0071408456 -497.777
-0.0071406456 -495.378
-0.0071404456 -494.179
-0.0071402456 -496.578
-0.0071400456 -496.578
-0.0071398456 -500.576
-0.0071396456 -494.179
-0.0071394456 -496.178
-0.0071392456 -494.978
-0.0071390456 -492.18
-0.0071388456 -498.577
-0.0071386456 -493.779
-0.0071384456 -494.578
-0.0071382456 -496.578
-0.0071380456 -496.578
-0.0071378456 -496.578
-0.0071376456 -496.578
-0.0071374456 -494.578
-0.0071372456 -494.578
-0.0071370456 -493.379
-0.0071368456 -496.178
-0.0071366456 -494.179
-0.0071364456 -494.978
-0.0071362456 -494.578
-0.0071360456 -495.778
-0.0071358456 -496.977
-0.0071356456 -495.378
-0.0071354456 -496.977
-0.0071352456 -495.778
-0.0071350456 -492.979
-0.0071348456 -494.578
-0.0071346456 -494.578
-0.0071344456 -495.378
-0.0071342456 -495.378
-0.0071340456 -494.179
-0.0071338456 -496.977
-0.0071336456 -496.578
-0.0071334456 -494.978
-0.0071332456 -494.978
-0.0071330456 -498.577
-0.0071328456 -498.177
-0.0071326456 -495.378
-0.0071324456 -496.178
-0.0071322456 -495.778
-0.0071320456 -496.977
-0.0071318456 -496.578
-0.0071316456 -494.978
-0.0071314456 -493.379
-0.0071312456 -496.578
-0.0071310456 -500.576
-0.0071308456 -496.977
-0.0071306456 -495.778
-0.0071304456 -496.977
-0.0071302456 -494.179
-0.0071300456 -498.177
-0.0071298456 -495.778
-0.0071296456 -495.778
-0.0071294456 -497.377
-0.0071292456 -497.377
-0.0071290456 -499.776
-0.0071288456 -497.777
-0.0071286456 -496.977
-0.0071284456 -500.976
-0.0071282456 -497.377
-0.0071280456 -495.378
-0.0071278456 -495.378
-0.0071276456 -497.777
-0.0071274456 -495.378
-0.0071272456 -499.376
-0.0071270456 -495.378
-0.0071268456 -497.377
-0.0071266456 -497.777
-0.0071264456 -496.578
-0.0071262456 -498.577
-0.0071260456 -499.376
-0.0071258456 -497.377
-0.0071256456 -496.178
-0.0071254456 -497.777
-0.0071252456 -499.376
-0.0071250456 -497.377
-0.0071248456 -494.578
-0.0071246456 -497.777
-0.0071244456 -497.377
-0.0071242456 -500.176
-0.0071240456 -498.577
-0.0071238456 -496.578
-0.0071236456 -498.577
-0.0071234456 -495.378
-0.0071232456 -496.977
-0.0071230456 -499.376
-0.0071228456 -495.378
-0.0071226456 -499.776
-0.0071224456 -498.177
-0.0071222456 -496.977
-0.0071220456 -496.977
-0.0071218456 -496.178
-0.0071216456 -499.776
-0.0071214456 -498.976
-0.0071212456 -497.377
-0.0071210456 -499.776
-0.0071208456 -499.776
-0.0071206456 -497.377
-0.0071204456 -496.578
-0.0071202456 -498.177
-0.0071200456 -497.777
-0.0071198456 -498.577
-0.0071196456 -497.777
-0.0071194456 -496.178
-0.0071192456 -498.976
-0.0071190456 -499.776
-0.0071188456 -498.577
-0.0071186456 -494.978
-0.0071184456 -497.377
-0.0071182456 -498.177
-0.0071180456 -498.577
-0.0071178456 -498.976
-0.0071176456 -500.976
-0.0071174456 -497.777
-0.0071172456 -497.777
-0.0071170456 -500.576
-0.0071168456 -496.977
-0.0071166456 -500.176
-0.0071164456 -500.976
-0.0071162456 -500.176
-0.0071160456 -496.578
-0.0071158456 -498.177
-0.0071156456 -498.577
-0.0071154456 -499.376
-0.0071152456 -500.576
-0.0071150456 -499.776
-0.0071148456 -498.577
-0.0071146456 -498.177
-0.0071144456 -499.776
-0.0071142456 -500.576
-0.0071140456 -499.376
-0.0071138456 -499.376
-0.0071136456 -497.377
-0.0071134456 -499.776
-0.0071132456 -500.176
-0.0071130456 -501.375
-0.0071128456 -500.176
-0.0071126456 -497.377
-0.0071124456 -499.776
-0.0071122456 -499.376
-0.0071120456 -498.177
-0.0071118456 -497.777
-0.0071116456 -500.176
-0.0071114456 -500.976
-0.0071112456 -502.175
-0.0071110456 -501.375
-0.0071108456 -495.378
-0.0071106456 -498.976
-0.0071104456 -499.376
-0.0071102456 -499.376
-0.0071100456 -498.177
-0.0071098456 -499.376
-0.0071096456 -501.775
-0.0071094456 -500.176
-0.0071092456 -500.576
-0.0071090456 -499.376
-0.0071088456 -499.376
-0.0071086456 -498.177
-0.0071084456 -499.376
-0.0071082456 -499.776
-0.0071080456 -498.976
-0.0071078456 -499.376
-0.0071076456 -497.377
-0.0071074456 -497.777
-0.0071072456 -497.777
-0.0071070456 -500.176
-0.0071068456 -499.376
-0.0071066456 -500.176
-0.0071064456 -500.976
-0.0071062456 -496.178
-0.0071060456 -498.976
-0.0071058456 -498.976
-0.0071056456 -499.376
-0.0071054456 -500.976
-0.0071052456 -501.375
-0.0071050456 -500.976
-0.0071048456 -500.176
-0.0071046456 -500.176
-0.0071044456 -499.776
-0.0071042456 -499.376
-0.0071040456 -500.176
-0.0071038456 -498.577
-0.0071036456 -500.176
-0.0071034456 -500.176
-0.0071032456 -496.977
-0.0071030456 -500.976
-0.0071028456 -496.977
-0.0071026456 -500.976
-0.0071024456 -500.176
-0.0071022456 -500.976
-0.0071020456 -499.776
-0.0071018456 -499.776
-0.0071016456 -502.575
-0.0071014456 -499.376
-0.0071012456 -498.177
-0.0071010456 -501.775
-0.0071008456 -502.975
-0.0071006456 -500.976
-0.0071004456 -501.375
-0.0071002456 -500.176
-0.0071000456 -499.776
-0.0070998456 -500.176
-0.0070996456 -500.176
-0.0070994456 -498.177
-0.0070992456 -500.576
-0.0070990456 -500.976
-0.0070988456 -499.776
-0.0070986456 -500.576
-0.0070984456 -500.176
-0.0070982456 -503.374
-0.0070980456 -497.777
-0.0070978456 -500.976
-0.0070976456 -500.176
-0.0070974456 -500.976
-0.0070972456 -500.176
-0.0070970456 -499.376
-0.0070968456 -502.575
-0.0070966456 -498.577
-0.0070964456 -501.775
-0.0070962456 -500.976
-0.0070960456 -500.176
-0.0070958456 -500.576
-0.0070956456 -498.577
-0.0070954456 -502.175
-0.0070952456 -500.576
-0.0070950456 -500.976
-0.0070948456 -500.576
-0.0070946456 -500.176
-0.0070944456 -501.775
-0.0070942456 -501.775
-0.0070940456 -500.976
-0.0070938456 -502.575
-0.0070936456 -502.575
-0.0070934456 -500.976
-0.0070932456 -502.975
-0.0070930456 -502.975
-0.0070928456 -498.577
-0.0070926456 -499.376
-0.0070924456 -500.976
-0.0070922456 -497.777
-0.0070920456 -502.975
-0.0070918456 -500.576
-0.0070916456 -499.376
-0.0070914456 -501.375
-0.0070912456 -500.976
-0.0070910456 -500.176
-0.0070908456 -501.375
-0.0070906456 -498.177
-0.0070904456 -502.575
-0.0070902456 -499.776
-0.0070900456 -498.577
-0.0070898456 -502.575
-0.0070896456 -498.976
-0.0070894456 -501.375
-0.0070892456 -497.777
-0.0070890456 -500.176
-0.0070888456 -502.575
-0.0070886456 -500.976
-0.0070884456 -503.374
-0.0070882456 -502.175
-0.0070880456 -499.776
-0.0070878456 -501.375
-0.0070876456 -503.774
-0.0070874456 -501.775
-0.0070872456 -501.775
-0.0070870456 -503.774
-0.0070868456 -500.576
-0.0070866456 -499.376
-0.0070864456 -503.774
-0.0070862456 -501.775
-0.0070860456 -501.375
-0.0070858456 -501.375
-0.0070856456 -502.175
-0.0070854456 -501.775
-0.0070852456 -500.576
-0.0070850456 -502.175
-0.0070848456 -500.176
-0.0070846456 -501.375
-0.0070844456 -500.176
-0.0070842456 -499.776
-0.0070840456 -501.775
-0.0070838456 -502.575
-0.0070836456 -501.775
-0.0070834456 -501.375
-0.0070832456 -500.576
-0.0070830456 -500.976
-0.0070828456 -500.576
-0.0070826456 -502.975
-0.0070824456 -500.176
-0.0070822456 -501.775
-0.0070820456 -500.976
-0.0070818456 -501.375
-0.0070816456 -501.375
-0.0070814456 -501.375
-0.0070812456 -500.176
-0.0070810456 -501.775
-0.0070808456 -502.175
-0.0070806456 -501.775
-0.0070804456 -502.575
-0.0070802456 -500.976
-0.0070800456 -502.975
-0.0070798456 -501.375
-0.0070796456 -501.775
-0.0070794456 -501.375
-0.0070792456 -500.576
-0.0070790456 -502.175
-0.0070788456 -503.374
-0.0070786456 -501.375
-0.0070784456 -504.574
-0.0070782456 -502.575
-0.0070780456 -503.374
-0.0070778456 -503.374
-0.0070776456 -501.775
-0.0070774456 -503.374
-0.0070772456 -502.575
-0.0070770456 -504.174
-0.0070768456 -503.374
-0.0070766456 -501.775
-0.0070764456 -500.976
-0.0070762456 -504.174
-0.0070760456 -503.374
-0.0070758456 -500.976
-0.0070756456 -500.976
-0.0070754456 -502.575
-0.0070752456 -505.773
-0.0070750456 -501.775
-0.0070748456 -501.775
-0.0070746456 -504.174
-0.0070744456 -500.176
-0.0070742456 -504.174
-0.0070740456 -502.975
-0.0070738456 -504.174
-0.0070736456 -503.374
-0.0070734456 -501.775
-0.0070732456 -502.975
-0.0070730456 -503.774
-0.0070728456 -504.174
-0.0070726456 -502.975
-0.0070724456 -502.975
-0.0070722456 -503.374
-0.0070720456 -504.174
-0.0070718456 -503.774
-0.0070716456 -501.775
-0.0070714456 -501.375
-0.0070712456 -503.774
-0.0070710456 -504.574
-0.0070708456 -501.375
-0.0070706456 -502.975
-0.0070704456 -502.575
-0.0070702456 -502.175
-0.0070700456 -503.774
-0.0070698456 -503.374
-0.0070696456 -505.773
-0.0070694456 -503.774
-0.0070692456 -504.574
-0.0070690456 -504.574
-0.0070688456 -504.174
-0.0070686456 -503.774
-0.0070684456 -504.974
-0.0070682456 -503.374
-0.0070680456 -503.374
-0.0070678456 -503.774
-0.0070676456 -502.175
-0.0070674456 -504.574
-0.0070672456 -505.374
-0.0070670456 -502.975
-0.0070668456 -503.774
-0.0070666456 -502.175
-0.0070664456 -502.975
-0.0070662456 -503.774
-0.0070660456 -503.774
-0.0070658456 -503.774
-0.0070656456 -504.174
-0.0070654456 -502.975
-0.0070652456 -504.174
-0.0070650456 -503.774
-0.0070648456 -503.774
-0.0070646456 -502.975
-0.0070644456 -502.575
-0.0070642456 -504.174
-0.0070640456 -501.775
-0.0070638456 -502.975
-0.0070636456 -503.774
-0.0070634456 -504.574
-0.0070632456 -502.175
-0.0070630456 -502.975
-0.0070628456 -502.575
-0.0070626456 -502.175
-0.0070624456 -504.974
-0.0070622456 -504.974
-0.0070620456 -502.575
-0.0070618456 -503.374
-0.0070616456 -505.773
-0.0070614456 -501.775
-0.0070612456 -503.374
-0.0070610456 -503.374
-0.0070608456 -502.975
-0.0070606456 -507.373
-0.0070604456 -502.175
-0.0070602456 -504.174
-0.0070600456 -503.374
-0.0070598456 -501.375
-0.0070596456 -504.974
-0.0070594456 -502.975
-0.0070592456 -503.374
-0.0070590456 -504.974
-0.0070588456 -502.175
-0.0070586456 -504.174
-0.0070584456 -503.374
-0.0070582456 -506.573
-0.0070580456 -505.773
-0.0070578456 -505.773
-0.0070576456 -505.773
-0.0070574456 -503.774
-0.0070572456 -503.774
-0.0070570456 -504.974
-0.0070568456 -504.574
-0.0070566456 -503.374
-0.0070564456 -504.174
-0.0070562456 -504.174
-0.0070560456 -507.773
-0.0070558456 -505.773
-0.0070556456 -505.374
-0.0070554456 -503.774
-0.0070552456 -506.173
-0.0070550456 -500.976
-0.0070548456 -504.574
-0.0070546456 -504.174
-0.0070544456 -504.974
-0.0070542456 -505.374
-0.0070540456 -502.575
-0.0070538456 -501.375
-0.0070536456 -505.773
-0.0070534456 -504.974
-0.0070532456 -505.773
-0.0070530456 -505.773
-0.0070528456 -504.574
-0.0070526456 -504.174
-0.0070524456 -504.574
-0.0070522456 -505.374
-0.0070520456 -501.375
-0.0070518456 -503.774
-0.0070516456 -505.374
-0.0070514456 -504.174
-0.0070512456 -504.174
-0.0070510456 -503.774
-0.0070508456 -503.374
-0.0070506456 -503.774
-0.0070504456 -501.775
-0.0070502456 -501.375
-0.0070500456 -505.374
-0.0070498456 -504.974
-0.0070496456 -502.175
-0.0070494456 -500.976
-0.0070492456 -503.774
-0.0070490456 -504.574
-0.0070488456 -505.773
-0.0070486456 -502.575
-0.0070484456 -502.975
-0.0070482456 -504.174
-0.0070480456 -503.374
-0.0070478456 -503.374
-0.0070476456 -505.374
-0.0070474456 -503.774
-0.0070472456 -505.374
-0.0070470456 -503.374
-0.0070468456 -504.174
-0.0070466456 -504.174
-0.0070464456 -505.374
-0.0070462456 -502.575
-0.0070460456 -505.773
-0.0070458456 -505.374
-0.0070456456 -502.175
-0.0070454456 -504.574
-0.0070452456 -504.574
-0.0070450456 -503.374
-0.0070448456 -502.575
-0.0070446456 -503.374
-0.0070444456 -506.173
-0.0070442456 -502.975
-0.0070440456 -501.775
-0.0070438456 -503.374
-0.0070436456 -502.975
-0.0070434456 -503.774
-0.0070432456 -504.574
-0.0070430456 -504.574
-0.0070428456 -503.374
-0.0070426456 -504.574
-0.0070424456 -504.574
-0.0070422456 -503.774
-0.0070420456 -506.573
-0.0070418456 -503.374
-0.0070416456 -502.975
-0.0070414456 -502.575
-0.0070412456 -503.774
-0.0070410456 -502.975
-0.0070408456 -504.574
-0.0070406456 -506.173
-0.0070404456 -502.975
-0.0070402456 -507.373
-0.0070400456 -504.574
-0.0070398456 -504.974
-0.0070396456 -502.575
-0.0070394456 -502.975
-0.0070392456 -501.775
-0.0070390456 -503.374
-0.0070388456 -502.175
-0.0070386456 -503.374
-0.0070384456 -505.374
-0.0070382456 -504.174
-0.0070380456 -504.174
-0.0070378456 -506.573
-0.0070376456 -503.774
-0.0070374456 -503.774
-0.0070372456 -506.173
-0.0070370456 -502.575
-0.0070368456 -505.773
-0.0070366456 -503.774
-0.0070364456 -505.374
-0.0070362456 -502.575
-0.0070360456 -502.575
-0.0070358456 -502.975
-0.0070356456 -502.575
-0.0070354456 -504.174
-0.0070352456 -504.174
-0.0070350456 -504.974
-0.0070348456 -506.173
-0.0070346456 -506.173
-0.0070344456 -505.773
-0.0070342456 -503.774
-0.0070340456 -502.575
-0.0070338456 -503.374
-0.0070336456 -506.173
-0.0070334456 -505.773
-0.0070332456 -502.975
-0.0070330456 -504.974
-0.0070328456 -505.374
-0.0070326456 -504.174
-0.0070324456 -504.574
-0.0070322456 -503.774
-0.0070320456 -505.374
-0.0070318456 -503.774
-0.0070316456 -503.374
-0.0070314456 -502.975
-0.0070312456 -501.775
-0.0070310456 -504.974
-0.0070308456 -504.574
-0.0070306456 -502.975
-0.0070304456 -506.573
-0.0070302456 -502.975
-0.0070300456 -504.174
-0.0070298456 -503.374
-0.0070296456 -506.973
-0.0070294456 -502.975
-0.0070292456 -503.774
-0.0070290456 -503.374
-0.0070288456 -504.974
-0.0070286456 -505.374
-0.0070284456 -505.374
-0.0070282456 -505.773
-0.0070280456 -504.974
-0.0070278456 -504.974
-0.0070276456 -505.374
-0.0070274456 -503.774
-0.0070272456 -502.975
-0.0070270456 -502.975
-0.0070268456 -505.374
-0.0070266456 -506.973
-0.0070264456 -504.174
-0.0070262456 -503.374
-0.0070260456 -507.373
-0.0070258456 -502.975
-0.0070256456 -504.174
-0.0070254456 -505.773
-0.0070252456 -505.374
-0.0070250456 -506.973
-0.0070248456 -505.374
-0.0070246456 -504.574
-0.0070244456 -504.574
-0.0070242456 -502.975
-0.0070240456 -505.773
-0.0070238456 -501.375
-0.0070236456 -503.774
-0.0070234456 -504.974
-0.0070232456 -505.773
-0.0070230456 -506.973
-0.0070228456 -503.374
-0.0070226456 -504.974
-0.0070224456 -507.773
-0.0070222456 -506.173
-0.0070220456 -502.975
-0.0070218456 -506.173
-0.0070216456 -506.173
-0.0070214456 -506.573
-0.0070212456 -505.374
-0.0070210456 -505.374
-0.0070208456 -506.173
-0.0070206456 -503.374
-0.0070204456 -504.174
-0.0070202456 -504.174
-0.0070200456 -504.974
-0.0070198456 -505.773
-0.0070196456 -506.173
-0.0070194456 -503.374
-0.0070192456 -504.974
-0.0070190456 -506.173
-0.0070188456 -506.973
-0.0070186456 -506.173
-0.0070184456 -503.774
-0.0070182456 -506.973
-0.0070180456 -505.773
-0.0070178456 -504.574
-0.0070176456 -505.374
-0.0070174456 -509.772
-0.0070172456 -504.974
-0.0070170456 -508.172
-0.0070168456 -505.374
-0.0070166456 -508.172
-0.0070164456 -507.773
-0.0070162456 -507.373
-0.0070160456 -508.972
-0.0070158456 -509.372
-0.0070156456 -510.171
-0.0070154456 -508.972
-0.0070152456 -507.373
-0.0070150456 -510.971
-0.0070148456 -507.373
-0.0070146456 -507.373
-0.0070144456 -506.173
-0.0070142456 -507.373
-0.0070140456 -506.173
-0.0070138456 -507.773
-0.0070136456 -508.572
-0.0070134456 -507.773
-0.0070132456 -507.773
-0.0070130456 -507.373
-0.0070128456 -504.974
-0.0070126456 -509.772
-0.0070124456 -506.573
-0.0070122456 -506.573
-0.0070120456 -508.572
-0.0070118456 -504.974
-0.0070116456 -508.172
-0.0070114456 -507.773
-0.0070112456 -507.373
-0.0070110456 -508.972
-0.0070108456 -508.572
-0.0070106456 -506.973
-0.0070104456 -508.972
-0.0070102456 -510.971
-0.0070100456 -510.571
-0.0070098456 -508.972
-0.0070096456 -507.373
-0.0070094456 -507.373
-0.0070092456 -510.571
-0.0070090456 -508.572
-0.0070088456 -509.372
-0.0070086456 -508.172
-0.0070084456 -513.77
-0.0070082456 -510.571
-0.0070080456 -508.972
-0.0070078456 -508.172
-0.0070076456 -510.171
-0.0070074456 -509.372
-0.0070072456 -508.972
-0.0070070456 -507.373
-0.0070068456 -509.372
-0.0070066456 -512.57
-0.0070064456 -510.571
-0.0070062456 -508.172
-0.0070060456 -508.572
-0.0070058456 -510.571
-0.0070056456 -507.773
-0.0070054456 -511.771
-0.0070052456 -508.572
-0.0070050456 -509.372
-0.0070048456 -508.172
-0.0070046456 -510.971
-0.0070044456 -510.171
-0.0070042456 -509.772
-0.0070040456 -509.772
-0.0070038456 -508.572
-0.0070036456 -510.171
-0.0070034456 -507.373
-0.0070032456 -512.57
-0.0070030456 -510.971
-0.0070028456 -507.373
-0.0070026456 -510.971
-0.0070024456 -510.571
-0.0070022456 -510.571
-0.0070020456 -510.571
-0.0070018456 -510.971
-0.0070016456 -512.97
-0.0070014456 -511.771
-0.0070012456 -510.171
-0.0070010456 -513.77
-0.0070008456 -508.972
-0.0070006456 -512.171
-0.0070004456 -512.57
-0.0070002456 -512.171
-0.0070000456 -511.771
-0.0069998456 -511.371
-0.0069996456 -512.171
-0.0069994456 -508.972
-0.0069992456 -511.771
-0.0069990456 -510.171
-0.0069988456 -511.371
-0.0069986456 -512.97
-0.0069984456 -512.171
-0.0069982456 -509.372
-0.0069980456 -513.37
-0.0069978456 -511.371
-0.0069976456 -511.771
-0.0069974456 -512.57
-0.0069972456 -512.97
-0.0069970456 -510.171
-0.0069968456 -511.771
-0.0069966456 -511.771
-0.0069964456 -514.17
-0.0069962456 -510.571
-0.0069960456 -512.97
-0.0069958456 -511.371
-0.0069956456 -512.57
-0.0069954456 -509.372
-0.0069952456 -512.57
-0.0069950456 -510.971
-0.0069948456 -512.171
-0.0069946456 -510.971
-0.0069944456 -510.571
-0.0069942456 -513.77
-0.0069940456 -513.37
-0.0069938456 -510.971
-0.0069936456 -511.371
-0.0069934456 -512.171
-0.0069932456 -510.571
-0.0069930456 -509.372
-0.0069928456 -514.17
-0.0069926456 -512.97
-0.0069924456 -510.971
-0.0069922456 -510.571
-0.0069920456 -511.371
-0.0069918456 -512.171
-0.0069916456 -511.771
-0.0069914456 -512.171
-0.0069912456 -511.371
-0.0069910456 -511.771
-0.0069908456 -513.37
-0.0069906456 -511.771
-0.0069904456 -510.971
-0.0069902456 -514.17
-0.0069900456 -513.37
-0.0069898456 -509.772
-0.0069896456 -511.371
-0.0069894456 -512.97
-0.0069892456 -513.37
-0.0069890456 -513.77
-0.0069888456 -511.371
-0.0069886456 -512.57
-0.0069884456 -510.971
-0.0069882456 -512.97
-0.0069880456 -510.171
-0.0069878456 -510.571
-0.0069876456 -512.171
-0.0069874456 -510.171
-0.0069872456 -512.97
-0.0069870456 -512.171
-0.0069868456 -510.971
-0.0069866456 -510.971
-0.0069864456 -510.971
-0.0069862456 -510.971
-0.0069860456 -511.771
-0.0069858456 -509.372
-0.0069856456 -514.969
-0.0069854456 -512.57
-0.0069852456 -510.571
-0.0069850456 -514.17
-0.0069848456 -510.571
-0.0069846456 -514.969
-0.0069844456 -511.771
-0.0069842456 -511.371
-0.0069840456 -510.971
-0.0069838456 -512.97
-0.0069836456 -509.772
-0.0069834456 -512.97
-0.0069832456 -509.772
-0.0069830456 -512.57
-0.0069828456 -511.771
-0.0069826456 -509.772
-0.0069824456 -512.97
-0.0069822456 -512.57
-0.0069820456 -510.971
-0.0069818456 -511.371
-0.0069816456 -514.569
-0.0069814456 -510.571
-0.0069812456 -511.371
-0.0069810456 -515.369
-0.0069808456 -515.369
-0.0069806456 -512.57
-0.0069804456 -510.571
-0.0069802456 -510.971
-0.0069800456 -512.97
-0.0069798456 -511.371
-0.0069796456 -513.77
-0.0069794456 -511.371
-0.0069792456 -514.17
-0.0069790456 -511.371
-0.0069788456 -510.571
-0.0069786456 -512.57
-0.0069784456 -511.771
-0.0069782456 -512.57
-0.0069780456 -513.77
-0.0069778456 -513.37
-0.0069776456 -512.171
-0.0069774456 -513.77
-0.0069772456 -511.371
-0.0069770456 -512.57
-0.0069768456 -512.57
-0.0069766456 -510.971
-0.0069764456 -512.57
-0.0069762456 -511.371
-0.0069760456 -513.37
-0.0069758456 -510.571
-0.0069756456 -511.771
-0.0069754456 -511.771
-0.0069752456 -510.171
-0.0069750456 -510.971
-0.0069748456 -514.569
-0.0069746456 -510.571
-0.0069744456 -513.77
-0.0069742456 -511.771
-0.0069740456 -512.57
-0.0069738456 -512.57
-0.0069736456 -514.17
-0.0069734456 -510.571
-0.0069732456 -510.571
-0.0069730456 -512.57
-0.0069728456 -511.771
-0.0069726456 -512.57
-0.0069724456 -510.971
-0.0069722456 -512.171
-0.0069720456 -514.969
-0.0069718456 -516.968
-0.0069716456 -511.371
-0.0069714456 -513.77
-0.0069712456 -510.571
-0.0069710456 -513.37
-0.0069708456 -510.971
-0.0069706456 -512.97
-0.0069704456 -509.772
-0.0069702456 -511.371
-0.0069700456 -510.571
-0.0069698456 -511.771
-0.0069696456 -512.57
-0.0069694456 -512.57
-0.0069692456 -513.77
-0.0069690456 -514.569
-0.0069688456 -513.77
-0.0069686456 -510.971
-0.0069684456 -511.771
-0.0069682456 -513.77
-0.0069680456 -512.57
-0.0069678456 -512.97
-0.0069676456 -509.772
-0.0069674456 -514.17
-0.0069672456 -512.171
-0.0069670456 -512.57
-0.0069668456 -515.369
-0.0069666456 -513.37
-0.0069664456 -513.37
-0.0069662456 -513.77
-0.0069660456 -511.771
-0.0069658456 -513.77
-0.0069656456 -515.769
-0.0069654456 -515.369
-0.0069652456 -512.97
-0.0069650456 -514.969
-0.0069648456 -513.37
-0.0069646456 -515.369
-0.0069644456 -513.37
-0.0069642456 -513.77
-0.0069640456 -513.37
-0.0069638456 -510.171
-0.0069636456 -513.77
-0.0069634456 -513.77
-0.0069632456 -511.771
-0.0069630456 -513.77
-0.0069628456 -514.17
-0.0069626456 -512.57
-0.0069624456 -514.569
-0.0069622456 -514.569
-0.0069620456 -515.369
-0.0069618456 -513.77
-0.0069616456 -514.569
-0.0069614456 -513.37
-0.0069612456 -512.57
-0.0069610456 -513.37
-0.0069608456 -514.969
-0.0069606456 -512.97
-0.0069604456 -513.77
-0.0069602456 -514.17
-0.0069600456 -513.77
-0.0069598456 -513.37
-0.0069596456 -517.368
-0.0069594456 -513.77
-0.0069592456 -515.769
-0.0069590456 -512.57
-0.0069588456 -514.17
-0.0069586456 -514.969
-0.0069584456 -512.97
-0.0069582456 -516.169
-0.0069580456 -516.968
-0.0069578456 -512.57
-0.0069576456 -517.368
-0.0069574456 -516.169
-0.0069572456 -515.769
-0.0069570456 -512.57
-0.0069568456 -516.968
-0.0069566456 -517.368
-0.0069564456 -516.569
-0.0069562456 -513.37
-0.0069560456 -514.969
-0.0069558456 -516.968
-0.0069556456 -513.37
-0.0069554456 -513.77
-0.0069552456 -517.768
-0.0069550456 -514.17
-0.0069548456 -515.369
-0.0069546456 -516.169
-0.0069544456 -514.569
-0.0069542456 -515.369
-0.0069540456 -514.569
-0.0069538456 -517.368
-0.0069536456 -515.769
-0.0069534456 -516.569
-0.0069532456 -515.769
-0.0069530456 -516.569
-0.0069528456 -517.368
-0.0069526456 -514.969
-0.0069524456 -518.168
-0.0069522456 -515.769
-0.0069520456 -514.969
-0.0069518456 -515.769
-0.0069516456 -516.169
-0.0069514456 -516.968
-0.0069512456 -515.369
-0.0069510456 -516.569
-0.0069508456 -514.969
-0.0069506456 -515.769
-0.0069504456 -515.769
-0.0069502456 -514.17
-0.0069500456 -517.368
-0.0069498456 -515.369
-0.0069496456 -516.169
-0.0069494456 -515.369
-0.0069492456 -515.769
-0.0069490456 -516.569
-0.0069488456 -516.968
-0.0069486456 -516.968
-0.0069484456 -518.168
-0.0069482456 -515.369
-0.0069480456 -516.569
-0.0069478456 -516.968
-0.0069476456 -515.369
-0.0069474456 -516.569
-0.0069472456 -515.769
-0.0069470456 -516.569
-0.0069468456 -516.569
-0.0069466456 -515.369
-0.0069464456 -518.968
-0.0069462456 -516.169
-0.0069460456 -516.569
-0.0069458456 -514.569
-0.0069456456 -515.369
-0.0069454456 -516.169
-0.0069452456 -518.168
-0.0069450456 -514.969
-0.0069448456 -517.368
-0.0069446456 -515.369
-0.0069444456 -516.169
-0.0069442456 -516.169
-0.0069440456 -516.569
-0.0069438456 -516.169
-0.0069436456 -516.569
-0.0069434456 -517.368
-0.0069432456 -518.168
-0.0069430456 -516.569
-0.0069428456 -518.568
-0.0069426456 -516.169
-0.0069424456 -516.968
-0.0069422456 -517.368
-0.0069420456 -516.169
-0.0069418456 -516.169
-0.0069416456 -516.169
-0.0069414456 -518.168
-0.0069412456 -514.569
-0.0069410456 -518.968
-0.0069408456 -515.769
-0.0069406456 -515.769
-0.0069404456 -516.569
-0.0069402456 -514.17
-0.0069400456 -515.369
-0.0069398456 -517.368
-0.0069396456 -515.769
-0.0069394456 -516.968
-0.0069392456 -517.368
-0.0069390456 -515.369
-0.0069388456 -516.169
-0.0069386456 -513.37
-0.0069384456 -512.57
-0.0069382456 -517.768
-0.0069380456 -517.768
-0.0069378456 -516.169
-0.0069376456 -514.969
-0.0069374456 -516.169
-0.0069372456 -518.168
-0.0069370456 -514.969
-0.0069368456 -516.968
-0.0069366456 -516.169
-0.0069364456 -515.369
-0.0069362456 -517.768
-0.0069360456 -518.168
-0.0069358456 -516.968
-0.0069356456 -516.169
-0.0069354456 -516.169
-0.0069352456 -518.568
-0.0069350456 -515.369
-0.0069348456 -516.569
-0.0069346456 -518.968
-0.0069344456 -517.368
-0.0069342456 -515.369
-0.0069340456 -513.77
-0.0069338456 -517.768
-0.0069336456 -514.969
-0.0069334456 -517.368
-0.0069332456 -516.569
-0.0069330456 -516.569
-0.0069328456 -515.369
-0.0069326456 -515.369
-0.0069324456 -515.769
-0.0069322456 -516.569
-0.0069320456 -517.368
-0.0069318456 -516.169
-0.0069316456 -511.771
-0.0069314456 -513.77
-0.0069312456 -515.369
-0.0069310456 -515.369
-0.0069308456 -514.969
-0.0069306456 -516.569
-0.0069304456 -517.768
-0.0069302456 -515.769
-0.0069300456 -516.968
-0.0069298456 -518.968
-0.0069296456 -516.968
-0.0069294456 -513.37
-0.0069292456 -517.368
-0.0069290456 -517.368
-0.0069288456 -516.169
-0.0069286456 -516.968
-0.0069284456 -515.369
-0.0069282456 -517.368
-0.0069280456 -515.369
-0.0069278456 -516.169
-0.0069276456 -514.969
-0.0069274456 -518.168
-0.0069272456 -515.369
-0.0069270456 -517.768
-0.0069268456 -514.17
-0.0069266456 -513.77
-0.0069264456 -514.969
-0.0069262456 -517.368
-0.0069260456 -516.968
-0.0069258456 -515.769
-0.0069256456 -512.97
-0.0069254456 -515.369
-0.0069252456 -516.968
-0.0069250456 -514.17
-0.0069248456 -518.168
-0.0069246456 -514.969
-0.0069244456 -515.369
-0.0069242456 -515.769
-0.0069240456 -515.769
-0.0069238456 -518.568
-0.0069236456 -516.968
-0.0069234456 -514.17
-0.0069232456 -511.771
-0.0069230456 -516.968
-0.0069228456 -516.968
-0.0069226456 -516.968
-0.0069224456 -515.769
-0.0069222456 -516.169
-0.0069220456 -516.569
-0.0069218456 -518.168
-0.0069216456 -516.169
-0.0069214456 -514.969
-0.0069212456 -516.169
-0.0069210456 -515.369
-0.0069208456 -515.369
-0.0069206456 -516.569
-0.0069204456 -517.368
-0.0069202456 -516.968
-0.0069200456 -517.368
-0.0069198456 -514.569
-0.0069196456 -514.569
-0.0069194456 -518.168
-0.0069192456 -518.568
-0.0069190456 -517.768
-0.0069188456 -514.969
-0.0069186456 -518.168
-0.0069184456 -514.969
-0.0069182456 -514.17
-0.0069180456 -514.17
-0.0069178456 -516.169
-0.0069176456 -518.568
-0.0069174456 -515.769
-0.0069172456 -515.369
-0.0069170456 -516.169
-0.0069168456 -516.569
-0.0069166456 -515.769
-0.0069164456 -516.569
-0.0069162456 -513.77
-0.0069160456 -516.169
-0.0069158456 -515.769
-0.0069156456 -516.968
-0.0069154456 -516.169
-0.0069152456 -514.569
-0.0069150456 -515.769
-0.0069148456 -515.769
-0.0069146456 -516.968
-0.0069144456 -515.769
-0.0069142456 -516.968
-0.0069140456 -516.968
-0.0069138456 -518.168
-0.0069136456 -519.367
-0.0069134456 -516.169
-0.0069132456 -516.169
-0.0069130456 -516.169
-0.0069128456 -515.769
-0.0069126456 -516.569
-0.0069124456 -515.769
-0.0069122456 -515.769
-0.0069120456 -515.369
-0.0069118456 -517.368
-0.0069116456 -514.969
-0.0069114456 -518.168
-0.0069112456 -516.968
-0.0069110456 -518.168
-0.0069108456 -516.169
-0.0069106456 -516.569
-0.0069104456 -515.369
-0.0069102456 -517.368
-0.0069100456 -518.168
-0.0069098456 -516.968
-0.0069096456 -516.169
-0.0069094456 -517.368
-0.0069092456 -516.169
-0.0069090456 -515.369
-0.0069088456 -517.368
-0.0069086456 -518.568
-0.0069084456 -515.769
-0.0069082456 -516.968
-0.0069080456 -516.169
-0.0069078456 -515.369
-0.0069076456 -515.769
-0.0069074456 -515.369
-0.0069072456 -516.569
-0.0069070456 -517.368
-0.0069068456 -516.968
-0.0069066456 -517.768
-0.0069064456 -516.569
-0.0069062456 -515.769
-0.0069060456 -515.769
-0.0069058456 -515.369
-0.0069056456 -515.369
-0.0069054456 -517.768
-0.0069052456 -516.569
-0.0069050456 -516.968
-0.0069048456 -519.367
-0.0069046456 -518.968
-0.0069044456 -515.769
-0.0069042456 -516.569
-0.0069040456 -518.168
-0.0069038456 -515.769
-0.0069036456 -517.768
-0.0069034456 -516.968
-0.0069032456 -518.968
-0.0069030456 -518.568
-0.0069028456 -518.168
-0.0069026456 -516.169
-0.0069024456 -516.968
-0.0069022456 -517.768
-0.0069020456 -516.968
-0.0069018456 -517.768
-0.0069016456 -519.767
-0.0069014456 -518.568
-0.0069012456 -516.968
-0.0069010456 -517.368
-0.0069008456 -516.569
-0.0069006456 -516.569
-0.0069004456 -517.368
-0.0069002456 -518.568
-0.0069000456 -518.168
-0.0068998456 -514.969
-0.0068996456 -518.968
-0.0068994456 -518.168
-0.0068992456 -516.569
-0.0068990456 -518.968
-0.0068988456 -518.968
-0.0068986456 -520.967
-0.0068984456 -516.569
-0.0068982456 -516.169
-0.0068980456 -516.169
-0.0068978456 -518.968
-0.0068976456 -516.968
-0.0068974456 -520.167
-0.0068972456 -518.568
-0.0068970456 -517.768
-0.0068968456 -518.168
-0.0068966456 -516.968
-0.0068964456 -517.368
-0.0068962456 -517.768
-0.0068960456 -517.768
-0.0068958456 -518.968
-0.0068956456 -520.967
-0.0068954456 -516.968
-0.0068952456 -517.368
-0.0068950456 -517.768
-0.0068948456 -516.968
-0.0068946456 -516.569
-0.0068944456 -518.168
-0.0068942456 -519.767
-0.0068940456 -520.167
-0.0068938456 -518.968
-0.0068936456 -518.168
-0.0068934456 -516.569
-0.0068932456 -518.168
-0.0068930456 -518.968
-0.0068928456 -515.369
-0.0068926456 -516.569
-0.0068924456 -516.169
-0.0068922456 -516.169
-0.0068920456 -518.568
-0.0068918456 -518.968
-0.0068916456 -518.968
-0.0068914456 -520.167
-0.0068912456 -516.169
-0.0068910456 -518.168
-0.0068908456 -517.768
-0.0068906456 -518.568
-0.0068904456 -517.368
-0.0068902456 -518.168
-0.0068900456 -517.768
-0.0068898456 -520.167
-0.0068896456 -518.168
-0.0068894456 -519.767
-0.0068892456 -519.367
-0.0068890456 -518.968
-0.0068888456 -518.568
-0.0068886456 -518.168
-0.0068884456 -518.168
-0.0068882456 -518.968
-0.0068880456 -517.368
-0.0068878456 -517.768
-0.0068876456 -516.968
-0.0068874456 -518.968
-0.0068872456 -516.169
-0.0068870456 -517.768
-0.0068868456 -519.367
-0.0068866456 -519.767
-0.0068864456 -518.968
-0.0068862456 -517.368
-0.0068860456 -519.767
-0.0068858456 -516.968
-0.0068856456 -516.569
-0.0068854456 -515.369
-0.0068852456 -516.968
-0.0068850456 -517.368
-0.0068848456 -519.767
-0.0068846456 -516.968
-0.0068844456 -516.569
-0.0068842456 -515.769
-0.0068840456 -517.768
-0.0068838456 -518.968
-0.0068836456 -518.568
-0.0068834456 -520.167
-0.0068832456 -517.768
-0.0068830456 -517.768
-0.0068828456 -518.968
-0.0068826456 -516.569
-0.0068824456 -518.568
-0.0068822456 -517.368
-0.0068820456 -516.968
-0.0068818456 -518.568
-0.0068816456 -517.768
-0.0068814456 -518.968
-0.0068812456 -518.968
-0.0068810456 -517.768
-0.0068808456 -516.569
-0.0068806456 -516.169
-0.0068804456 -518.968
-0.0068802456 -518.568
-0.0068800456 -517.768
-0.0068798456 -515.769
-0.0068796456 -517.768
-0.0068794456 -517.768
-0.0068792456 -519.367
-0.0068790456 -516.569
-0.0068788456 -517.368
-0.0068786456 -517.768
-0.0068784456 -516.569
-0.0068782456 -518.568
-0.0068780456 -517.768
-0.0068778456 -519.367
-0.0068776456 -518.168
-0.0068774456 -516.968
-0.0068772456 -518.168
-0.0068770456 -520.567
-0.0068768456 -518.968
-0.0068766456 -518.568
-0.0068764456 -518.568
-0.0068762456 -517.768
-0.0068760456 -518.968
-0.0068758456 -518.168
-0.0068756456 -518.968
-0.0068754456 -520.167
-0.0068752456 -518.168
-0.0068750456 -519.767
-0.0068748456 -520.167
-0.0068746456 -517.368
-0.0068744456 -520.567
-0.0068742456 -516.968
-0.0068740456 -520.967
-0.0068738456 -517.768
-0.0068736456 -519.367
-0.0068734456 -518.168
-0.0068732456 -521.766
-0.0068730456 -518.568
-0.0068728456 -517.768
-0.0068726456 -518.968
-0.0068724456 -520.567
-0.0068722456 -520.167
-0.0068720456 -520.567
-0.0068718456 -517.768
-0.0068716456 -516.968
-0.0068714456 -521.766
-0.0068712456 -521.766
-0.0068710456 -518.568
-0.0068708456 -522.166
-0.0068706456 -520.167
-0.0068704456 -522.566
-0.0068702456 -520.167
-0.0068700456 -520.567
-0.0068698456 -519.767
-0.0068696456 -516.569
-0.0068694456 -518.168
-0.0068692456 -518.168
-0.0068690456 -520.567
-0.0068688456 -520.567
-0.0068686456 -518.968
-0.0068684456 -518.968
-0.0068682456 -520.167
-0.0068680456 -520.167
-0.0068678456 -520.567
-0.0068676456 -520.167
-0.0068674456 -521.366
-0.0068672456 -518.968
-0.0068670456 -520.967
-0.0068668456 -522.966
-0.0068666456 -519.367
-0.0068664456 -520.567
-0.0068662456 -518.168
-0.0068660456 -521.766
-0.0068658456 -522.966
-0.0068656456 -518.968
-0.0068654456 -518.968
-0.0068652456 -520.567
-0.0068650456 -520.567
-0.0068648456 -518.968
-0.0068646456 -517.768
-0.0068644456 -520.567
-0.0068642456 -518.968
-0.0068640456 -517.768
-0.0068638456 -518.968
-0.0068636456 -518.968
-0.0068634456 -522.566
-0.0068632456 -519.767
-0.0068630456 -517.368
-0.0068628456 -520.567
-0.0068626456 -519.767
-0.0068624456 -522.966
-0.0068622456 -518.168
-0.0068620456 -519.767
-0.0068618456 -519.367
-0.0068616456 -522.166
-0.0068614456 -518.568
-0.0068612456 -518.568
-0.0068610456 -519.767
-0.0068608456 -520.967
-0.0068606456 -519.367
-0.0068604456 -521.366
-0.0068602456 -517.768
-0.0068600456 -517.768
-0.0068598456 -519.767
-0.0068596456 -520.167
-0.0068594456 -521.366
-0.0068592456 -519.767
-0.0068590456 -517.768
-0.0068588456 -517.768
-0.0068586456 -521.366
-0.0068584456 -520.967
-0.0068582456 -521.766
-0.0068580456 -519.767
-0.0068578456 -519.767
-0.0068576456 -518.968
-0.0068574456 -520.167
-0.0068572456 -520.167
-0.0068570456 -520.967
-0.0068568456 -520.967
-0.0068566456 -520.567
-0.0068564456 -516.169
-0.0068562456 -519.767
-0.0068560456 -520.567
-0.0068558456 -520.567
-0.0068556456 -521.366
-0.0068554456 -519.367
-0.0068552456 -517.768
-0.0068550456 -520.567
-0.0068548456 -518.568
-0.0068546456 -519.767
-0.0068544456 -519.367
-0.0068542456 -518.968
-0.0068540456 -520.967
-0.0068538456 -520.967
-0.0068536456 -517.768
-0.0068534456 -518.568
-0.0068532456 -517.368
-0.0068530456 -522.166
-0.0068528456 -520.167
-0.0068526456 -520.967
-0.0068524456 -519.767
-0.0068522456 -518.568
-0.0068520456 -518.568
-0.0068518456 -517.768
-0.0068516456 -519.367
-0.0068514456 -520.167
-0.0068512456 -518.168
-0.0068510456 -518.168
-0.0068508456 -518.168
-0.0068506456 -516.968
-0.0068504456 -518.968
-0.0068502456 -516.169
-0.0068500456 -518.168
-0.0068498456 -518.968
-0.0068496456 -520.567
-0.0068494456 -520.567
-0.0068492456 -520.967
-0.0068490456 -521.366
-0.0068488456 -518.168
-0.0068486456 -519.767
-0.0068484456 -518.568
-0.0068482456 -520.967
-0.0068480456 -517.368
-0.0068478456 -519.367
-0.0068476456 -518.968
-0.0068474456 -518.968
-0.0068472456 -520.167
-0.0068470456 -523.765
-0.0068468456 -518.168
-0.0068466456 -521.366
-0.0068464456 -524.565
-0.0068462456 -520.167
-0.0068460456 -520.967
-0.0068458456 -518.568
-0.0068456456 -519.367
-0.0068454456 -520.567
-0.0068452456 -518.568
-0.0068450456 -521.366
-0.0068448456 -519.767
-0.0068446456 -518.568
-0.0068444456 -520.567
-0.0068442456 -518.168
-0.0068440456 -519.367
-0.0068438456 -519.767
-0.0068436456 -518.168
-0.0068434456 -519.367
-0.0068432456 -520.167
-0.0068430456 -520.567
-0.0068428456 -518.968
-0.0068426456 -519.767
-0.0068424456 -518.968
-0.0068422456 -519.367
-0.0068420456 -520.167
-0.0068418456 -519.767
-0.0068416456 -520.167
-0.0068414456 -522.566
-0.0068412456 -519.767
-0.0068410456 -519.367
-0.0068408456 -518.168
-0.0068406456 -518.968
-0.0068404456 -520.167
-0.0068402456 -521.366
-0.0068400456 -518.168
-0.0068398456 -518.168
-0.0068396456 -519.367
-0.0068394456 -519.367
-0.0068392456 -520.167
-0.0068390456 -519.367
-0.0068388456 -521.366
-0.0068386456 -518.968
-0.0068384456 -518.968
-0.0068382456 -522.566
-0.0068380456 -518.968
-0.0068378456 -518.568
-0.0068376456 -519.767
-0.0068374456 -518.168
-0.0068372456 -518.968
-0.0068370456 -519.367
-0.0068368456 -520.167
-0.0068366456 -517.768
-0.0068364456 -520.167
-0.0068362456 -517.768
-0.0068360456 -520.567
-0.0068358456 -521.766
-0.0068356456 -518.568
-0.0068354456 -517.768
-0.0068352456 -520.167
-0.0068350456 -519.767
-0.0068348456 -517.368
-0.0068346456 -517.368
-0.0068344456 -520.967
-0.0068342456 -521.366
-0.0068340456 -518.568
-0.0068338456 -520.167
-0.0068336456 -518.568
-0.0068334456 -521.766
-0.0068332456 -522.166
-0.0068330456 -520.567
-0.0068328456 -517.768
-0.0068326456 -522.166
-0.0068324456 -516.968
-0.0068322456 -518.568
-0.0068320456 -520.167
-0.0068318456 -517.368
-0.0068316456 -521.366
-0.0068314456 -520.567
-0.0068312456 -520.167
-0.0068310456 -520.567
-0.0068308456 -518.968
-0.0068306456 -519.767
-0.0068304456 -518.568
-0.0068302456 -517.368
-0.0068300456 -520.167
-0.0068298456 -517.768
-0.0068296456 -519.367
-0.0068294456 -519.767
-0.0068292456 -518.168
-0.0068290456 -518.968
-0.0068288456 -518.568
-0.0068286456 -520.567
-0.0068284456 -518.568
-0.0068282456 -516.968
-0.0068280456 -518.568
-0.0068278456 -518.968
-0.0068276456 -516.968
-0.0068274456 -519.367
-0.0068272456 -519.367
-0.0068270456 -519.767
-0.0068268456 -520.167
-0.0068266456 -520.167
-0.0068264456 -520.567
-0.0068262456 -518.168
-0.0068260456 -519.767
-0.0068258456 -519.367
-0.0068256456 -516.169
-0.0068254456 -518.568
-0.0068252456 -519.767
-0.0068250456 -520.167
-0.0068248456 -521.766
-0.0068246456 -520.967
-0.0068244456 -520.967
-0.0068242456 -519.767
-0.0068240456 -520.167
-0.0068238456 -519.367
-0.0068236456 -518.168
-0.0068234456 -518.968
-0.0068232456 -518.568
-0.0068230456 -518.568
-0.0068228456 -519.367
-0.0068226456 -517.768
-0.0068224456 -519.367
-0.0068222456 -520.567
-0.0068220456 -520.967
-0.0068218456 -520.567
-0.0068216456 -521.366
-0.0068214456 -519.767
-0.0068212456 -520.567
-0.0068210456 -520.567
-0.0068208456 -516.569
-0.0068206456 -520.167
-0.0068204456 -520.567
-0.0068202456 -520.967
-0.0068200456 -518.168
-0.0068198456 -520.967
-0.0068196456 -519.367
-0.0068194456 -518.568
-0.0068192456 -518.568
-0.0068190456 -518.168
-0.0068188456 -518.168
-0.0068186456 -519.767
-0.0068184456 -521.366
-0.0068182456 -517.768
-0.0068180456 -519.367
-0.0068178456 -518.968
-0.0068176456 -519.767
-0.0068174456 -519.767
-0.0068172456 -520.567
-0.0068170456 -518.568
-0.0068168456 -518.168
-0.0068166456 -520.167
-0.0068164456 -521.366
-0.0068162456 -517.768
-0.0068160456 -520.167
-0.0068158456 -516.569
-0.0068156456 -519.767
-0.0068154456 -518.968
-0.0068152456 -520.567
-0.0068150456 -517.768
-0.0068148456 -519.367
-0.0068146456 -520.167
-0.0068144456 -519.767
-0.0068142456 -519.767
-0.0068140456 -518.968
-0.0068138456 -520.567
-0.0068136456 -521.366
-0.0068134456 -519.367
-0.0068132456 -519.367
-0.0068130456 -521.366
-0.0068128456 -518.568
-0.0068126456 -519.767
-0.0068124456 -520.967
-0.0068122456 -516.968
-0.0068120456 -520.967
-0.0068118456 -517.768
-0.0068116456 -517.768
-0.0068114456 -520.567
-0.0068112456 -522.166
-0.0068110456 -519.367
-0.0068108456 -520.567
-0.0068106456 -520.167
-0.0068104456 -520.167
-0.0068102456 -518.168
-0.0068100456 -518.168
-0.0068098456 -520.167
-0.0068096456 -521.366
-0.0068094456 -521.766
-0.0068092456 -519.767
-0.0068090456 -521.366
-0.0068088456 -518.568
-0.0068086456 -520.167
-0.0068084456 -517.768
-0.0068082456 -522.166
-0.0068080456 -520.167
-0.0068078456 -519.367
-0.0068076456 -520.167
-0.0068074456 -522.166
-0.0068072456 -520.567
-0.0068070456 -520.167
-0.0068068456 -520.167
-0.0068066456 -521.366
-0.0068064456 -520.567
-0.0068062456 -521.766
-0.0068060456 -520.567
-0.0068058456 -518.968
-0.0068056456 -521.366
-0.0068054456 -521.366
-0.0068052456 -521.766
-0.0068050456 -519.767
-0.0068048456 -520.567
-0.0068046456 -519.367
-0.0068044456 -520.567
-0.0068042456 -518.968
-0.0068040456 -520.167
-0.0068038456 -520.167
-0.0068036456 -520.167
-0.0068034456 -521.366
-0.0068032456 -520.567
-0.0068030456 -520.167
-0.0068028456 -520.567
-0.0068026456 -520.967
-0.0068024456 -520.967
-0.0068022456 -520.167
-0.0068020456 -520.167
-0.0068018456 -518.568
-0.0068016456 -520.167
-0.0068014456 -520.967
-0.0068012456 -520.167
-0.0068010456 -521.366
-0.0068008456 -522.166
-0.0068006456 -519.767
-0.0068004456 -519.767
-0.0068002456 -519.367
-0.0068000456 -520.167
-0.0067998456 -521.366
-0.0067996456 -519.767
-0.0067994456 -522.166
-0.0067992456 -519.767
-0.0067990456 -521.766
-0.0067988456 -520.967
-0.0067986456 -520.167
-0.0067984456 -519.767
-0.0067982456 -519.767
-0.0067980456 -520.567
-0.0067978456 -520.967
-0.0067976456 -521.766
-0.0067974456 -521.366
-0.0067972456 -522.166
-0.0067970456 -521.766
-0.0067968456 -521.766
-0.0067966456 -523.366
-0.0067964456 -522.166
-0.0067962456 -520.567
-0.0067960456 -522.566
-0.0067958456 -522.166
-0.0067956456 -521.366
-0.0067954456 -519.367
-0.0067952456 -519.367
-0.0067950456 -520.967
-0.0067948456 -520.967
-0.0067946456 -520.167
-0.0067944456 -519.767
-0.0067942456 -521.766
-0.0067940456 -521.766
-0.0067938456 -522.166
-0.0067936456 -521.766
-0.0067934456 -520.567
-0.0067932456 -520.167
-0.0067930456 -522.966
-0.0067928456 -521.766
-0.0067926456 -519.767
-0.0067924456 -520.967
-0.0067922456 -519.767
-0.0067920456 -520.567
-0.0067918456 -521.766
-0.0067916456 -520.167
-0.0067914456 -520.167
-0.0067912456 -518.968
-0.0067910456 -521.366
-0.0067908456 -520.967
-0.0067906456 -520.167
-0.0067904456 -522.166
-0.0067902456 -520.167
-0.0067900456 -523.765
-0.0067898456 -519.767
-0.0067896456 -521.766
-0.0067894456 -522.566
-0.0067892456 -520.567
-0.0067890456 -520.967
-0.0067888456 -519.767
-0.0067886456 -520.967
-0.0067884456 -522.166
-0.0067882456 -524.165
-0.0067880456 -523.366
-0.0067878456 -520.567
-0.0067876456 -520.567
-0.0067874456 -520.967
-0.0067872456 -520.567
-0.0067870456 -523.366
-0.0067868456 -522.966
-0.0067866456 -520.167
-0.0067864456 -520.567
-0.0067862456 -522.566
-0.0067860456 -521.766
-0.0067858456 -521.766
-0.0067856456 -520.967
-0.0067854456 -521.766
-0.0067852456 -519.367
-0.0067850456 -521.366
-0.0067848456 -522.566
-0.0067846456 -520.967
-0.0067844456 -520.167
-0.0067842456 -520.567
-0.0067840456 -520.967
-0.0067838456 -519.367
-0.0067836456 -520.167
-0.0067834456 -521.366
-0.0067832456 -522.966
-0.0067830456 -520.967
-0.0067828456 -520.967
-0.0067826456 -521.366
-0.0067824456 -520.967
-0.0067822456 -521.366
-0.0067820456 -522.566
-0.0067818456 -521.366
-0.0067816456 -523.765
-0.0067814456 -521.766
-0.0067812456 -520.567
-0.0067810456 -521.366
-0.0067808456 -521.366
-0.0067806456 -523.366
-0.0067804456 -522.966
-0.0067802456 -524.565
-0.0067800456 -524.565
-0.0067798456 -519.767
-0.0067796456 -522.166
-0.0067794456 -521.366
-0.0067792456 -521.366
-0.0067790456 -521.366
-0.0067788456 -521.366
-0.0067786456 -524.565
-0.0067784456 -522.966
-0.0067782456 -521.766
-0.0067780456 -521.366
-0.0067778456 -520.967
-0.0067776456 -521.766
-0.0067774456 -522.966
-0.0067772456 -521.366
-0.0067770456 -523.765
-0.0067768456 -520.967
-0.0067766456 -519.367
-0.0067764456 -523.366
-0.0067762456 -525.764
-0.0067760456 -523.765
-0.0067758456 -522.166
-0.0067756456 -525.365
-0.0067754456 -524.165
-0.0067752456 -521.766
-0.0067750456 -522.166
-0.0067748456 -523.366
-0.0067746456 -522.166
-0.0067744456 -523.366
-0.0067742456 -520.967
-0.0067740456 -521.766
-0.0067738456 -522.966
-0.0067736456 -522.966
-0.0067734456 -521.766
-0.0067732456 -520.567
-0.0067730456 -521.366
-0.0067728456 -521.366
-0.0067726456 -519.367
-0.0067724456 -518.568
-0.0067722456 -520.967
-0.0067720456 -522.166
-0.0067718456 -522.166
-0.0067716456 -520.167
-0.0067714456 -521.766
-0.0067712456 -525.365
-0.0067710456 -523.366
-0.0067708456 -521.366
-0.0067706456 -520.967
-0.0067704456 -520.967
-0.0067702456 -523.765
-0.0067700456 -520.567
-0.0067698456 -520.567
-0.0067696456 -520.567
-0.0067694456 -520.567
-0.0067692456 -520.567
-0.0067690456 -520.167
-0.0067688456 -523.765
-0.0067686456 -520.567
-0.0067684456 -521.766
-0.0067682456 -524.165
-0.0067680456 -522.166
-0.0067678456 -521.366
-0.0067676456 -521.766
-0.0067674456 -523.366
-0.0067672456 -522.166
-0.0067670456 -518.968
-0.0067668456 -520.967
-0.0067666456 -521.766
-0.0067664456 -521.366
-0.0067662456 -523.366
-0.0067660456 -521.766
-0.0067658456 -519.767
-0.0067656456 -522.166
-0.0067654456 -522.966
-0.0067652456 -523.366
-0.0067650456 -522.166
-0.0067648456 -521.366
-0.0067646456 -521.766
-0.0067644456 -523.366
-0.0067642456 -522.566
-0.0067640456 -522.566
-0.0067638456 -522.566
-0.0067636456 -521.366
-0.0067634456 -523.765
-0.0067632456 -522.166
-0.0067630456 -520.967
-0.0067628456 -523.366
-0.0067626456 -522.966
-0.0067624456 -521.766
-0.0067622456 -521.766
-0.0067620456 -523.765
-0.0067618456 -521.366
-0.0067616456 -519.367
-0.0067614456 -524.565
-0.0067612456 -521.366
-0.0067610456 -522.966
-0.0067608456 -522.166
-0.0067606456 -520.567
-0.0067604456 -518.568
-0.0067602456 -519.367
-0.0067600456 -523.366
-0.0067598456 -522.966
-0.0067596456 -521.366
-0.0067594456 -522.966
-0.0067592456 -522.566
-0.0067590456 -522.566
-0.0067588456 -523.366
-0.0067586456 -522.166
-0.0067584456 -520.967
-0.0067582456 -522.566
-0.0067580456 -521.766
-0.0067578456 -520.967
-0.0067576456 -523.366
-0.0067574456 -523.366
-0.0067572456 -520.167
-0.0067570456 -522.966
-0.0067568456 -523.366
-0.0067566456 -520.967
-0.0067564456 -520.967
-0.0067562456 -521.766
-0.0067560456 -522.966
-0.0067558456 -520.967
-0.0067556456 -523.765
-0.0067554456 -521.366
-0.0067552456 -520.967
-0.0067550456 -520.967
-0.0067548456 -523.765
-0.0067546456 -521.366
-0.0067544456 -522.966
-0.0067542456 -520.567
-0.0067540456 -523.366
-0.0067538456 -519.767
-0.0067536456 -522.166
-0.0067534456 -520.967
-0.0067532456 -518.968
-0.0067530456 -523.765
-0.0067528456 -520.967
-0.0067526456 -520.967
-0.0067524456 -522.566
-0.0067522456 -520.967
-0.0067520456 -520.967
-0.0067518456 -520.967
-0.0067516456 -523.366
-0.0067514456 -523.366
-0.0067512456 -521.366
-0.0067510456 -520.567
-0.0067508456 -523.366
-0.0067506456 -520.567
-0.0067504456 -523.366
-0.0067502456 -522.166
-0.0067500456 -522.166
-0.0067498456 -522.166
-0.0067496456 -520.967
-0.0067494456 -521.766
-0.0067492456 -522.166
-0.0067490456 -522.966
-0.0067488456 -520.167
-0.0067486456 -522.966
-0.0067484456 -522.966
-0.0067482456 -524.165
-0.0067480456 -524.565
-0.0067478456 -524.165
-0.0067476456 -522.966
-0.0067474456 -520.967
-0.0067472456 -522.566
-0.0067470456 -522.166
-0.0067468456 -522.166
-0.0067466456 -522.966
-0.0067464456 -520.967
-0.0067462456 -522.966
-0.0067460456 -520.967
-0.0067458456 -521.366
-0.0067456456 -521.366
-0.0067454456 -521.366
-0.0067452456 -522.166
-0.0067450456 -520.167
-0.0067448456 -522.566
-0.0067446456 -521.766
-0.0067444456 -524.565
-0.0067442456 -521.366
-0.0067440456 -523.765
-0.0067438456 -523.366
-0.0067436456 -522.566
-0.0067434456 -523.366
-0.0067432456 -520.967
-0.0067430456 -523.366
-0.0067428456 -521.366
-0.0067426456 -521.366
-0.0067424456 -521.366
-0.0067422456 -522.966
-0.0067420456 -523.765
-0.0067418456 -525.365
-0.0067416456 -521.766
-0.0067414456 -523.366
-0.0067412456 -522.566
-0.0067410456 -525.365
-0.0067408456 -524.965
-0.0067406456 -524.565
-0.0067404456 -523.765
-0.0067402456 -521.766
-0.0067400456 -522.166
-0.0067398456 -523.366
-0.0067396456 -526.964
-0.0067394456 -523.765
-0.0067392456 -520.967
-0.0067390456 -523.366
-0.0067388456 -524.565
-0.0067386456 -526.564
-0.0067384456 -521.766
-0.0067382456 -522.166
-0.0067380456 -522.566
-0.0067378456 -521.366
-0.0067376456 -520.967
-0.0067374456 -523.366
-0.0067372456 -524.565
-0.0067370456 -523.366
-0.0067368456 -524.565
-0.0067366456 -522.166
-0.0067364456 -523.366
-0.0067362456 -524.965
-0.0067360456 -522.966
-0.0067358456 -524.965
-0.0067356456 -525.365
-0.0067354456 -524.165
-0.0067352456 -525.365
-0.0067350456 -521.766
-0.0067348456 -522.966
-0.0067346456 -523.765
-0.0067344456 -523.366
-0.0067342456 -523.366
-0.0067340456 -523.765
-0.0067338456 -523.765
-0.0067336456 -526.564
-0.0067334456 -523.765
-0.0067332456 -524.965
-0.0067330456 -524.565
-0.0067328456 -523.765
-0.0067326456 -525.365
-0.0067324456 -522.966
-0.0067322456 -528.563
-0.0067320456 -525.365
-0.0067318456 -525.764
-0.0067316456 -522.566
-0.0067314456 -524.565
-0.0067312456 -524.565
-0.0067310456 -525.365
-0.0067308456 -524.965
-0.0067306456 -528.963
-0.0067304456 -522.166
-0.0067302456 -522.166
-0.0067300456 -524.565
-0.0067298456 -526.164
-0.0067296456 -524.965
-0.0067294456 -523.765
-0.0067292456 -523.765
-0.0067290456 -524.165
-0.0067288456 -523.765
-0.0067286456 -526.964
-0.0067284456 -526.164
-0.0067282456 -524.965
-0.0067280456 -527.764
-0.0067278456 -525.365
-0.0067276456 -523.765
-0.0067274456 -526.564
-0.0067272456 -527.364
-0.0067270456 -524.165
-0.0067268456 -526.564
-0.0067266456 -525.365
-0.0067264456 -524.165
-0.0067262456 -526.964
-0.0067260456 -524.165
-0.0067258456 -524.165
-0.0067256456 -527.764
-0.0067254456 -523.765
-0.0067252456 -524.965
-0.0067250456 -522.966
-0.0067248456 -526.564
-0.0067246456 -527.764
-0.0067244456 -526.564
-0.0067242456 -528.163
-0.0067240456 -530.562
-0.0067238456 -528.963
-0.0067236456 -528.963
-0.0067234456 -528.163
-0.0067232456 -528.163
-0.0067230456 -526.564
-0.0067228456 -526.964
-0.0067226456 -526.964
-0.0067224456 -526.164
-0.0067222456 -526.964
-0.0067220456 -528.963
-0.0067218456 -525.365
-0.0067216456 -527.364
-0.0067214456 -525.365
-0.0067212456 -530.562
-0.0067210456 -530.562
-0.0067208456 -525.764
-0.0067206456 -527.764
-0.0067204456 -527.364
-0.0067202456 -526.564
-0.0067200456 -526.164
-0.0067198456 -526.564
-0.0067196456 -525.764
-0.0067194456 -530.162
-0.0067192456 -528.563
-0.0067190456 -526.564
-0.0067188456 -527.364
-0.0067186456 -524.965
-0.0067184456 -527.364
-0.0067182456 -528.163
-0.0067180456 -528.563
-0.0067178456 -525.365
-0.0067176456 -526.164
-0.0067174456 -529.363
-0.0067172456 -527.764
-0.0067170456 -530.162
-0.0067168456 -530.162
-0.0067166456 -528.563
-0.0067164456 -526.964
-0.0067162456 -527.364
-0.0067160456 -526.964
-0.0067158456 -528.163
-0.0067156456 -528.563
-0.0067154456 -526.564
-0.0067152456 -524.965
-0.0067150456 -526.164
-0.0067148456 -528.963
-0.0067146456 -528.963
-0.0067144456 -529.763
-0.0067142456 -525.365
-0.0067140456 -529.363
-0.0067138456 -524.565
-0.0067136456 -528.563
-0.0067134456 -526.964
-0.0067132456 -526.564
-0.0067130456 -527.764
-0.0067128456 -526.964
-0.0067126456 -527.364
-0.0067124456 -526.964
-0.0067122456 -530.162
-0.0067120456 -524.565
-0.0067118456 -528.563
-0.0067116456 -526.164
-0.0067114456 -528.563
-0.0067112456 -526.164
-0.0067110456 -526.964
-0.0067108456 -528.563
-0.0067106456 -530.162
-0.0067104456 -526.164
-0.0067102456 -528.563
-0.0067100456 -530.962
-0.0067098456 -524.965
-0.0067096456 -528.563
-0.0067094456 -525.764
-0.0067092456 -526.564
-0.0067090456 -527.364
-0.0067088456 -528.163
-0.0067086456 -529.363
-0.0067084456 -529.363
-0.0067082456 -527.764
-0.0067080456 -528.963
-0.0067078456 -528.963
-0.0067076456 -529.363
-0.0067074456 -524.565
-0.0067072456 -526.164
-0.0067070456 -527.364
-0.0067068456 -527.364
-0.0067066456 -525.764
-0.0067064456 -528.563
-0.0067062456 -525.764
-0.0067060456 -528.563
-0.0067058456 -527.364
-0.0067056456 -526.964
-0.0067054456 -526.564
-0.0067052456 -526.164
-0.0067050456 -524.165
-0.0067048456 -528.563
-0.0067046456 -525.365
-0.0067044456 -528.563
-0.0067042456 -524.165
-0.0067040456 -528.963
-0.0067038456 -528.163
-0.0067036456 -526.564
-0.0067034456 -526.964
-0.0067032456 -527.764
-0.0067030456 -528.163
-0.0067028456 -526.164
-0.0067026456 -528.163
-0.0067024456 -526.564
-0.0067022456 -525.365
-0.0067020456 -527.764
-0.0067018456 -525.764
-0.0067016456 -526.564
-0.0067014456 -524.965
-0.0067012456 -526.164
-0.0067010456 -526.164
-0.0067008456 -528.163
-0.0067006456 -526.564
-0.0067004456 -526.964
-0.0067002456 -529.763
-0.0067000456 -528.563
-0.0066998456 -525.365
-0.0066996456 -524.165
-0.0066994456 -527.364
-0.0066992456 -527.364
-0.0066990456 -528.163
-0.0066988456 -526.964
-0.0066986456 -527.764
-0.0066984456 -528.563
-0.0066982456 -524.565
-0.0066980456 -527.364
-0.0066978456 -525.764
-0.0066976456 -525.365
-0.0066974456 -525.764
-0.0066972456 -524.565
-0.0066970456 -529.763
-0.0066968456 -524.965
-0.0066966456 -526.964
-0.0066964456 -525.365
-0.0066962456 -528.163
-0.0066960456 -526.564
-0.0066958456 -526.564
-0.0066956456 -529.763
-0.0066954456 -527.364
-0.0066952456 -528.963
-0.0066950456 -526.964
-0.0066948456 -529.763
-0.0066946456 -525.365
-0.0066944456 -525.365
-0.0066942456 -529.363
-0.0066940456 -528.963
-0.0066938456 -525.365
-0.0066936456 -526.564
-0.0066934456 -528.163
-0.0066932456 -528.563
-0.0066930456 -524.165
-0.0066928456 -527.364
-0.0066926456 -526.964
-0.0066924456 -528.163
-0.0066922456 -526.564
-0.0066920456 -528.563
-0.0066918456 -526.564
-0.0066916456 -527.764
-0.0066914456 -526.164
-0.0066912456 -524.965
-0.0066910456 -528.163
-0.0066908456 -528.163
-0.0066906456 -528.963
-0.0066904456 -528.963
-0.0066902456 -527.364
-0.0066900456 -527.364
-0.0066898456 -528.163
-0.0066896456 -527.764
-0.0066894456 -527.364
-0.0066892456 -527.764
-0.0066890456 -526.964
-0.0066888456 -524.965
-0.0066886456 -525.764
-0.0066884456 -529.763
-0.0066882456 -527.364
-0.0066880456 -525.365
-0.0066878456 -525.365
-0.0066876456 -527.364
-0.0066874456 -528.163
-0.0066872456 -525.764
-0.0066870456 -526.564
-0.0066868456 -525.365
-0.0066866456 -528.563
-0.0066864456 -526.964
-0.0066862456 -524.965
-0.0066860456 -524.565
-0.0066858456 -528.163
-0.0066856456 -530.562
-0.0066854456 -524.965
-0.0066852456 -527.764
-0.0066850456 -526.164
-0.0066848456 -528.963
-0.0066846456 -525.764
-0.0066844456 -526.564
-0.0066842456 -527.764
-0.0066840456 -525.365
-0.0066838456 -528.163
-0.0066836456 -527.764
-0.0066834456 -527.364
-0.0066832456 -526.964
-0.0066830456 -527.364
-0.0066828456 -530.562
-0.0066826456 -526.164
-0.0066824456 -526.564
-0.0066822456 -524.565
-0.0066820456 -528.163
-0.0066818456 -527.764
-0.0066816456 -525.365
-0.0066814456 -525.365
-0.0066812456 -528.963
-0.0066810456 -526.564
-0.0066808456 -527.764
-0.0066806456 -526.564
-0.0066804456 -526.964
-0.0066802456 -529.363
-0.0066800456 -528.963
-0.0066798456 -526.564
-0.0066796456 -526.964
-0.0066794456 -524.165
-0.0066792456 -528.563
-0.0066790456 -526.964
-0.0066788456 -528.563
-0.0066786456 -528.563
-0.0066784456 -529.763
-0.0066782456 -526.164
-0.0066780456 -528.563
-0.0066778456 -527.764
-0.0066776456 -525.365
-0.0066774456 -527.764
-0.0066772456 -527.364
-0.0066770456 -526.164
-0.0066768456 -529.363
-0.0066766456 -526.564
-0.0066764456 -526.564
-0.0066762456 -528.963
-0.0066760456 -526.564
-0.0066758456 -526.964
-0.0066756456 -523.765
-0.0066754456 -524.965
-0.0066752456 -526.164
-0.0066750456 -525.365
-0.0066748456 -524.965
-0.0066746456 -526.164
-0.0066744456 -528.563
-0.0066742456 -528.163
-0.0066740456 -530.162
-0.0066738456 -528.563
-0.0066736456 -524.965
-0.0066734456 -528.163
-0.0066732456 -527.364
-0.0066730456 -527.364
-0.0066728456 -526.164
-0.0066726456 -525.764
-0.0066724456 -527.364
-0.0066722456 -526.564
-0.0066720456 -528.563
-0.0066718456 -524.565
-0.0066716456 -524.565
-0.0066714456 -525.764
-0.0066712456 -524.965
-0.0066710456 -526.964
-0.0066708456 -528.963
-0.0066706456 -526.964
-0.0066704456 -527.764
-0.0066702456 -528.163
-0.0066700456 -524.565
-0.0066698456 -527.764
-0.0066696456 -529.363
-0.0066694456 -525.365
-0.0066692456 -525.365
-0.0066690456 -529.763
-0.0066688456 -526.964
-0.0066686456 -529.363
-0.0066684456 -527.364
-0.0066682456 -526.564
-0.0066680456 -528.563
-0.0066678456 -526.964
-0.0066676456 -528.163
-0.0066674456 -529.363
-0.0066672456 -526.564
-0.0066670456 -530.562
-0.0066668456 -528.163
-0.0066666456 -525.365
-0.0066664456 -523.765
-0.0066662456 -528.163
-0.0066660456 -527.364
-0.0066658456 -524.565
-0.0066656456 -529.363
-0.0066654456 -529.763
-0.0066652456 -523.765
-0.0066650456 -527.764
-0.0066648456 -529.763
-0.0066646456 -528.963
-0.0066644456 -525.365
-0.0066642456 -527.364
-0.0066640456 -526.964
-0.0066638456 -528.963
-0.0066636456 -529.363
-0.0066634456 -528.563
-0.0066632456 -528.163
-0.0066630456 -529.763
-0.0066628456 -526.564
-0.0066626456 -528.963
-0.0066624456 -530.162
-0.0066622456 -528.563
-0.0066620456 -528.563
-0.0066618456 -529.363
-0.0066616456 -529.363
-0.0066614456 -528.963
-0.0066612456 -526.964
-0.0066610456 -527.764
-0.0066608456 -526.164
-0.0066606456 -527.764
-0.0066604456 -528.563
-0.0066602456 -528.163
-0.0066600456 -531.362
-0.0066598456 -527.364
-0.0066596456 -526.964
-0.0066594456 -529.363
-0.0066592456 -529.763
-0.0066590456 -530.962
-0.0066588456 -527.764
-0.0066586456 -528.563
-0.0066584456 -528.963
-0.0066582456 -528.163
-0.0066580456 -526.564
-0.0066578456 -528.163
-0.0066576456 -526.964
-0.0066574456 -528.163
-0.0066572456 -526.964
-0.0066570456 -527.764
-0.0066568456 -527.764
-0.0066566456 -526.564
-0.0066564456 -529.363
-0.0066562456 -526.964
-0.0066560456 -531.362
-0.0066558456 -528.563
-0.0066556456 -528.963
-0.0066554456 -529.363
-0.0066552456 -527.764
-0.0066550456 -526.964
-0.0066548456 -530.562
-0.0066546456 -527.764
-0.0066544456 -526.964
-0.0066542456 -527.764
-0.0066540456 -526.964
-0.0066538456 -527.364
-0.0066536456 -526.964
-0.0066534456 -527.764
-0.0066532456 -526.564
-0.0066530456 -528.963
-0.0066528456 -529.363
-0.0066526456 -524.565
-0.0066524456 -524.965
-0.0066522456 -528.163
-0.0066520456 -526.964
-0.0066518456 -525.365
-0.0066516456 -526.164
-0.0066514456 -526.164
-0.0066512456 -525.365
-0.0066510456 -525.764
-0.0066508456 -526.964
-0.0066506456 -529.363
-0.0066504456 -526.964
-0.0066502456 -525.764
-0.0066500456 -527.764
-0.0066498456 -528.163
-0.0066496456 -529.363
-0.0066494456 -526.164
-0.0066492456 -526.564
-0.0066490456 -527.364
-0.0066488456 -523.366
-0.0066486456 -525.365
-0.0066484456 -526.964
-0.0066482456 -526.164
-0.0066480456 -526.164
-0.0066478456 -527.764
-0.0066476456 -527.764
-0.0066474456 -525.764
-0.0066472456 -527.764
-0.0066470456 -526.564
-0.0066468456 -528.963
-0.0066466456 -524.565
-0.0066464456 -526.164
-0.0066462456 -526.564
-0.0066460456 -527.364
-0.0066458456 -527.364
-0.0066456456 -526.164
-0.0066454456 -527.764
-0.0066452456 -525.764
-0.0066450456 -528.963
-0.0066448456 -526.564
-0.0066446456 -529.363
-0.0066444456 -528.163
-0.0066442456 -523.765
-0.0066440456 -528.563
-0.0066438456 -526.964
-0.0066436456 -524.965
-0.0066434456 -528.163
-0.0066432456 -525.764
-0.0066430456 -526.564
-0.0066428456 -528.163
-0.0066426456 -524.565
-0.0066424456 -527.364
-0.0066422456 -525.764
-0.0066420456 -524.965
-0.0066418456 -526.964
-0.0066416456 -524.965
-0.0066414456 -526.164
-0.0066412456 -523.765
-0.0066410456 -522.966
-0.0066408456 -527.764
-0.0066406456 -526.564
-0.0066404456 -524.565
-0.0066402456 -527.764
-0.0066400456 -524.165
-0.0066398456 -525.365
-0.0066396456 -523.366
-0.0066394456 -523.765
-0.0066392456 -526.964
-0.0066390456 -525.764
-0.0066388456 -525.365
-0.0066386456 -526.564
-0.0066384456 -524.565
-0.0066382456 -525.764
-0.0066380456 -523.765
-0.0066378456 -524.965
-0.0066376456 -526.564
-0.0066374456 -524.565
-0.0066372456 -526.564
-0.0066370456 -527.764
-0.0066368456 -525.365
-0.0066366456 -524.565
-0.0066364456 -524.565
-0.0066362456 -526.564
-0.0066360456 -523.765
-0.0066358456 -524.965
-0.0066356456 -527.364
-0.0066354456 -522.966
-0.0066352456 -525.764
-0.0066350456 -527.764
-0.0066348456 -523.366
-0.0066346456 -524.565
-0.0066344456 -525.365
-0.0066342456 -525.764
-0.0066340456 -522.166
-0.0066338456 -525.365
-0.0066336456 -520.967
-0.0066334456 -524.965
-0.0066332456 -523.765
-0.0066330456 -523.366
-0.0066328456 -523.765
-0.0066326456 -523.366
-0.0066324456 -524.565
-0.0066322456 -521.766
-0.0066320456 -522.966
-0.0066318456 -523.366
-0.0066316456 -523.765
-0.0066314456 -522.566
-0.0066312456 -523.765
-0.0066310456 -520.567
-0.0066308456 -525.764
-0.0066306456 -524.165
-0.0066304456 -523.765
-0.0066302456 -524.165
-0.0066300456 -524.565
-0.0066298456 -523.366
-0.0066296456 -522.166
-0.0066294456 -523.765
-0.0066292456 -522.966
-0.0066290456 -521.366
-0.0066288456 -522.166
-0.0066286456 -522.166
-0.0066284456 -522.166
-0.0066282456 -523.366
-0.0066280456 -522.566
-0.0066278456 -522.166
-0.0066276456 -522.566
-0.0066274456 -524.165
-0.0066272456 -522.166
-0.0066270456 -521.766
-0.0066268456 -521.766
-0.0066266456 -523.366
-0.0066264456 -522.166
-0.0066262456 -522.966
-0.0066260456 -522.566
-0.0066258456 -521.766
-0.0066256456 -523.366
-0.0066254456 -522.566
-0.0066252456 -519.767
-0.0066250456 -523.765
-0.0066248456 -521.366
-0.0066246456 -522.966
-0.0066244456 -520.967
-0.0066242456 -521.766
-0.0066240456 -520.967
-0.0066238456 -523.366
-0.0066236456 -522.166
-0.0066234456 -520.967
-0.0066232456 -521.766
-0.0066230456 -522.966
-0.0066228456 -523.366
-0.0066226456 -520.167
-0.0066224456 -521.766
-0.0066222456 -523.765
-0.0066220456 -522.166
-0.0066218456 -520.167
-0.0066216456 -518.168
-0.0066214456 -521.366
-0.0066212456 -520.167
-0.0066210456 -522.566
-0.0066208456 -523.366
-0.0066206456 -523.366
-0.0066204456 -521.766
-0.0066202456 -522.566
-0.0066200456 -522.566
-0.0066198456 -523.765
-0.0066196456 -522.166
-0.0066194456 -522.166
-0.0066192456 -521.366
-0.0066190456 -522.966
-0.0066188456 -522.166
-0.0066186456 -521.766
-0.0066184456 -520.967
-0.0066182456 -520.167
-0.0066180456 -523.366
-0.0066178456 -522.566
-0.0066176456 -524.565
-0.0066174456 -519.367
-0.0066172456 -520.567
-0.0066170456 -520.567
-0.0066168456 -518.968
-0.0066166456 -520.567
-0.0066164456 -520.167
-0.0066162456 -520.567
-0.0066160456 -518.568
-0.0066158456 -520.567
-0.0066156456 -520.167
-0.0066154456 -522.966
-0.0066152456 -519.367
-0.0066150456 -521.766
-0.0066148456 -518.168
-0.0066146456 -520.567
-0.0066144456 -522.566
-0.0066142456 -520.567
-0.0066140456 -521.766
-0.0066138456 -520.167
-0.0066136456 -520.567
-0.0066134456 -520.567
-0.0066132456 -521.366
-0.0066130456 -520.967
-0.0066128456 -520.167
-0.0066126456 -520.167
-0.0066124456 -520.967
-0.0066122456 -520.167
-0.0066120456 -518.168
-0.0066118456 -520.167
-0.0066116456 -521.766
-0.0066114456 -519.767
-0.0066112456 -520.567
-0.0066110456 -520.567
-0.0066108456 -518.968
-0.0066106456 -522.166
-0.0066104456 -518.568
-0.0066102456 -520.167
-0.0066100456 -519.767
-0.0066098456 -518.168
-0.0066096456 -520.567
-0.0066094456 -518.968
-0.0066092456 -521.766
-0.0066090456 -521.366
-0.0066088456 -518.968
-0.0066086456 -518.168
-0.0066084456 -518.968
-0.0066082456 -520.167
-0.0066080456 -520.567
-0.0066078456 -518.968
-0.0066076456 -522.566
-0.0066074456 -518.968
-0.0066072456 -519.367
-0.0066070456 -519.767
-0.0066068456 -520.167
-0.0066066456 -518.968
-0.0066064456 -520.167
-0.0066062456 -519.367
-0.0066060456 -520.567
-0.0066058456 -519.367
-0.0066056456 -518.568
-0.0066054456 -517.368
-0.0066052456 -519.367
-0.0066050456 -518.168
-0.0066048456 -520.567
-0.0066046456 -517.368
-0.0066044456 -518.568
-0.0066042456 -519.367
-0.0066040456 -518.168
-0.0066038456 -518.168
-0.0066036456 -520.567
-0.0066034456 -518.168
-0.0066032456 -518.168
-0.0066030456 -518.568
-0.0066028456 -520.167
-0.0066026456 -517.368
-0.0066024456 -519.767
-0.0066022456 -518.568
-0.0066020456 -519.367
-0.0066018456 -518.568
-0.0066016456 -518.568
-0.0066014456 -518.168
-0.0066012456 -518.168
-0.0066010456 -520.167
-0.0066008456 -514.969
-0.0066006456 -518.568
-0.0066004456 -518.168
-0.0066002456 -517.768
-0.0066000456 -518.568
-0.0065998456 -517.368
-0.0065996456 -518.968
-0.0065994456 -514.969
-0.0065992456 -520.167
-0.0065990456 -518.168
-0.0065988456 -518.968
-0.0065986456 -518.168
-0.0065984456 -519.767
-0.0065982456 -519.367
-0.0065980456 -517.768
-0.0065978456 -520.167
-0.0065976456 -515.769
-0.0065974456 -516.968
-0.0065972456 -516.569
-0.0065970456 -516.968
-0.0065968456 -518.568
-0.0065966456 -516.968
-0.0065964456 -517.768
-0.0065962456 -520.167
-0.0065960456 -516.968
-0.0065958456 -519.767
-0.0065956456 -517.368
-0.0065954456 -518.968
-0.0065952456 -518.168
-0.0065950456 -515.369
-0.0065948456 -516.169
-0.0065946456 -520.967
-0.0065944456 -515.369
-0.0065942456 -520.567
-0.0065940456 -517.368
-0.0065938456 -520.167
-0.0065936456 -516.169
-0.0065934456 -518.968
-0.0065932456 -516.569
-0.0065930456 -516.968
-0.0065928456 -520.167
-0.0065926456 -518.568
-0.0065924456 -518.168
-0.0065922456 -516.569
-0.0065920456 -517.368
-0.0065918456 -515.369
-0.0065916456 -517.368
-0.0065914456 -517.768
-0.0065912456 -517.368
-0.0065910456 -517.368
-0.0065908456 -517.768
-0.0065906456 -516.968
-0.0065904456 -515.769
-0.0065902456 -517.368
-0.0065900456 -514.969
-0.0065898456 -518.968
-0.0065896456 -515.769
-0.0065894456 -514.969
-0.0065892456 -517.768
-0.0065890456 -515.769
-0.0065888456 -516.569
-0.0065886456 -515.369
-0.0065884456 -518.568
-0.0065882456 -514.17
-0.0065880456 -517.368
-0.0065878456 -516.968
-0.0065876456 -516.169
-0.0065874456 -515.369
-0.0065872456 -518.168
-0.0065870456 -516.169
-0.0065868456 -515.769
-0.0065866456 -515.769
-0.0065864456 -516.569
-0.0065862456 -517.768
-0.0065860456 -515.769
-0.0065858456 -517.368
-0.0065856456 -517.768
-0.0065854456 -515.369
-0.0065852456 -515.369
-0.0065850456 -517.368
-0.0065848456 -517.368
-0.0065846456 -516.569
-0.0065844456 -515.369
-0.0065842456 -516.169
-0.0065840456 -515.769
-0.0065838456 -517.368
-0.0065836456 -514.569
-0.0065834456 -516.169
-0.0065832456 -514.969
-0.0065830456 -515.769
-0.0065828456 -517.768
-0.0065826456 -515.369
-0.0065824456 -515.369
-0.0065822456 -516.968
-0.0065820456 -513.77
-0.0065818456 -514.569
-0.0065816456 -516.569
-0.0065814456 -513.37
-0.0065812456 -515.769
-0.0065810456 -516.169
-0.0065808456 -517.768
-0.0065806456 -517.768
-0.0065804456 -514.969
-0.0065802456 -515.769
-0.0065800456 -516.169
-0.0065798456 -516.169
-0.0065796456 -517.368
-0.0065794456 -515.369
-0.0065792456 -517.368
-0.0065790456 -514.969
-0.0065788456 -515.769
-0.0065786456 -512.97
-0.0065784456 -517.368
-0.0065782456 -514.969
-0.0065780456 -514.17
-0.0065778456 -514.569
-0.0065776456 -514.969
-0.0065774456 -516.169
-0.0065772456 -514.969
-0.0065770456 -513.77
-0.0065768456 -514.969
-0.0065766456 -514.969
-0.0065764456 -514.17
-0.0065762456 -514.969
-0.0065760456 -517.368
-0.0065758456 -512.97
-0.0065756456 -517.768
-0.0065754456 -514.569
-0.0065752456 -516.569
-0.0065750456 -513.77
-0.0065748456 -518.168
-0.0065746456 -516.968
-0.0065744456 -513.37
-0.0065742456 -518.168
-0.0065740456 -513.77
-0.0065738456 -516.169
-0.0065736456 -513.37
-0.0065734456 -515.369
-0.0065732456 -515.769
-0.0065730456 -514.569
-0.0065728456 -512.97
-0.0065726456 -513.77
-0.0065724456 -514.569
-0.0065722456 -516.169
-0.0065720456 -514.17
-0.0065718456 -513.77
-0.0065716456 -516.169
-0.0065714456 -514.969
-0.0065712456 -515.369
-0.0065710456 -511.771
-0.0065708456 -516.169
-0.0065706456 -514.569
-0.0065704456 -512.57
-0.0065702456 -514.17
-0.0065700456 -515.369
-0.0065698456 -516.169
-0.0065696456 -514.569
-0.0065694456 -513.77
-0.0065692456 -515.369
-0.0065690456 -515.369
-0.0065688456 -512.57
-0.0065686456 -512.57
-0.0065684456 -512.57
-0.0065682456 -510.571
-0.0065680456 -513.77
-0.0065678456 -513.77
-0.0065676456 -514.969
-0.0065674456 -512.57
-0.0065672456 -515.369
-0.0065670456 -513.37
-0.0065668456 -512.97
-0.0065666456 -511.771
-0.0065664456 -513.77
-0.0065662456 -514.569
-0.0065660456 -514.17
-0.0065658456 -511.771
-0.0065656456 -511.771
-0.0065654456 -514.569
-0.0065652456 -512.97
-0.0065650456 -510.971
-0.0065648456 -512.171
-0.0065646456 -510.571
-0.0065644456 -510.171
-0.0065642456 -513.77
-0.0065640456 -510.571
-0.0065638456 -510.971
-0.0065636456 -513.37
-0.0065634456 -512.57
-0.0065632456 -512.171
-0.0065630456 -511.771
-0.0065628456 -511.371
-0.0065626456 -510.971
-0.0065624456 -511.371
-0.0065622456 -510.971
-0.0065620456 -511.771
-0.0065618456 -512.57
-0.0065616456 -512.171
-0.0065614456 -511.371
-0.0065612456 -511.371
-0.0065610456 -511.771
-0.0065608456 -510.971
-0.0065606456 -510.571
-0.0065604456 -513.77
-0.0065602456 -510.571
-0.0065600456 -511.371
-0.0065598456 -513.37
-0.0065596456 -511.371
-0.0065594456 -511.771
-0.0065592456 -510.571
-0.0065590456 -510.971
-0.0065588456 -509.372
-0.0065586456 -513.37
-0.0065584456 -510.571
-0.0065582456 -513.77
-0.0065580456 -511.371
-0.0065578456 -509.372
-0.0065576456 -510.571
-0.0065574456 -510.571
-0.0065572456 -508.972
-0.0065570456 -510.971
-0.0065568456 -510.971
-0.0065566456 -512.171
-0.0065564456 -512.57
-0.0065562456 -508.572
-0.0065560456 -511.771
-0.0065558456 -510.171
-0.0065556456 -513.77
-0.0065554456 -510.171
-0.0065552456 -514.17
-0.0065550456 -510.171
-0.0065548456 -507.773
-0.0065546456 -511.771
-0.0065544456 -510.571
-0.0065542456 -507.773
-0.0065540456 -511.771
-0.0065538456 -511.771
-0.0065536456 -508.572
-0.0065534456 -510.571
-0.0065532456 -507.773
-0.0065530456 -511.771
-0.0065528456 -510.971
-0.0065526456 -508.172
-0.0065524456 -510.971
-0.0065522456 -510.971
-0.0065520456 -510.171
-0.0065518456 -508.972
-0.0065516456 -509.772
-0.0065514456 -508.972
-0.0065512456 -511.371
-0.0065510456 -509.772
-0.0065508456 -510.971
-0.0065506456 -507.773
-0.0065504456 -509.372
-0.0065502456 -507.773
-0.0065500456 -509.372
-0.0065498456 -508.972
-0.0065496456 -508.572
-0.0065494456 -509.372
-0.0065492456 -507.373
-0.0065490456 -509.372
-0.0065488456 -506.973
-0.0065486456 -509.372
-0.0065484456 -509.772
-0.0065482456 -506.973
-0.0065480456 -508.572
-0.0065478456 -507.773
-0.0065476456 -507.373
-0.0065474456 -507.373
-0.0065472456 -509.372
-0.0065470456 -508.972
-0.0065468456 -508.572
-0.0065466456 -512.97
-0.0065464456 -505.374
-0.0065462456 -508.572
-0.0065460456 -508.972
-0.0065458456 -508.972
-0.0065456456 -508.572
-0.0065454456 -509.372
-0.0065452456 -507.773
-0.0065450456 -508.172
-0.0065448456 -508.172
-0.0065446456 -509.772
-0.0065444456 -508.972
-0.0065442456 -510.571
-0.0065440456 -510.171
-0.0065438456 -506.573
-0.0065436456 -506.573
-0.0065434456 -505.773
-0.0065432456 -509.372
-0.0065430456 -509.772
-0.0065428456 -506.573
-0.0065426456 -508.972
-0.0065424456 -510.971
-0.0065422456 -508.972
-0.0065420456 -507.373
-0.0065418456 -507.373
-0.0065416456 -510.971
-0.0065414456 -508.972
-0.0065412456 -506.173
-0.0065410456 -508.972
-0.0065408456 -511.371
-0.0065406456 -508.572
-0.0065404456 -508.172
-0.0065402456 -506.973
-0.0065400456 -507.373
-0.0065398456 -506.173
-0.0065396456 -510.171
-0.0065394456 -508.572
-0.0065392456 -506.573
-0.0065390456 -508.572
-0.0065388456 -507.373
-0.0065386456 -505.374
-0.0065384456 -507.373
-0.0065382456 -504.174
-0.0065380456 -509.372
-0.0065378456 -506.573
-0.0065376456 -507.773
-0.0065374456 -507.773
-0.0065372456 -506.573
-0.0065370456 -506.573
-0.0065368456 -506.173
-0.0065366456 -506.573
-0.0065364456 -507.373
-0.0065362456 -506.173
-0.0065360456 -506.173
-0.0065358456 -508.972
-0.0065356456 -508.972
-0.0065354456 -507.373
-0.0065352456 -506.573
-0.0065350456 -507.373
-0.0065348456 -504.174
-0.0065346456 -508.572
-0.0065344456 -507.773
-0.0065342456 -506.173
-0.0065340456 -508.172
-0.0065338456 -508.972
-0.0065336456 -510.571
-0.0065334456 -506.573
-0.0065332456 -508.572
-0.0065330456 -506.173
-0.0065328456 -506.173
-0.0065326456 -506.573
-0.0065324456 -509.372
-0.0065322456 -508.572
-0.0065320456 -508.972
-0.0065318456 -507.373
-0.0065316456 -507.373
-0.0065314456 -507.373
-0.0065312456 -507.773
-0.0065310456 -506.973
-0.0065308456 -504.574
-0.0065306456 -506.173
-0.0065304456 -506.973
-0.0065302456 -505.374
-0.0065300456 -507.773
-0.0065298456 -507.373
-0.0065296456 -506.973
-0.0065294456 -505.773
-0.0065292456 -508.972
-0.0065290456 -507.373
-0.0065288456 -507.373
-0.0065286456 -505.374
-0.0065284456 -504.574
-0.0065282456 -509.372
-0.0065280456 -508.972
-0.0065278456 -505.374
-0.0065276456 -506.573
-0.0065274456 -506.173
-0.0065272456 -505.374
-0.0065270456 -508.972
-0.0065268456 -508.172
-0.0065266456 -507.773
-0.0065264456 -505.374
-0.0065262456 -507.373
-0.0065260456 -506.173
-0.0065258456 -507.773
-0.0065256456 -506.173
-0.0065254456 -505.773
-0.0065252456 -505.773
-0.0065250456 -504.574
-0.0065248456 -507.773
-0.0065246456 -505.374
-0.0065244456 -506.973
-0.0065242456 -505.374
-0.0065240456 -504.174
-0.0065238456 -507.373
-0.0065236456 -506.173
-0.0065234456 -505.374
-0.0065232456 -505.773
-0.0065230456 -505.773
-0.0065228456 -507.373
-0.0065226456 -506.173
-0.0065224456 -505.773
-0.0065222456 -506.173
-0.0065220456 -504.974
-0.0065218456 -505.374
-0.0065216456 -506.973
-0.0065214456 -507.373
-0.0065212456 -506.173
-0.0065210456 -506.573
-0.0065208456 -504.974
-0.0065206456 -506.173
-0.0065204456 -505.374
-0.0065202456 -502.975
-0.0065200456 -505.374
-0.0065198456 -504.574
-0.0065196456 -504.974
-0.0065194456 -504.974
-0.0065192456 -506.173
-0.0065190456 -507.773
-0.0065188456 -506.973
-0.0065186456 -504.974
-0.0065184456 -508.972
-0.0065182456 -507.373
-0.0065180456 -507.373
-0.0065178456 -504.574
-0.0065176456 -505.374
-0.0065174456 -504.974
-0.0065172456 -504.174
-0.0065170456 -504.974
-0.0065168456 -507.773
-0.0065166456 -503.774
-0.0065164456 -507.373
-0.0065162456 -504.574
-0.0065160456 -505.773
-0.0065158456 -503.774
-0.0065156456 -505.374
-0.0065154456 -505.773
-0.0065152456 -505.374
-0.0065150456 -504.974
-0.0065148456 -504.574
-0.0065146456 -507.773
-0.0065144456 -505.773
-0.0065142456 -503.774
-0.0065140456 -505.374
-0.0065138456 -504.974
-0.0065136456 -505.374
-0.0065134456 -507.373
-0.0065132456 -505.374
-0.0065130456 -505.773
-0.0065128456 -505.374
-0.0065126456 -503.774
-0.0065124456 -505.374
-0.0065122456 -506.573
-0.0065120456 -502.975
-0.0065118456 -506.973
-0.0065116456 -505.773
-0.0065114456 -504.974
-0.0065112456 -504.574
-0.0065110456 -504.174
-0.0065108456 -504.574
-0.0065106456 -504.574
-0.0065104456 -504.974
-0.0065102456 -504.574
-0.0065100456 -502.175
-0.0065098456 -502.575
-0.0065096456 -503.774
-0.0065094456 -505.374
-0.0065092456 -503.774
-0.0065090456 -502.575
-0.0065088456 -503.774
-0.0065086456 -503.374
-0.0065084456 -506.173
-0.0065082456 -504.974
-0.0065080456 -502.175
-0.0065078456 -503.774
-0.0065076456 -504.174
-0.0065074456 -501.375
-0.0065072456 -504.574
-0.0065070456 -503.374
-0.0065068456 -501.775
-0.0065066456 -502.575
-0.0065064456 -503.774
-0.0065062456 -504.974
-0.0065060456 -503.774
-0.0065058456 -506.173
-0.0065056456 -503.374
-0.0065054456 -504.574
-0.0065052456 -504.974
-0.0065050456 -504.574
-0.0065048456 -504.974
-0.0065046456 -505.773
-0.0065044456 -502.575
-0.0065042456 -502.175
-0.0065040456 -504.174
-0.0065038456 -502.175
-0.0065036456 -502.575
-0.0065034456 -503.374
-0.0065032456 -502.175
-0.0065030456 -504.174
-0.0065028456 -503.374
-0.0065026456 -505.773
-0.0065024456 -503.774
-0.0065022456 -501.375
-0.0065020456 -504.174
-0.0065018456 -503.774
-0.0065016456 -503.774
-0.0065014456 -506.173
-0.0065012456 -503.774
-0.0065010456 -505.773
-0.0065008456 -504.174
-0.0065006456 -502.575
-0.0065004456 -502.575
-0.0065002456 -500.976
-0.0065000456 -506.173
-0.0064998456 -504.974
-0.0064996456 -503.774
-0.0064994456 -503.374
-0.0064992456 -501.375
-0.0064990456 -503.774
-0.0064988456 -504.174
-0.0064986456 -502.575
-0.0064984456 -505.773
-0.0064982456 -504.974
-0.0064980456 -502.175
-0.0064978456 -504.574
-0.0064976456 -501.775
-0.0064974456 -505.773
-0.0064972456 -503.374
-0.0064970456 -502.975
-0.0064968456 -502.175
-0.0064966456 -500.576
-0.0064964456 -501.775
-0.0064962456 -502.975
-0.0064960456 -502.175
-0.0064958456 -501.375
-0.0064956456 -504.974
-0.0064954456 -504.574
-0.0064952456 -503.374
-0.0064950456 -502.175
-0.0064948456 -499.776
-0.0064946456 -504.574
-0.0064944456 -503.774
-0.0064942456 -503.374
-0.0064940456 -502.575
-0.0064938456 -506.573
-0.0064936456 -503.374
-0.0064934456 -504.974
-0.0064932456 -503.374
-0.0064930456 -501.775
-0.0064928456 -504.174
-0.0064926456 -503.774
-0.0064924456 -503.374
-0.0064922456 -503.774
-0.0064920456 -502.575
-0.0064918456 -501.775
-0.0064916456 -502.975
-0.0064914456 -503.374
-0.0064912456 -502.175
-0.0064910456 -505.374
-0.0064908456 -504.574
-0.0064906456 -501.375
-0.0064904456 -501.375
-0.0064902456 -503.774
-0.0064900456 -502.975
-0.0064898456 -500.976
-0.0064896456 -505.773
-0.0064894456 -506.173
-0.0064892456 -502.975
-0.0064890456 -504.974
-0.0064888456 -504.174
-0.0064886456 -502.975
-0.0064884456 -501.775
-0.0064882456 -504.574
-0.0064880456 -502.975
-0.0064878456 -503.774
-0.0064876456 -504.974
-0.0064874456 -502.175
-0.0064872456 -505.773
-0.0064870456 -503.374
-0.0064868456 -503.374
-0.0064866456 -503.774
-0.0064864456 -502.975
-0.0064862456 -504.574
-0.0064860456 -504.574
-0.0064858456 -502.975
-0.0064856456 -506.173
-0.0064854456 -504.974
-0.0064852456 -506.573
-0.0064850456 -504.174
-0.0064848456 -500.976
-0.0064846456 -504.174
-0.0064844456 -503.374
-0.0064842456 -507.373
-0.0064840456 -505.374
-0.0064838456 -503.774
-0.0064836456 -504.174
-0.0064834456 -505.773
-0.0064832456 -501.375
-0.0064830456 -503.774
-0.0064828456 -504.974
-0.0064826456 -505.374
-0.0064824456 -505.374
-0.0064822456 -504.974
-0.0064820456 -504.974
-0.0064818456 -503.774
-0.0064816456 -504.574
-0.0064814456 -504.974
-0.0064812456 -505.374
-0.0064810456 -504.174
-0.0064808456 -504.174
-0.0064806456 -502.975
-0.0064804456 -505.374
-0.0064802456 -506.573
-0.0064800456 -504.974
-0.0064798456 -502.975
-0.0064796456 -503.374
-0.0064794456 -502.175
-0.0064792456 -505.374
-0.0064790456 -505.773
-0.0064788456 -505.374
-0.0064786456 -504.974
-0.0064784456 -506.173
-0.0064782456 -503.374
-0.0064780456 -503.774
-0.0064778456 -505.773
-0.0064776456 -503.374
-0.0064774456 -508.572
-0.0064772456 -507.773
-0.0064770456 -506.573
-0.0064768456 -506.173
-0.0064766456 -504.174
-0.0064764456 -503.774
-0.0064762456 -504.574
-0.0064760456 -504.574
-0.0064758456 -503.774
-0.0064756456 -505.374
-0.0064754456 -504.974
-0.0064752456 -507.373
-0.0064750456 -502.975
-0.0064748456 -504.574
-0.0064746456 -504.974
-0.0064744456 -506.973
-0.0064742456 -503.374
-0.0064740456 -506.173
-0.0064738456 -505.374
-0.0064736456 -504.174
-0.0064734456 -504.574
-0.0064732456 -504.574
-0.0064730456 -506.173
-0.0064728456 -505.773
-0.0064726456 -503.774
-0.0064724456 -505.374
-0.0064722456 -508.172
-0.0064720456 -506.173
-0.0064718456 -506.173
-0.0064716456 -503.374
-0.0064714456 -504.174
-0.0064712456 -504.574
-0.0064710456 -504.174
-0.0064708456 -504.174
-0.0064706456 -504.574
-0.0064704456 -505.374
-0.0064702456 -503.774
-0.0064700456 -503.774
-0.0064698456 -504.574
-0.0064696456 -503.774
-0.0064694456 -506.973
-0.0064692456 -504.574
-0.0064690456 -506.973
-0.0064688456 -505.374
-0.0064686456 -504.574
-0.0064684456 -507.373
-0.0064682456 -504.174
-0.0064680456 -505.773
-0.0064678456 -502.975
-0.0064676456 -504.574
-0.0064674456 -505.374
-0.0064672456 -503.774
-0.0064670456 -503.374
-0.0064668456 -506.173
-0.0064666456 -504.574
-0.0064664456 -501.775
-0.0064662456 -500.576
-0.0064660456 -505.374
-0.0064658456 -503.774
-0.0064656456 -503.774
-0.0064654456 -504.574
-0.0064652456 -506.173
-0.0064650456 -502.975
-0.0064648456 -505.773
-0.0064646456 -505.374
-0.0064644456 -503.774
-0.0064642456 -508.172
-0.0064640456 -504.174
-0.0064638456 -506.173
-0.0064636456 -506.173
-0.0064634456 -503.374
-0.0064632456 -505.374
-0.0064630456 -504.574
-0.0064628456 -505.374
-0.0064626456 -506.573
-0.0064624456 -502.575
-0.0064622456 -504.574
-0.0064620456 -505.374
-0.0064618456 -509.372
-0.0064616456 -504.574
-0.0064614456 -505.773
-0.0064612456 -503.374
-0.0064610456 -506.173
-0.0064608456 -506.173
-0.0064606456 -505.773
-0.0064604456 -504.174
-0.0064602456 -502.975
-0.0064600456 -507.373
-0.0064598456 -504.574
-0.0064596456 -505.773
-0.0064594456 -503.374
-0.0064592456 -502.975
-0.0064590456 -504.974
-0.0064588456 -504.574
-0.0064586456 -504.174
-0.0064584456 -503.374
-0.0064582456 -503.374
-0.0064580456 -507.773
-0.0064578456 -505.773
-0.0064576456 -503.374
-0.0064574456 -502.975
-0.0064572456 -502.975
-0.0064570456 -503.374
-0.0064568456 -503.374
-0.0064566456 -505.374
-0.0064564456 -505.374
-0.0064562456 -504.974
-0.0064560456 -503.774
-0.0064558456 -502.575
-0.0064556456 -505.374
-0.0064554456 -505.773
-0.0064552456 -506.973
-0.0064550456 -504.974
-0.0064548456 -506.173
-0.0064546456 -502.975
-0.0064544456 -504.574
-0.0064542456 -504.174
-0.0064540456 -506.573
-0.0064538456 -503.374
-0.0064536456 -505.374
-0.0064534456 -503.774
-0.0064532456 -505.374
-0.0064530456 -504.574
-0.0064528456 -502.975
-0.0064526456 -504.974
-0.0064524456 -505.773
-0.0064522456 -505.374
-0.0064520456 -506.173
-0.0064518456 -504.974
-0.0064516456 -502.975
-0.0064514456 -506.173
-0.0064512456 -505.374
-0.0064510456 -503.374
-0.0064508456 -504.574
-0.0064506456 -504.574
-0.0064504456 -504.174
-0.0064502456 -504.174
-0.0064500456 -506.973
-0.0064498456 -506.573
-0.0064496456 -505.773
-0.0064494456 -504.174
-0.0064492456 -508.972
-0.0064490456 -504.974
-0.0064488456 -504.574
-0.0064486456 -508.172
-0.0064484456 -505.374
-0.0064482456 -504.574
-0.0064480456 -504.574
-0.0064478456 -503.374
-0.0064476456 -506.173
-0.0064474456 -508.572
-0.0064472456 -507.773
-0.0064470456 -505.374
-0.0064468456 -506.173
-0.0064466456 -504.974
-0.0064464456 -503.774
-0.0064462456 -510.171
-0.0064460456 -507.773
-0.0064458456 -502.575
-0.0064456456 -506.173
-0.0064454456 -508.172
-0.0064452456 -506.573
-0.0064450456 -505.374
-0.0064448456 -505.773
-0.0064446456 -506.173
-0.0064444456 -505.773
-0.0064442456 -507.373
-0.0064440456 -506.173
-0.0064438456 -508.172
-0.0064436456 -508.572
-0.0064434456 -506.973
-0.0064432456 -508.972
-0.0064430456 -508.972
-0.0064428456 -509.372
-0.0064426456 -505.773
-0.0064424456 -505.773
-0.0064422456 -506.973
-0.0064420456 -505.374
-0.0064418456 -506.173
-0.0064416456 -505.773
-0.0064414456 -508.572
-0.0064412456 -505.773
-0.0064410456 -507.773
-0.0064408456 -507.773
-0.0064406456 -505.773
-0.0064404456 -510.571
-0.0064402456 -503.374
-0.0064400456 -507.373
-0.0064398456 -504.174
-0.0064396456 -508.172
-0.0064394456 -506.173
-0.0064392456 -506.573
-0.0064390456 -506.573
-0.0064388456 -508.172
-0.0064386456 -508.572
-0.0064384456 -507.373
-0.0064382456 -507.773
-0.0064380456 -506.573
-0.0064378456 -507.373
-0.0064376456 -508.972
-0.0064374456 -507.373
-0.0064372456 -505.374
-0.0064370456 -510.971
-0.0064368456 -508.172
-0.0064366456 -509.372
-0.0064364456 -508.972
-0.0064362456 -509.772
-0.0064360456 -504.574
-0.0064358456 -505.773
-0.0064356456 -507.373
-0.0064354456 -506.573
-0.0064352456 -508.172
-0.0064350456 -509.772
-0.0064348456 -510.571
-0.0064346456 -507.773
-0.0064344456 -508.972
-0.0064342456 -506.173
-0.0064340456 -508.172
-0.0064338456 -507.773
-0.0064336456 -508.972
-0.0064334456 -507.373
-0.0064332456 -507.773
-0.0064330456 -510.571
-0.0064328456 -507.773
-0.0064326456 -507.373
-0.0064324456 -510.971
-0.0064322456 -508.572
-0.0064320456 -512.171
-0.0064318456 -508.572
-0.0064316456 -509.372
-0.0064314456 -506.973
-0.0064312456 -511.371
-0.0064310456 -511.771
-0.0064308456 -508.972
-0.0064306456 -509.372
-0.0064304456 -507.773
-0.0064302456 -509.772
-0.0064300456 -510.171
-0.0064298456 -511.771
-0.0064296456 -510.971
-0.0064294456 -508.972
-0.0064292456 -510.971
-0.0064290456 -509.772
-0.0064288456 -512.97
-0.0064286456 -508.572
-0.0064284456 -509.772
-0.0064282456 -511.371
-0.0064280456 -511.371
-0.0064278456 -509.772
-0.0064276456 -513.37
-0.0064274456 -511.771
-0.0064272456 -510.171
-0.0064270456 -513.77
-0.0064268456 -511.371
-0.0064266456 -511.371
-0.0064264456 -511.771
-0.0064262456 -511.771
-0.0064260456 -510.171
-0.0064258456 -507.373
-0.0064256456 -512.57
-0.0064254456 -513.77
-0.0064252456 -512.171
-0.0064250456 -510.971
-0.0064248456 -511.371
-0.0064246456 -510.971
-0.0064244456 -512.171
-0.0064242456 -511.371
-0.0064240456 -510.971
-0.0064238456 -512.57
-0.0064236456 -513.77
-0.0064234456 -513.77
-0.0064232456 -512.57
-0.0064230456 -514.569
-0.0064228456 -513.37
-0.0064226456 -512.57
-0.0064224456 -512.171
-0.0064222456 -513.37
-0.0064220456 -510.971
-0.0064218456 -511.771
-0.0064216456 -512.57
-0.0064214456 -510.571
-0.0064212456 -512.57
-0.0064210456 -511.371
-0.0064208456 -510.971
-0.0064206456 -514.969
-0.0064204456 -512.97
-0.0064202456 -511.371
-0.0064200456 -511.771
-0.0064198456 -514.569
-0.0064196456 -512.57
-0.0064194456 -510.971
-0.0064192456 -510.571
-0.0064190456 -512.97
-0.0064188456 -512.57
-0.0064186456 -510.971
-0.0064184456 -512.57
-0.0064182456 -511.771
-0.0064180456 -512.57
-0.0064178456 -512.171
-0.0064176456 -512.57
-0.0064174456 -514.569
-0.0064172456 -512.97
-0.0064170456 -512.171
-0.0064168456 -511.371
-0.0064166456 -512.57
-0.0064164456 -512.171
-0.0064162456 -514.969
-0.0064160456 -515.369
-0.0064158456 -510.171
-0.0064156456 -513.77
-0.0064154456 -512.171
-0.0064152456 -514.969
-0.0064150456 -514.969
-0.0064148456 -513.37
-0.0064146456 -511.771
-0.0064144456 -512.57
-0.0064142456 -511.771
-0.0064140456 -514.17
-0.0064138456 -512.171
-0.0064136456 -513.77
-0.0064134456 -514.569
-0.0064132456 -514.569
-0.0064130456 -515.769
-0.0064128456 -516.169
-0.0064126456 -514.969
-0.0064124456 -515.369
-0.0064122456 -513.77
-0.0064120456 -515.769
-0.0064118456 -514.17
-0.0064116456 -515.369
-0.0064114456 -515.369
-0.0064112456 -512.97
-0.0064110456 -511.771
-0.0064108456 -514.17
-0.0064106456 -513.77
-0.0064104456 -515.369
-0.0064102456 -512.97
-0.0064100456 -514.17
-0.0064098456 -514.969
-0.0064096456 -514.17
-0.0064094456 -516.169
-0.0064092456 -514.569
-0.0064090456 -514.969
-0.0064088456 -512.171
-0.0064086456 -513.37
-0.0064084456 -515.369
-0.0064082456 -515.369
-0.0064080456 -516.169
-0.0064078456 -516.569
-0.0064076456 -515.769
-0.0064074456 -512.57
-0.0064072456 -513.37
-0.0064070456 -516.169
-0.0064068456 -514.569
-0.0064066456 -514.969
-0.0064064456 -514.969
-0.0064062456 -514.17
-0.0064060456 -511.771
-0.0064058456 -514.969
-0.0064056456 -512.57
-0.0064054456 -512.97
-0.0064052456 -517.368
-0.0064050456 -514.969
-0.0064048456 -512.171
-0.0064046456 -516.169
-0.0064044456 -514.969
-0.0064042456 -514.569
-0.0064040456 -515.369
-0.0064038456 -516.968
-0.0064036456 -514.569
-0.0064034456 -514.969
-0.0064032456 -516.569
-0.0064030456 -514.17
-0.0064028456 -515.369
-0.0064026456 -514.969
-0.0064024456 -515.769
-0.0064022456 -515.369
-0.0064020456 -515.769
-0.0064018456 -516.169
-0.0064016456 -515.369
-0.0064014456 -516.968
-0.0064012456 -515.769
-0.0064010456 -518.568
-0.0064008456 -517.768
-0.0064006456 -517.368
-0.0064004456 -515.369
-0.0064002456 -515.769
-0.0064000456 -517.368
-0.0063998456 -516.169
-0.0063996456 -516.569
-0.0063994456 -514.969
-0.0063992456 -515.369
-0.0063990456 -516.169
-0.0063988456 -514.17
-0.0063986456 -516.569
-0.0063984456 -514.569
-0.0063982456 -517.368
-0.0063980456 -516.569
-0.0063978456 -515.769
-0.0063976456 -516.968
-0.0063974456 -517.368
-0.0063972456 -514.969
-0.0063970456 -516.968
-0.0063968456 -516.169
-0.0063966456 -515.769
-0.0063964456 -514.17
-0.0063962456 -516.569
-0.0063960456 -515.369
-0.0063958456 -515.769
-0.0063956456 -513.37
-0.0063954456 -518.968
-0.0063952456 -514.969
-0.0063950456 -515.369
-0.0063948456 -516.169
-0.0063946456 -515.769
-0.0063944456 -516.169
-0.0063942456 -516.169
-0.0063940456 -515.769
-0.0063938456 -515.769
-0.0063936456 -517.768
-0.0063934456 -515.369
-0.0063932456 -515.369
-0.0063930456 -517.368
-0.0063928456 -517.368
-0.0063926456 -515.769
-0.0063924456 -517.768
-0.0063922456 -517.768
-0.0063920456 -518.968
-0.0063918456 -519.367
-0.0063916456 -516.169
-0.0063914456 -516.968
-0.0063912456 -515.769
-0.0063910456 -514.17
-0.0063908456 -518.568
-0.0063906456 -515.769
-0.0063904456 -515.769
-0.0063902456 -515.769
-0.0063900456 -514.969
-0.0063898456 -518.968
-0.0063896456 -518.168
-0.0063894456 -519.367
-0.0063892456 -518.568
-0.0063890456 -516.569
-0.0063888456 -519.367
-0.0063886456 -517.368
-0.0063884456 -519.367
-0.0063882456 -516.169
-0.0063880456 -517.368
-0.0063878456 -518.968
-0.0063876456 -516.968
-0.0063874456 -515.369
-0.0063872456 -515.769
-0.0063870456 -518.568
-0.0063868456 -518.168
-0.0063866456 -515.769
-0.0063864456 -518.168
-0.0063862456 -517.368
-0.0063860456 -516.968
-0.0063858456 -519.367
-0.0063856456 -516.169
-0.0063854456 -517.368
-0.0063852456 -518.568
-0.0063850456 -518.168
-0.0063848456 -519.367
-0.0063846456 -517.768
-0.0063844456 -516.569
-0.0063842456 -518.568
-0.0063840456 -518.168
-0.0063838456 -519.367
-0.0063836456 -515.769
-0.0063834456 -518.568
-0.0063832456 -519.367
-0.0063830456 -521.366
-0.0063828456 -515.769
-0.0063826456 -517.768
-0.0063824456 -515.769
-0.0063822456 -518.168
-0.0063820456 -519.767
-0.0063818456 -520.167
-0.0063816456 -520.167
-0.0063814456 -516.968
-0.0063812456 -520.567
-0.0063810456 -519.367
-0.0063808456 -519.367
-0.0063806456 -518.968
-0.0063804456 -517.768
-0.0063802456 -518.568
-0.0063800456 -519.367
-0.0063798456 -517.768
-0.0063796456 -519.367
-0.0063794456 -517.368
-0.0063792456 -519.767
-0.0063790456 -518.968
-0.0063788456 -519.367
-0.0063786456 -518.568
-0.0063784456 -516.968
-0.0063782456 -518.968
-0.0063780456 -516.968
-0.0063778456 -519.767
-0.0063776456 -521.366
-0.0063774456 -520.967
-0.0063772456 -519.367
-0.0063770456 -518.968
-0.0063768456 -519.767
-0.0063766456 -515.769
-0.0063764456 -519.767
-0.0063762456 -519.367
-0.0063760456 -517.768
-0.0063758456 -519.367
-0.0063756456 -520.167
-0.0063754456 -518.168
-0.0063752456 -519.767
-0.0063750456 -520.167
-0.0063748456 -516.569
-0.0063746456 -518.568
-0.0063744456 -518.568
-0.0063742456 -520.167
-0.0063740456 -516.569
-0.0063738456 -520.167
-0.0063736456 -520.967
-0.0063734456 -519.767
-0.0063732456 -520.167
-0.0063730456 -519.367
-0.0063728456 -520.167
-0.0063726456 -518.168
-0.0063724456 -518.568
-0.0063722456 -520.967
-0.0063720456 -518.968
-0.0063718456 -519.767
-0.0063716456 -517.368
-0.0063714456 -517.768
-0.0063712456 -518.968
-0.0063710456 -519.767
-0.0063708456 -518.568
-0.0063706456 -520.967
-0.0063704456 -520.167
-0.0063702456 -519.367
-0.0063700456 -519.367
-0.0063698456 -518.168
-0.0063696456 -519.367
-0.0063694456 -519.767
-0.0063692456 -520.567
-0.0063690456 -520.167
-0.0063688456 -518.568
-0.0063686456 -519.767
-0.0063684456 -522.166
-0.0063682456 -520.967
-0.0063680456 -518.968
-0.0063678456 -520.567
-0.0063676456 -522.566
-0.0063674456 -520.967
-0.0063672456 -521.366
-0.0063670456 -518.568
-0.0063668456 -522.166
-0.0063666456 -520.567
-0.0063664456 -522.966
-0.0063662456 -520.167
-0.0063660456 -521.366
-0.0063658456 -521.366
-0.0063656456 -519.767
-0.0063654456 -521.366
-0.0063652456 -520.967
-0.0063650456 -521.366
-0.0063648456 -522.566
-0.0063646456 -521.766
-0.0063644456 -520.567
-0.0063642456 -522.166
-0.0063640456 -521.766
-0.0063638456 -521.366
-0.0063636456 -521.766
-0.0063634456 -522.166
-0.0063632456 -521.766
-0.0063630456 -523.765
-0.0063628456 -522.966
-0.0063626456 -520.567
-0.0063624456 -522.966
-0.0063622456 -520.967
-0.0063620456 -523.765
-0.0063618456 -521.766
-0.0063616456 -522.966
-0.0063614456 -522.566
-0.0063612456 -524.165
-0.0063610456 -523.366
-0.0063608456 -524.165
-0.0063606456 -521.766
-0.0063604456 -523.366
-0.0063602456 -523.765
-0.0063600456 -523.765
-0.0063598456 -523.765
-0.0063596456 -521.366
-0.0063594456 -520.567
-0.0063592456 -524.965
-0.0063590456 -523.765
-0.0063588456 -522.166
-0.0063586456 -522.166
-0.0063584456 -521.766
-0.0063582456 -521.766
-0.0063580456 -521.366
-0.0063578456 -524.965
-0.0063576456 -523.366
-0.0063574456 -522.966
-0.0063572456 -523.765
-0.0063570456 -523.765
-0.0063568456 -523.366
-0.0063566456 -520.967
-0.0063564456 -526.564
-0.0063562456 -522.966
-0.0063560456 -524.965
-0.0063558456 -521.366
-0.0063556456 -521.766
-0.0063554456 -523.366
-0.0063552456 -522.566
-0.0063550456 -523.765
-0.0063548456 -524.165
-0.0063546456 -522.566
-0.0063544456 -523.366
-0.0063542456 -520.567
-0.0063540456 -524.965
-0.0063538456 -523.366
-0.0063536456 -524.565
-0.0063534456 -522.566
-0.0063532456 -523.765
-0.0063530456 -522.966
-0.0063528456 -523.366
-0.0063526456 -523.366
-0.0063524456 -522.166
-0.0063522456 -523.765
-0.0063520456 -523.366
-0.0063518456 -521.366
-0.0063516456 -522.966
-0.0063514456 -523.366
-0.0063512456 -522.566
-0.0063510456 -524.565
-0.0063508456 -524.965
-0.0063506456 -522.166
-0.0063504456 -522.966
-0.0063502456 -523.765
-0.0063500456 -524.965
-0.0063498456 -524.965
-0.0063496456 -523.765
-0.0063494456 -524.165
-0.0063492456 -524.565
-0.0063490456 -523.765
-0.0063488456 -524.565
-0.0063486456 -524.565
-0.0063484456 -523.366
-0.0063482456 -521.366
-0.0063480456 -522.966
-0.0063478456 -522.966
-0.0063476456 -524.965
-0.0063474456 -523.366
-0.0063472456 -524.165
-0.0063470456 -523.765
-0.0063468456 -524.965
-0.0063466456 -524.165
-0.0063464456 -522.566
-0.0063462456 -524.165
-0.0063460456 -523.765
-0.0063458456 -523.366
-0.0063456456 -526.164
-0.0063454456 -523.366
-0.0063452456 -522.166
-0.0063450456 -524.965
-0.0063448456 -522.166
-0.0063446456 -524.565
-0.0063444456 -525.365
-0.0063442456 -525.365
-0.0063440456 -526.164
-0.0063438456 -522.566
-0.0063436456 -526.564
-0.0063434456 -526.164
-0.0063432456 -523.366
-0.0063430456 -522.966
-0.0063428456 -523.765
-0.0063426456 -524.965
-0.0063424456 -525.764
-0.0063422456 -521.766
-0.0063420456 -522.166
-0.0063418456 -524.165
-0.0063416456 -524.565
-0.0063414456 -522.966
-0.0063412456 -523.366
-0.0063410456 -524.965
-0.0063408456 -522.966
-0.0063406456 -523.366
-0.0063404456 -522.966
-0.0063402456 -522.166
-0.0063400456 -524.565
-0.0063398456 -524.965
-0.0063396456 -523.366
-0.0063394456 -522.966
-0.0063392456 -522.566
-0.0063390456 -522.966
-0.0063388456 -524.565
-0.0063386456 -524.565
-0.0063384456 -526.164
-0.0063382456 -524.165
-0.0063380456 -524.965
-0.0063378456 -522.966
-0.0063376456 -523.366
-0.0063374456 -524.565
-0.0063372456 -526.164
-0.0063370456 -524.565
-0.0063368456 -525.764
-0.0063366456 -526.164
-0.0063364456 -524.965
-0.0063362456 -524.565
-0.0063360456 -527.364
-0.0063358456 -525.365
-0.0063356456 -525.764
-0.0063354456 -528.163
-0.0063352456 -525.764
-0.0063350456 -525.365
-0.0063348456 -525.365
-0.0063346456 -522.966
-0.0063344456 -524.565
-0.0063342456 -526.964
-0.0063340456 -525.764
-0.0063338456 -523.765
-0.0063336456 -526.564
-0.0063334456 -526.164
-0.0063332456 -526.564
-0.0063330456 -525.764
-0.0063328456 -524.565
-0.0063326456 -525.764
-0.0063324456 -525.365
-0.0063322456 -524.565
-0.0063320456 -526.964
-0.0063318456 -525.365
-0.0063316456 -527.764
-0.0063314456 -524.565
-0.0063312456 -524.165
-0.0063310456 -525.764
-0.0063308456 -528.963
-0.0063306456 -526.164
-0.0063304456 -525.764
-0.0063302456 -522.966
-0.0063300456 -524.965
-0.0063298456 -528.163
-0.0063296456 -528.563
-0.0063294456 -524.565
-0.0063292456 -526.564
-0.0063290456 -526.964
-0.0063288456 -527.764
-0.0063286456 -525.764
-0.0063284456 -526.164
-0.0063282456 -522.166
-0.0063280456 -526.164
-0.0063278456 -528.563
-0.0063276456 -524.565
-0.0063274456 -524.565
-0.0063272456 -526.164
-0.0063270456 -523.366
-0.0063268456 -529.363
-0.0063266456 -524.965
-0.0063264456 -527.764
-0.0063262456 -526.564
-0.0063260456 -526.964
-0.0063258456 -528.563
-0.0063256456 -524.565
-0.0063254456 -525.365
-0.0063252456 -526.164
-0.0063250456 -527.364
-0.0063248456 -525.764
-0.0063246456 -524.565
-0.0063244456 -526.964
-0.0063242456 -523.765
-0.0063240456 -525.764
-0.0063238456 -526.164
-0.0063236456 -525.764
-0.0063234456 -526.564
-0.0063232456 -526.964
-0.0063230456 -526.964
-0.0063228456 -524.965
-0.0063226456 -524.565
-0.0063224456 -527.764
-0.0063222456 -530.162
-0.0063220456 -528.163
-0.0063218456 -525.764
-0.0063216456 -527.764
-0.0063214456 -525.764
-0.0063212456 -527.364
-0.0063210456 -528.963
-0.0063208456 -524.565
-0.0063206456 -524.965
-0.0063204456 -530.962
-0.0063202456 -524.965
-0.0063200456 -528.563
-0.0063198456 -527.364
-0.0063196456 -527.764
-0.0063194456 -528.963
-0.0063192456 -526.164
-0.0063190456 -524.165
-0.0063188456 -524.165
-0.0063186456 -526.564
-0.0063184456 -527.364
-0.0063182456 -528.963
-0.0063180456 -528.963
-0.0063178456 -528.563
-0.0063176456 -525.365
-0.0063174456 -525.365
-0.0063172456 -527.764
-0.0063170456 -526.964
-0.0063168456 -527.764
-0.0063166456 -528.563
-0.0063164456 -528.563
-0.0063162456 -527.764
-0.0063160456 -528.163
-0.0063158456 -528.163
-0.0063156456 -526.964
-0.0063154456 -525.365
-0.0063152456 -526.564
-0.0063150456 -524.965
-0.0063148456 -528.163
-0.0063146456 -528.163
-0.0063144456 -529.763
-0.0063142456 -524.965
-0.0063140456 -528.163
-0.0063138456 -525.365
-0.0063136456 -526.164
-0.0063134456 -527.364
-0.0063132456 -526.964
-0.0063130456 -529.363
-0.0063128456 -528.563
-0.0063126456 -526.964
-0.0063124456 -528.163
-0.0063122456 -528.163
-0.0063120456 -528.963
-0.0063118456 -525.764
-0.0063116456 -525.764
-0.0063114456 -528.163
-0.0063112456 -527.764
-0.0063110456 -530.162
-0.0063108456 -527.764
-0.0063106456 -526.964
-0.0063104456 -530.162
-0.0063102456 -526.964
-0.0063100456 -527.764
-0.0063098456 -527.764
-0.0063096456 -529.763
-0.0063094456 -528.563
-0.0063092456 -525.365
-0.0063090456 -526.964
-0.0063088456 -528.963
-0.0063086456 -529.763
-0.0063084456 -526.564
-0.0063082456 -528.563
-0.0063080456 -528.163
-0.0063078456 -526.564
-0.0063076456 -527.764
-0.0063074456 -530.962
-0.0063072456 -527.764
-0.0063070456 -529.363
-0.0063068456 -526.964
-0.0063066456 -529.363
-0.0063064456 -528.163
-0.0063062456 -526.564
-0.0063060456 -529.363
-0.0063058456 -526.964
-0.0063056456 -526.564
-0.0063054456 -529.363
-0.0063052456 -530.162
-0.0063050456 -526.964
-0.0063048456 -529.363
-0.0063046456 -528.963
-0.0063044456 -528.563
-0.0063042456 -528.563
-0.0063040456 -528.163
-0.0063038456 -530.162
-0.0063036456 -527.364
-0.0063034456 -530.562
-0.0063032456 -531.362
-0.0063030456 -529.763
-0.0063028456 -528.963
-0.0063026456 -525.365
-0.0063024456 -527.764
-0.0063022456 -527.364
-0.0063020456 -527.364
-0.0063018456 -526.564
-0.0063016456 -528.963
-0.0063014456 -527.364
-0.0063012456 -526.964
-0.0063010456 -525.764
-0.0063008456 -528.563
-0.0063006456 -531.762
-0.0063004456 -526.964
-0.0063002456 -526.964
-0.0063000456 -528.963
-0.0062998456 -526.964
-0.0062996456 -526.164
-0.0062994456 -527.364
-0.0062992456 -526.964
-0.0062990456 -528.963
-0.0062988456 -529.763
-0.0062986456 -528.563
-0.0062984456 -526.564
-0.0062982456 -526.564
-0.0062980456 -528.563
-0.0062978456 -528.163
-0.0062976456 -526.164
-0.0062974456 -524.965
-0.0062972456 -528.563
-0.0062970456 -526.964
-0.0062968456 -528.163
-0.0062966456 -525.764
-0.0062964456 -527.764
-0.0062962456 -528.163
-0.0062960456 -528.163
-0.0062958456 -526.164
-0.0062956456 -527.764
-0.0062954456 -528.163
-0.0062952456 -526.564
-0.0062950456 -528.563
-0.0062948456 -528.963
-0.0062946456 -527.364
-0.0062944456 -524.565
-0.0062942456 -528.963
-0.0062940456 -526.564
-0.0062938456 -527.764
-0.0062936456 -528.963
-0.0062934456 -530.562
-0.0062932456 -530.162
-0.0062930456 -526.564
-0.0062928456 -528.563
-0.0062926456 -524.165
-0.0062924456 -528.563
-0.0062922456 -530.162
-0.0062920456 -526.564
-0.0062918456 -530.962
-0.0062916456 -525.365
-0.0062914456 -526.964
-0.0062912456 -527.764
-0.0062910456 -528.563
-0.0062908456 -526.964
-0.0062906456 -527.364
-0.0062904456 -527.364
-0.0062902456 -526.964
-0.0062900456 -531.362
-0.0062898456 -528.163
-0.0062896456 -527.364
-0.0062894456 -527.364
-0.0062892456 -526.964
-0.0062890456 -528.163
-0.0062888456 -527.764
-0.0062886456 -526.964
-0.0062884456 -530.162
-0.0062882456 -531.362
-0.0062880456 -529.363
-0.0062878456 -529.763
-0.0062876456 -528.563
-0.0062874456 -532.561
-0.0062872456 -531.762
-0.0062870456 -528.163
-0.0062868456 -530.162
-0.0062866456 -528.963
-0.0062864456 -527.364
-0.0062862456 -529.363
-0.0062860456 -529.363
-0.0062858456 -526.964
-0.0062856456 -527.764
-0.0062854456 -527.364
-0.0062852456 -530.962
-0.0062850456 -527.364
-0.0062848456 -529.363
-0.0062846456 -526.164
-0.0062844456 -527.364
-0.0062842456 -530.162
-0.0062840456 -528.963
-0.0062838456 -527.764
-0.0062836456 -528.563
-0.0062834456 -528.963
-0.0062832456 -528.563
-0.0062830456 -527.364
-0.0062828456 -527.364
-0.0062826456 -526.964
-0.0062824456 -529.763
-0.0062822456 -528.563
-0.0062820456 -528.963
-0.0062818456 -530.562
-0.0062816456 -529.763
-0.0062814456 -528.163
-0.0062812456 -528.163
-0.0062810456 -530.162
-0.0062808456 -529.363
-0.0062806456 -530.162
-0.0062804456 -526.564
-0.0062802456 -528.963
-0.0062800456 -526.564
-0.0062798456 -526.964
-0.0062796456 -529.363
-0.0062794456 -528.963
-0.0062792456 -529.763
-0.0062790456 -529.363
-0.0062788456 -525.764
-0.0062786456 -528.163
-0.0062784456 -526.164
-0.0062782456 -526.164
-0.0062780456 -528.163
-0.0062778456 -528.963
-0.0062776456 -529.363
-0.0062774456 -524.565
-0.0062772456 -528.963
-0.0062770456 -530.162
-0.0062768456 -528.563
-0.0062766456 -529.363
-0.0062764456 -525.764
-0.0062762456 -527.364
-0.0062760456 -528.163
-0.0062758456 -527.364
-0.0062756456 -526.164
-0.0062754456 -528.163
-0.0062752456 -527.364
-0.0062750456 -528.563
-0.0062748456 -528.963
-0.0062746456 -527.764
-0.0062744456 -528.563
-0.0062742456 -528.963
-0.0062740456 -530.562
-0.0062738456 -529.363
-0.0062736456 -529.363
-0.0062734456 -526.564
-0.0062732456 -527.364
-0.0062730456 -527.364
-0.0062728456 -528.963
-0.0062726456 -532.162
-0.0062724456 -524.565
-0.0062722456 -529.363
-0.0062720456 -528.563
-0.0062718456 -527.364
-0.0062716456 -528.563
-0.0062714456 -528.163
-0.0062712456 -530.962
-0.0062710456 -526.164
-0.0062708456 -527.364
-0.0062706456 -527.764
-0.0062704456 -529.363
-0.0062702456 -528.963
-0.0062700456 -529.763
-0.0062698456 -530.562
-0.0062696456 -528.563
-0.0062694456 -528.563
-0.0062692456 -529.763
-0.0062690456 -526.964
-0.0062688456 -528.563
-0.0062686456 -527.764
-0.0062684456 -529.363
-0.0062682456 -530.162
-0.0062680456 -527.764
-0.0062678456 -529.763
-0.0062676456 -527.364
-0.0062674456 -525.764
-0.0062672456 -529.363
-0.0062670456 -528.963
-0.0062668456 -529.763
-0.0062666456 -527.764
-0.0062664456 -526.564
-0.0062662456 -530.962
-0.0062660456 -529.763
-0.0062658456 -527.364
-0.0062656456 -528.163
-0.0062654456 -528.563
-0.0062652456 -526.964
-0.0062650456 -526.964
-0.0062648456 -529.363
-0.0062646456 -528.163
-0.0062644456 -527.364
-0.0062642456 -528.963
-0.0062640456 -525.764
-0.0062638456 -526.164
-0.0062636456 -529.763
-0.0062634456 -524.965
-0.0062632456 -527.764
-0.0062630456 -527.364
-0.0062628456 -527.364
-0.0062626456 -529.363
-0.0062624456 -528.163
-0.0062622456 -528.963
-0.0062620456 -527.764
-0.0062618456 -528.163
-0.0062616456 -527.764
-0.0062614456 -528.963
-0.0062612456 -528.163
-0.0062610456 -528.563
-0.0062608456 -526.964
-0.0062606456 -527.364
-0.0062604456 -527.364
-0.0062602456 -526.964
-0.0062600456 -527.764
-0.0062598456 -527.764
-0.0062596456 -526.964
-0.0062594456 -529.363
-0.0062592456 -529.363
-0.0062590456 -527.364
-0.0062588456 -527.364
-0.0062586456 -525.365
-0.0062584456 -524.565
-0.0062582456 -528.563
-0.0062580456 -528.163
-0.0062578456 -528.163
-0.0062576456 -526.164
-0.0062574456 -528.163
-0.0062572456 -527.364
-0.0062570456 -526.564
-0.0062568456 -527.364
-0.0062566456 -526.164
-0.0062564456 -527.764
-0.0062562456 -525.764
-0.0062560456 -526.964
-0.0062558456 -524.165
-0.0062556456 -526.964
-0.0062554456 -524.165
-0.0062552456 -529.763
-0.0062550456 -527.764
-0.0062548456 -528.163
-0.0062546456 -526.964
-0.0062544456 -530.562
-0.0062542456 -525.365
-0.0062540456 -524.165
-0.0062538456 -526.564
-0.0062536456 -527.364
-0.0062534456 -525.365
-0.0062532456 -523.765
-0.0062530456 -526.964
-0.0062528456 -527.364
-0.0062526456 -526.564
-0.0062524456 -523.366
-0.0062522456 -526.964
-0.0062520456 -528.563
-0.0062518456 -530.962
-0.0062516456 -525.365
-0.0062514456 -525.764
-0.0062512456 -525.764
-0.0062510456 -526.964
-0.0062508456 -522.966
-0.0062506456 -524.565
-0.0062504456 -526.564
-0.0062502456 -528.163
-0.0062500456 -526.964
-0.0062498456 -526.564
-0.0062496456 -526.164
-0.0062494456 -526.964
-0.0062492456 -524.965
-0.0062490456 -525.365
-0.0062488456 -524.165
-0.0062486456 -523.765
-0.0062484456 -526.164
-0.0062482456 -526.964
-0.0062480456 -523.765
-0.0062478456 -525.365
-0.0062476456 -526.564
-0.0062474456 -528.163
-0.0062472456 -526.564
-0.0062470456 -524.965
-0.0062468456 -526.164
-0.0062466456 -523.366
-0.0062464456 -527.764
-0.0062462456 -529.763
-0.0062460456 -524.965
-0.0062458456 -523.765
-0.0062456456 -527.364
-0.0062454456 -525.764
-0.0062452456 -525.365
-0.0062450456 -526.964
-0.0062448456 -528.563
-0.0062446456 -526.164
-0.0062444456 -527.764
-0.0062442456 -528.563
-0.0062440456 -527.364
-0.0062438456 -528.163
-0.0062436456 -526.564
-0.0062434456 -524.965
-0.0062432456 -526.964
-0.0062430456 -526.164
-0.0062428456 -525.365
-0.0062426456 -526.964
-0.0062424456 -527.364
-0.0062422456 -525.764
-0.0062420456 -524.965
-0.0062418456 -527.364
-0.0062416456 -526.564
-0.0062414456 -526.964
-0.0062412456 -526.964
-0.0062410456 -525.764
-0.0062408456 -525.365
-0.0062406456 -526.164
-0.0062404456 -523.765
-0.0062402456 -526.164
-0.0062400456 -528.163
-0.0062398456 -526.564
-0.0062396456 -526.964
-0.0062394456 -524.965
-0.0062392456 -526.564
-0.0062390456 -526.964
-0.0062388456 -527.764
-0.0062386456 -525.764
-0.0062384456 -526.164
-0.0062382456 -526.164
-0.0062380456 -524.165
-0.0062378456 -526.964
-0.0062376456 -525.365
-0.0062374456 -526.564
-0.0062372456 -529.763
-0.0062370456 -526.564
-0.0062368456 -525.764
-0.0062366456 -527.364
-0.0062364456 -526.964
-0.0062362456 -525.764
-0.0062360456 -526.164
-0.0062358456 -527.364
-0.0062356456 -525.764
-0.0062354456 -526.164
-0.0062352456 -526.564
-0.0062350456 -523.765
-0.0062348456 -528.563
-0.0062346456 -526.564
-0.0062344456 -528.163
-0.0062342456 -526.564
-0.0062340456 -528.163
-0.0062338456 -526.164
-0.0062336456 -524.965
-0.0062334456 -524.565
-0.0062332456 -525.764
-0.0062330456 -525.764
-0.0062328456 -529.763
-0.0062326456 -524.565
-0.0062324456 -525.365
-0.0062322456 -526.964
-0.0062320456 -528.163
-0.0062318456 -526.964
-0.0062316456 -524.565
-0.0062314456 -525.764
-0.0062312456 -525.365
-0.0062310456 -525.365
-0.0062308456 -525.764
-0.0062306456 -528.163
-0.0062304456 -528.563
-0.0062302456 -524.965
-0.0062300456 -527.364
-0.0062298456 -525.764
-0.0062296456 -526.164
-0.0062294456 -524.565
-0.0062292456 -526.164
-0.0062290456 -529.763
-0.0062288456 -529.763
-0.0062286456 -528.563
-0.0062284456 -527.764
-0.0062282456 -527.364
-0.0062280456 -527.764
-0.0062278456 -528.563
-0.0062276456 -527.764
-0.0062274456 -526.164
-0.0062272456 -524.565
-0.0062270456 -526.964
-0.0062268456 -527.364
-0.0062266456 -525.764
-0.0062264456 -527.364
-0.0062262456 -527.364
-0.0062260456 -526.564
-0.0062258456 -526.964
-0.0062256456 -527.364
-0.0062254456 -527.364
-0.0062252456 -526.164
-0.0062250456 -527.364
-0.0062248456 -526.564
-0.0062246456 -526.164
-0.0062244456 -526.164
-0.0062242456 -525.365
-0.0062240456 -527.364
-0.0062238456 -525.365
-0.0062236456 -526.964
-0.0062234456 -526.964
-0.0062232456 -526.964
-0.0062230456 -526.564
-0.0062228456 -524.965
-0.0062226456 -524.565
-0.0062224456 -525.365
-0.0062222456 -528.563
-0.0062220456 -525.764
-0.0062218456 -526.164
-0.0062216456 -523.765
-0.0062214456 -525.365
-0.0062212456 -527.364
-0.0062210456 -525.764
-0.0062208456 -524.965
-0.0062206456 -528.163
-0.0062204456 -524.565
-0.0062202456 -526.164
-0.0062200456 -526.164
-0.0062198456 -524.165
-0.0062196456 -528.163
-0.0062194456 -525.365
-0.0062192456 -528.163
-0.0062190456 -523.366
-0.0062188456 -526.964
-0.0062186456 -527.364
-0.0062184456 -527.364
-0.0062182456 -526.964
-0.0062180456 -528.963
-0.0062178456 -526.964
-0.0062176456 -526.564
-0.0062174456 -526.564
-0.0062172456 -524.965
-0.0062170456 -525.365
-0.0062168456 -526.964
-0.0062166456 -524.565
-0.0062164456 -525.764
-0.0062162456 -526.164
-0.0062160456 -526.964
-0.0062158456 -526.564
-0.0062156456 -525.764
-0.0062154456 -525.764
-0.0062152456 -526.564
-0.0062150456 -525.365
-0.0062148456 -526.564
-0.0062146456 -526.564
-0.0062144456 -525.365
-0.0062142456 -527.764
-0.0062140456 -528.563
-0.0062138456 -526.564
-0.0062136456 -528.963
-0.0062134456 -525.365
-0.0062132456 -526.564
-0.0062130456 -526.564
-0.0062128456 -523.366
-0.0062126456 -524.565
-0.0062124456 -525.365
-0.0062122456 -526.564
-0.0062120456 -525.764
-0.0062118456 -525.365
-0.0062116456 -527.364
-0.0062114456 -523.366
-0.0062112456 -527.364
-0.0062110456 -525.365
-0.0062108456 -525.764
-0.0062106456 -528.963
-0.0062104456 -525.764
-0.0062102456 -526.164
-0.0062100456 -524.965
-0.0062098456 -526.564
-0.0062096456 -524.565
-0.0062094456 -527.364
-0.0062092456 -524.965
-0.0062090456 -526.964
-0.0062088456 -525.365
-0.0062086456 -525.365
-0.0062084456 -528.563
-0.0062082456 -526.164
-0.0062080456 -523.366
-0.0062078456 -526.964
-0.0062076456 -525.365
-0.0062074456 -523.765
-0.0062072456 -526.564
-0.0062070456 -524.565
-0.0062068456 -525.365
-0.0062066456 -524.965
-0.0062064456 -526.164
-0.0062062456 -524.965
-0.0062060456 -524.565
-0.0062058456 -525.365
-0.0062056456 -525.764
-0.0062054456 -525.365
-0.0062052456 -524.965
-0.0062050456 -524.165
-0.0062048456 -524.965
-0.0062046456 -524.565
-0.0062044456 -525.365
-0.0062042456 -523.765
-0.0062040456 -528.963
-0.0062038456 -524.165
-0.0062036456 -524.965
-0.0062034456 -524.965
-0.0062032456 -525.764
-0.0062030456 -526.164
-0.0062028456 -522.166
-0.0062026456 -524.965
-0.0062024456 -522.966
-0.0062022456 -523.366
-0.0062020456 -523.765
-0.0062018456 -528.563
-0.0062016456 -527.364
-0.0062014456 -526.564
-0.0062012456 -524.965
-0.0062010456 -525.365
-0.0062008456 -528.163
-0.0062006456 -525.764
-0.0062004456 -522.966
-0.0062002456 -526.164
-0.0062000456 -523.765
-0.0061998456 -525.365
-0.0061996456 -525.365
-0.0061994456 -524.165
-0.0061992456 -523.765
-0.0061990456 -524.165
-0.0061988456 -528.163
-0.0061986456 -523.366
-0.0061984456 -526.564
-0.0061982456 -522.166
-0.0061980456 -524.965
-0.0061978456 -526.164
-0.0061976456 -527.764
-0.0061974456 -526.164
-0.0061972456 -526.964
-0.0061970456 -526.164
-0.0061968456 -525.365
-0.0061966456 -523.366
-0.0061964456 -527.764
-0.0061962456 -522.966
-0.0061960456 -522.966
-0.0061958456 -527.764
-0.0061956456 -526.564
-0.0061954456 -527.364
-0.0061952456 -525.764
-0.0061950456 -525.365
-0.0061948456 -525.365
-0.0061946456 -524.165
-0.0061944456 -525.365
-0.0061942456 -524.565
-0.0061940456 -525.764
-0.0061938456 -524.165
-0.0061936456 -526.164
-0.0061934456 -523.765
-0.0061932456 -522.966
-0.0061930456 -524.965
-0.0061928456 -524.565
-0.0061926456 -523.366
-0.0061924456 -520.567
-0.0061922456 -522.966
-0.0061920456 -524.565
-0.0061918456 -521.366
-0.0061916456 -525.365
-0.0061914456 -524.565
-0.0061912456 -523.366
-0.0061910456 -522.966
-0.0061908456 -523.765
-0.0061906456 -525.365
-0.0061904456 -526.564
-0.0061902456 -525.365
-0.0061900456 -523.765
-0.0061898456 -528.563
-0.0061896456 -522.166
-0.0061894456 -524.965
-0.0061892456 -522.966
-0.0061890456 -522.966
-0.0061888456 -524.565
-0.0061886456 -525.764
-0.0061884456 -527.364
-0.0061882456 -526.164
-0.0061880456 -524.165
-0.0061878456 -522.966
-0.0061876456 -524.165
-0.0061874456 -528.963
-0.0061872456 -525.764
-0.0061870456 -526.564
-0.0061868456 -526.964
-0.0061866456 -527.364
-0.0061864456 -522.966
-0.0061862456 -526.164
-0.0061860456 -526.564
-0.0061858456 -526.964
-0.0061856456 -526.964
-0.0061854456 -522.566
-0.0061852456 -523.366
-0.0061850456 -522.966
-0.0061848456 -524.565
-0.0061846456 -525.764
-0.0061844456 -526.564
-0.0061842456 -526.164
-0.0061840456 -523.765
-0.0061838456 -526.564
-0.0061836456 -528.163
-0.0061834456 -525.365
-0.0061832456 -524.965
-0.0061830456 -523.366
-0.0061828456 -528.563
-0.0061826456 -525.764
-0.0061824456 -525.365
-0.0061822456 -524.165
-0.0061820456 -526.164
-0.0061818456 -524.965
-0.0061816456 -523.366
-0.0061814456 -524.965
-0.0061812456 -523.366
-0.0061810456 -523.765
-0.0061808456 -525.764
-0.0061806456 -524.165
-0.0061804456 -524.565
-0.0061802456 -523.765
-0.0061800456 -525.365
-0.0061798456 -522.966
-0.0061796456 -523.366
-0.0061794456 -525.764
-0.0061792456 -524.165
-0.0061790456 -525.365
-0.0061788456 -524.165
-0.0061786456 -524.565
-0.0061784456 -524.165
-0.0061782456 -524.965
-0.0061780456 -524.965
-0.0061778456 -520.567
-0.0061776456 -523.765
-0.0061774456 -521.766
-0.0061772456 -522.166
-0.0061770456 -523.765
-0.0061768456 -525.365
-0.0061766456 -525.764
-0.0061764456 -525.764
-0.0061762456 -528.163
-0.0061760456 -525.365
-0.0061758456 -524.565
-0.0061756456 -526.564
-0.0061754456 -525.365
-0.0061752456 -526.964
-0.0061750456 -526.564
-0.0061748456 -523.366
-0.0061746456 -526.964
-0.0061744456 -524.565
-0.0061742456 -525.365
-0.0061740456 -526.164
-0.0061738456 -525.365
-0.0061736456 -522.966
-0.0061734456 -523.765
-0.0061732456 -525.764
-0.0061730456 -523.765
-0.0061728456 -525.365
-0.0061726456 -523.366
-0.0061724456 -525.365
-0.0061722456 -525.365
-0.0061720456 -524.965
-0.0061718456 -525.365
-0.0061716456 -524.965
-0.0061714456 -522.566
-0.0061712456 -524.165
-0.0061710456 -520.967
-0.0061708456 -524.565
-0.0061706456 -522.966
-0.0061704456 -523.366
-0.0061702456 -525.764
-0.0061700456 -524.965
-0.0061698456 -526.164
-0.0061696456 -524.965
-0.0061694456 -526.164
-0.0061692456 -526.164
-0.0061690456 -525.365
-0.0061688456 -525.764
-0.0061686456 -524.165
-0.0061684456 -522.966
-0.0061682456 -525.764
-0.0061680456 -523.765
-0.0061678456 -521.766
-0.0061676456 -523.765
-0.0061674456 -523.366
-0.0061672456 -524.165
-0.0061670456 -523.366
-0.0061668456 -523.765
-0.0061666456 -525.365
-0.0061664456 -523.366
-0.0061662456 -525.365
-0.0061660456 -523.765
-0.0061658456 -522.166
-0.0061656456 -520.567
-0.0061654456 -524.165
-0.0061652456 -522.966
-0.0061650456 -523.366
-0.0061648456 -526.164
-0.0061646456 -522.166
-0.0061644456 -524.965
-0.0061642456 -525.764
-0.0061640456 -521.766
-0.0061638456 -524.965
-0.0061636456 -522.166
-0.0061634456 -524.565
-0.0061632456 -520.967
-0.0061630456 -523.765
-0.0061628456 -522.966
-0.0061626456 -522.166
-0.0061624456 -524.165
-0.0061622456 -523.366
-0.0061620456 -522.566
-0.0061618456 -525.365
-0.0061616456 -525.365
-0.0061614456 -524.965
-0.0061612456 -525.365
-0.0061610456 -523.366
-0.0061608456 -524.165
-0.0061606456 -524.165
-0.0061604456 -521.766
-0.0061602456 -523.765
-0.0061600456 -524.565
-0.0061598456 -523.366
-0.0061596456 -522.166
-0.0061594456 -522.166
-0.0061592456 -526.564
-0.0061590456 -522.166
-0.0061588456 -520.567
-0.0061586456 -521.766
-0.0061584456 -522.966
-0.0061582456 -523.366
-0.0061580456 -522.966
-0.0061578456 -522.166
-0.0061576456 -523.765
-0.0061574456 -522.966
-0.0061572456 -523.765
-0.0061570456 -523.366
-0.0061568456 -522.966
-0.0061566456 -525.365
-0.0061564456 -522.966
-0.0061562456 -524.965
-0.0061560456 -523.765
-0.0061558456 -524.165
-0.0061556456 -522.966
-0.0061554456 -522.166
-0.0061552456 -522.966
-0.0061550456 -526.164
-0.0061548456 -524.565
-0.0061546456 -522.166
-0.0061544456 -520.167
-0.0061542456 -523.765
-0.0061540456 -523.765
-0.0061538456 -523.765
-0.0061536456 -523.366
-0.0061534456 -525.365
-0.0061532456 -522.166
-0.0061530456 -523.366
-0.0061528456 -524.165
-0.0061526456 -523.366
-0.0061524456 -523.765
-0.0061522456 -524.565
-0.0061520456 -525.365
-0.0061518456 -522.166
-0.0061516456 -525.365
-0.0061514456 -524.965
-0.0061512456 -522.566
-0.0061510456 -523.765
-0.0061508456 -522.966
-0.0061506456 -521.766
-0.0061504456 -522.166
-0.0061502456 -522.966
-0.0061500456 -523.366
-0.0061498456 -522.966
-0.0061496456 -523.765
-0.0061494456 -524.165
-0.0061492456 -522.966
-0.0061490456 -524.165
-0.0061488456 -521.366
-0.0061486456 -523.366
-0.0061484456 -522.166
-0.0061482456 -522.566
-0.0061480456 -522.566
-0.0061478456 -521.766
-0.0061476456 -522.966
-0.0061474456 -523.366
-0.0061472456 -523.765
-0.0061470456 -521.766
-0.0061468456 -521.366
-0.0061466456 -521.366
-0.0061464456 -520.967
-0.0061462456 -520.967
-0.0061460456 -524.165
-0.0061458456 -523.765
-0.0061456456 -522.966
-0.0061454456 -522.966
-0.0061452456 -522.566
-0.0061450456 -523.366
-0.0061448456 -520.967
-0.0061446456 -523.366
-0.0061444456 -522.566
-0.0061442456 -523.765
-0.0061440456 -523.765
-0.0061438456 -522.166
-0.0061436456 -524.165
-0.0061434456 -522.166
-0.0061432456 -521.766
-0.0061430456 -523.765
-0.0061428456 -522.166
-0.0061426456 -522.966
-0.0061424456 -523.366
-0.0061422456 -522.566
-0.0061420456 -522.166
-0.0061418456 -520.567
-0.0061416456 -524.965
-0.0061414456 -525.365
-0.0061412456 -523.765
-0.0061410456 -524.565
-0.0061408456 -524.565
-0.0061406456 -523.366
-0.0061404456 -524.965
-0.0061402456 -524.565
-0.0061400456 -522.166
-0.0061398456 -524.565
-0.0061396456 -521.766
-0.0061394456 -524.165
-0.0061392456 -525.764
-0.0061390456 -524.165
-0.0061388456 -523.765
-0.0061386456 -522.566
-0.0061384456 -522.166
-0.0061382456 -524.565
-0.0061380456 -522.966
-0.0061378456 -524.565
-0.0061376456 -522.566
-0.0061374456 -523.366
-0.0061372456 -520.967
-0.0061370456 -522.966
-0.0061368456 -523.366
-0.0061366456 -522.966
-0.0061364456 -522.166
-0.0061362456 -523.366
-0.0061360456 -522.166
-0.0061358456 -522.166
-0.0061356456 -521.766
-0.0061354456 -524.565
-0.0061352456 -523.765
-0.0061350456 -521.766
-0.0061348456 -521.766
-0.0061346456 -522.566
-0.0061344456 -522.166
-0.0061342456 -520.967
-0.0061340456 -522.166
-0.0061338456 -524.165
-0.0061336456 -521.366
-0.0061334456 -522.966
-0.0061332456 -524.565
-0.0061330456 -523.765
-0.0061328456 -520.967
-0.0061326456 -522.566
-0.0061324456 -522.166
-0.0061322456 -522.566
-0.0061320456 -523.765
-0.0061318456 -522.566
-0.0061316456 -524.165
-0.0061314456 -522.166
-0.0061312456 -523.765
-0.0061310456 -521.766
-0.0061308456 -521.766
-0.0061306456 -521.366
-0.0061304456 -522.566
-0.0061302456 -523.366
-0.0061300456 -522.566
-0.0061298456 -525.764
-0.0061296456 -523.765
-0.0061294456 -526.164
-0.0061292456 -521.766
-0.0061290456 -523.765
-0.0061288456 -522.966
-0.0061286456 -524.965
-0.0061284456 -521.366
-0.0061282456 -523.366
-0.0061280456 -524.165
-0.0061278456 -523.366
-0.0061276456 -526.164
-0.0061274456 -524.165
-0.0061272456 -520.967
-0.0061270456 -521.766
-0.0061268456 -522.966
-0.0061266456 -522.566
-0.0061264456 -520.967
-0.0061262456 -524.165
-0.0061260456 -522.566
-0.0061258456 -522.166
-0.0061256456 -521.766
-0.0061254456 -521.366
-0.0061252456 -522.166
-0.0061250456 -525.365
-0.0061248456 -522.566
-0.0061246456 -522.166
-0.0061244456 -521.766
-0.0061242456 -522.966
-0.0061240456 -525.365
-0.0061238456 -520.567
-0.0061236456 -522.566
-0.0061234456 -519.767
-0.0061232456 -522.966
-0.0061230456 -523.765
-0.0061228456 -521.766
-0.0061226456 -526.164
-0.0061224456 -520.167
-0.0061222456 -520.967
-0.0061220456 -523.366
-0.0061218456 -522.966
-0.0061216456 -524.565
-0.0061214456 -522.166
-0.0061212456 -519.767
-0.0061210456 -520.167
-0.0061208456 -521.766
-0.0061206456 -520.167
-0.0061204456 -524.565
-0.0061202456 -522.566
-0.0061200456 -521.766
-0.0061198456 -521.766
-0.0061196456 -520.167
-0.0061194456 -520.567
-0.0061192456 -519.367
-0.0061190456 -520.167
-0.0061188456 -519.767
-0.0061186456 -521.366
-0.0061184456 -520.567
-0.0061182456 -519.367
-0.0061180456 -521.766
-0.0061178456 -522.566
-0.0061176456 -520.967
-0.0061174456 -520.167
-0.0061172456 -524.565
-0.0061170456 -523.765
-0.0061168456 -523.366
-0.0061166456 -522.166
-0.0061164456 -520.567
-0.0061162456 -520.567
-0.0061160456 -520.967
-0.0061158456 -522.566
-0.0061156456 -522.166
-0.0061154456 -522.566
-0.0061152456 -520.967
-0.0061150456 -520.567
-0.0061148456 -522.166
-0.0061146456 -521.766
-0.0061144456 -520.567
-0.0061142456 -520.967
-0.0061140456 -524.165
-0.0061138456 -520.567
-0.0061136456 -520.967
-0.0061134456 -521.366
-0.0061132456 -524.165
-0.0061130456 -522.166
-0.0061128456 -524.165
-0.0061126456 -522.566
-0.0061124456 -522.966
-0.0061122456 -522.166
-0.0061120456 -523.366
-0.0061118456 -522.566
-0.0061116456 -520.967
-0.0061114456 -521.766
-0.0061112456 -520.567
-0.0061110456 -522.966
-0.0061108456 -518.968
-0.0061106456 -520.567
-0.0061104456 -522.566
-0.0061102456 -520.567
-0.0061100456 -523.366
-0.0061098456 -519.767
-0.0061096456 -520.567
-0.0061094456 -520.167
-0.0061092456 -520.967
-0.0061090456 -519.767
-0.0061088456 -521.366
-0.0061086456 -523.765
-0.0061084456 -520.967
-0.0061082456 -519.367
-0.0061080456 -521.766
-0.0061078456 -520.567
-0.0061076456 -522.166
-0.0061074456 -524.565
-0.0061072456 -521.766
-0.0061070456 -521.766
-0.0061068456 -519.767
-0.0061066456 -517.768
-0.0061064456 -520.967
-0.0061062456 -522.566
-0.0061060456 -520.567
-0.0061058456 -522.166
-0.0061056456 -521.366
-0.0061054456 -518.968
-0.0061052456 -518.568
-0.0061050456 -520.167
-0.0061048456 -519.767
-0.0061046456 -518.568
-0.0061044456 -520.967
-0.0061042456 -519.367
-0.0061040456 -519.767
-0.0061038456 -520.167
-0.0061036456 -518.168
-0.0061034456 -520.167
-0.0061032456 -520.567
-0.0061030456 -519.767
-0.0061028456 -519.767
-0.0061026456 -521.766
-0.0061024456 -521.366
-0.0061022456 -518.968
-0.0061020456 -519.767
-0.0061018456 -520.967
-0.0061016456 -519.767
-0.0061014456 -520.567
-0.0061012456 -522.566
-0.0061010456 -517.768
-0.0061008456 -521.766
-0.0061006456 -520.967
-0.0061004456 -518.168
-0.0061002456 -520.167
-0.0061000456 -520.167
-0.0060998456 -519.367
-0.0060996456 -518.968
-0.0060994456 -517.368
-0.0060992456 -520.567
-0.0060990456 -516.968
-0.0060988456 -517.368
-0.0060986456 -517.368
-0.0060984456 -520.967
-0.0060982456 -520.967
-0.0060980456 -520.167
-0.0060978456 -520.167
-0.0060976456 -520.967
-0.0060974456 -520.167
-0.0060972456 -517.768
-0.0060970456 -518.968
-0.0060968456 -520.567
-0.0060966456 -520.567
-0.0060964456 -518.568
-0.0060962456 -518.968
-0.0060960456 -519.767
-0.0060958456 -516.968
-0.0060956456 -518.968
-0.0060954456 -520.567
-0.0060952456 -517.368
-0.0060950456 -519.367
-0.0060948456 -521.766
-0.0060946456 -518.168
-0.0060944456 -520.567
-0.0060942456 -518.568
-0.0060940456 -519.367
-0.0060938456 -516.569
-0.0060936456 -520.967
-0.0060934456 -518.968
-0.0060932456 -518.968
-0.0060930456 -519.367
-0.0060928456 -520.167
-0.0060926456 -519.767
-0.0060924456 -518.168
-0.0060922456 -517.368
-0.0060920456 -519.367
-0.0060918456 -520.967
-0.0060916456 -518.568
-0.0060914456 -521.366
-0.0060912456 -518.968
-0.0060910456 -518.168
-0.0060908456 -520.167
-0.0060906456 -521.366
-0.0060904456 -520.167
-0.0060902456 -520.567
-0.0060900456 -520.567
-0.0060898456 -520.167
-0.0060896456 -518.568
-0.0060894456 -519.767
-0.0060892456 -519.767
-0.0060890456 -519.767
-0.0060888456 -519.767
-0.0060886456 -520.167
-0.0060884456 -520.167
-0.0060882456 -520.167
-0.0060880456 -522.166
-0.0060878456 -520.567
-0.0060876456 -521.766
-0.0060874456 -518.968
-0.0060872456 -520.167
-0.0060870456 -519.367
-0.0060868456 -519.367
-0.0060866456 -517.768
-0.0060864456 -520.167
-0.0060862456 -520.167
-0.0060860456 -523.366
-0.0060858456 -519.367
-0.0060856456 -520.167
-0.0060854456 -519.767
-0.0060852456 -519.367
-0.0060850456 -518.968
-0.0060848456 -519.767
-0.0060846456 -518.968
-0.0060844456 -520.567
-0.0060842456 -518.968
-0.0060840456 -519.367
-0.0060838456 -520.967
-0.0060836456 -520.167
-0.0060834456 -520.967
-0.0060832456 -518.168
-0.0060830456 -521.766
-0.0060828456 -517.768
-0.0060826456 -519.767
-0.0060824456 -519.767
-0.0060822456 -518.968
-0.0060820456 -518.568
-0.0060818456 -521.366
-0.0060816456 -519.767
-0.0060814456 -521.766
-0.0060812456 -520.967
-0.0060810456 -519.767
-0.0060808456 -521.766
-0.0060806456 -518.968
-0.0060804456 -520.967
-0.0060802456 -518.568
-0.0060800456 -518.568
-0.0060798456 -518.968
-0.0060796456 -520.967
-0.0060794456 -520.167
-0.0060792456 -518.168
-0.0060790456 -519.367
-0.0060788456 -521.766
-0.0060786456 -518.968
-0.0060784456 -518.568
-0.0060782456 -518.568
-0.0060780456 -519.367
-0.0060778456 -518.968
-0.0060776456 -517.368
-0.0060774456 -519.767
-0.0060772456 -519.367
-0.0060770456 -515.769
-0.0060768456 -517.768
-0.0060766456 -519.367
-0.0060764456 -518.968
-0.0060762456 -517.768
-0.0060760456 -518.568
-0.0060758456 -516.968
-0.0060756456 -517.768
-0.0060754456 -519.767
-0.0060752456 -517.768
-0.0060750456 -517.368
-0.0060748456 -521.366
-0.0060746456 -520.567
-0.0060744456 -517.368
-0.0060742456 -518.168
-0.0060740456 -519.767
-0.0060738456 -518.968
-0.0060736456 -520.167
-0.0060734456 -518.168
-0.0060732456 -518.968
-0.0060730456 -518.568
-0.0060728456 -519.367
-0.0060726456 -517.368
-0.0060724456 -518.568
-0.0060722456 -522.166
-0.0060720456 -520.167
-0.0060718456 -519.767
-0.0060716456 -518.168
-0.0060714456 -520.567
-0.0060712456 -518.568
-0.0060710456 -519.767
-0.0060708456 -520.167
-0.0060706456 -519.367
-0.0060704456 -519.367
-0.0060702456 -519.767
-0.0060700456 -518.968
-0.0060698456 -517.368
-0.0060696456 -518.968
-0.0060694456 -521.366
-0.0060692456 -520.567
-0.0060690456 -517.768
-0.0060688456 -518.568
-0.0060686456 -520.567
-0.0060684456 -519.367
-0.0060682456 -520.967
-0.0060680456 -520.167
-0.0060678456 -519.367
-0.0060676456 -518.968
-0.0060674456 -519.767
-0.0060672456 -520.567
-0.0060670456 -519.767
-0.0060668456 -520.167
-0.0060666456 -520.567
-0.0060664456 -520.967
-0.0060662456 -518.168
-0.0060660456 -516.569
-0.0060658456 -517.368
-0.0060656456 -518.568
-0.0060654456 -520.167
-0.0060652456 -519.767
-0.0060650456 -520.167
-0.0060648456 -519.767
-0.0060646456 -520.567
-0.0060644456 -518.968
-0.0060642456 -521.366
-0.0060640456 -520.167
-0.0060638456 -520.567
-0.0060636456 -518.168
-0.0060634456 -519.367
-0.0060632456 -519.767
-0.0060630456 -515.769
-0.0060628456 -520.167
-0.0060626456 -519.767
-0.0060624456 -519.367
-0.0060622456 -519.767
-0.0060620456 -520.167
-0.0060618456 -518.168
-0.0060616456 -518.968
-0.0060614456 -517.368
-0.0060612456 -520.567
-0.0060610456 -521.766
-0.0060608456 -517.768
-0.0060606456 -519.767
-0.0060604456 -519.367
-0.0060602456 -519.367
-0.0060600456 -520.167
-0.0060598456 -519.767
-0.0060596456 -520.167
-0.0060594456 -518.168
-0.0060592456 -520.567
-0.0060590456 -520.967
-0.0060588456 -520.567
-0.0060586456 -520.167
-0.0060584456 -518.568
-0.0060582456 -519.367
-0.0060580456 -517.768
-0.0060578456 -517.368
-0.0060576456 -518.968
-0.0060574456 -519.367
-0.0060572456 -519.367
-0.0060570456 -518.968
-0.0060568456 -518.168
-0.0060566456 -520.167
-0.0060564456 -517.368
-0.0060562456 -518.968
-0.0060560456 -519.767
-0.0060558456 -520.167
-0.0060556456 -519.367
-0.0060554456 -518.168
-0.0060552456 -516.169
-0.0060550456 -520.167
-0.0060548456 -518.968
-0.0060546456 -518.168
-0.0060544456 -518.168
-0.0060542456 -518.168
-0.0060540456 -516.569
-0.0060538456 -518.968
-0.0060536456 -518.568
-0.0060534456 -518.968
-0.0060532456 -517.368
-0.0060530456 -516.968
-0.0060528456 -521.366
-0.0060526456 -518.968
-0.0060524456 -520.167
-0.0060522456 -517.768
-0.0060520456 -521.366
-0.0060518456 -517.768
-0.0060516456 -519.767
-0.0060514456 -517.768
-0.0060512456 -519.367
-0.0060510456 -519.767
-0.0060508456 -518.168
-0.0060506456 -520.567
-0.0060504456 -518.968
-0.0060502456 -515.769
-0.0060500456 -518.168
-0.0060498456 -517.768
-0.0060496456 -517.768
-0.0060494456 -516.169
-0.0060492456 -520.167
-0.0060490456 -517.768
-0.0060488456 -518.968
-0.0060486456 -518.568
-0.0060484456 -518.568
-0.0060482456 -520.567
-0.0060480456 -518.168
-0.0060478456 -517.768
-0.0060476456 -518.568
-0.0060474456 -518.968
-0.0060472456 -519.367
-0.0060470456 -518.568
-0.0060468456 -516.968
-0.0060466456 -518.968
-0.0060464456 -516.569
-0.0060462456 -518.568
-0.0060460456 -519.767
-0.0060458456 -518.968
-0.0060456456 -516.968
-0.0060454456 -519.767
-0.0060452456 -518.968
-0.0060450456 -519.367
-0.0060448456 -518.568
-0.0060446456 -517.768
-0.0060444456 -518.168
-0.0060442456 -519.767
-0.0060440456 -516.968
-0.0060438456 -520.167
-0.0060436456 -516.968
-0.0060434456 -516.569
-0.0060432456 -519.767
-0.0060430456 -520.967
-0.0060428456 -520.967
-0.0060426456 -518.968
-0.0060424456 -519.367
-0.0060422456 -521.366
-0.0060420456 -518.968
-0.0060418456 -520.167
-0.0060416456 -516.968
-0.0060414456 -517.368
-0.0060412456 -516.569
-0.0060410456 -518.568
-0.0060408456 -518.168
-0.0060406456 -517.368
-0.0060404456 -518.968
-0.0060402456 -519.767
-0.0060400456 -516.169
-0.0060398456 -516.968
-0.0060396456 -516.169
-0.0060394456 -518.568
-0.0060392456 -521.366
-0.0060390456 -518.568
-0.0060388456 -518.568
-0.0060386456 -518.968
-0.0060384456 -519.367
-0.0060382456 -516.968
-0.0060380456 -519.767
-0.0060378456 -517.768
-0.0060376456 -517.768
-0.0060374456 -518.168
-0.0060372456 -518.168
-0.0060370456 -518.168
-0.0060368456 -520.167
-0.0060366456 -519.367
-0.0060364456 -519.767
-0.0060362456 -518.168
-0.0060360456 -520.567
-0.0060358456 -519.767
-0.0060356456 -517.768
-0.0060354456 -517.368
-0.0060352456 -520.567
-0.0060350456 -517.368
-0.0060348456 -516.968
-0.0060346456 -516.968
-0.0060344456 -518.568
-0.0060342456 -518.168
-0.0060340456 -519.767
-0.0060338456 -516.169
-0.0060336456 -519.767
-0.0060334456 -519.767
-0.0060332456 -517.368
-0.0060330456 -516.169
-0.0060328456 -518.968
-0.0060326456 -519.767
-0.0060324456 -518.968
-0.0060322456 -518.168
-0.0060320456 -518.168
-0.0060318456 -519.767
-0.0060316456 -516.968
-0.0060314456 -516.569
-0.0060312456 -518.168
-0.0060310456 -517.768
-0.0060308456 -516.569
-0.0060306456 -516.968
-0.0060304456 -517.368
-0.0060302456 -517.368
-0.0060300456 -518.168
-0.0060298456 -517.768
-0.0060296456 -517.768
-0.0060294456 -517.368
-0.0060292456 -519.367
-0.0060290456 -518.568
-0.0060288456 -518.968
-0.0060286456 -518.568
-0.0060284456 -519.767
-0.0060282456 -518.168
-0.0060280456 -517.368
-0.0060278456 -518.568
-0.0060276456 -516.968
-0.0060274456 -517.368
-0.0060272456 -517.768
-0.0060270456 -517.368
-0.0060268456 -517.368
-0.0060266456 -519.767
-0.0060264456 -517.768
-0.0060262456 -518.968
-0.0060260456 -517.768
-0.0060258456 -518.568
-0.0060256456 -519.767
-0.0060254456 -517.768
-0.0060252456 -518.168
-0.0060250456 -517.768
-0.0060248456 -519.767
-0.0060246456 -517.368
-0.0060244456 -519.367
-0.0060242456 -518.568
-0.0060240456 -518.168
-0.0060238456 -520.167
-0.0060236456 -519.367
-0.0060234456 -516.169
-0.0060232456 -519.767
-0.0060230456 -521.366
-0.0060228456 -516.968
-0.0060226456 -517.768
-0.0060224456 -519.767
-0.0060222456 -517.368
-0.0060220456 -519.767
-0.0060218456 -518.568
-0.0060216456 -519.767
-0.0060214456 -518.168
-0.0060212456 -518.568
-0.0060210456 -518.568
-0.0060208456 -516.968
-0.0060206456 -518.568
-0.0060204456 -515.369
-0.0060202456 -515.769
-0.0060200456 -520.567
-0.0060198456 -518.168
-0.0060196456 -517.368
-0.0060194456 -517.768
-0.0060192456 -516.968
-0.0060190456 -518.168
-0.0060188456 -515.769
-0.0060186456 -515.369
-0.0060184456 -516.569
-0.0060182456 -516.169
-0.0060180456 -516.968
-0.0060178456 -519.367
-0.0060176456 -516.169
-0.0060174456 -517.368
-0.0060172456 -517.768
-0.0060170456 -516.569
-0.0060168456 -516.169
-0.0060166456 -517.368
-0.0060164456 -516.968
-0.0060162456 -518.568
-0.0060160456 -515.769
-0.0060158456 -516.569
-0.0060156456 -515.769
-0.0060154456 -516.968
-0.0060152456 -517.368
-0.0060150456 -515.769
-0.0060148456 -514.969
-0.0060146456 -515.369
-0.0060144456 -519.767
-0.0060142456 -515.769
-0.0060140456 -514.969
-0.0060138456 -516.169
-0.0060136456 -516.569
-0.0060134456 -515.769
-0.0060132456 -514.569
-0.0060130456 -515.769
-0.0060128456 -516.968
-0.0060126456 -516.569
-0.0060124456 -515.369
-0.0060122456 -516.169
-0.0060120456 -516.569
-0.0060118456 -515.769
-0.0060116456 -515.369
-0.0060114456 -515.769
-0.0060112456 -516.968
-0.0060110456 -516.169
-0.0060108456 -514.969
-0.0060106456 -516.569
-0.0060104456 -515.769
-0.0060102456 -519.367
-0.0060100456 -516.169
-0.0060098456 -515.369
-0.0060096456 -517.368
-0.0060094456 -515.369
-0.0060092456 -515.369
-0.0060090456 -516.569
-0.0060088456 -514.569
-0.0060086456 -515.369
-0.0060084456 -515.369
-0.0060082456 -516.968
-0.0060080456 -516.169
-0.0060078456 -517.368
-0.0060076456 -514.969
-0.0060074456 -515.769
-0.0060072456 -515.769
-0.0060070456 -514.17
-0.0060068456 -516.569
-0.0060066456 -516.968
-0.0060064456 -512.97
-0.0060062456 -515.769
-0.0060060456 -514.969
-0.0060058456 -515.769
-0.0060056456 -515.769
-0.0060054456 -515.369
-0.0060052456 -514.17
-0.0060050456 -514.969
-0.0060048456 -517.368
-0.0060046456 -517.368
-0.0060044456 -517.768
-0.0060042456 -515.369
-0.0060040456 -516.169
-0.0060038456 -512.97
-0.0060036456 -513.77
-0.0060034456 -516.169
-0.0060032456 -515.769
-0.0060030456 -515.369
-0.0060028456 -517.768
-0.0060026456 -515.769
-0.0060024456 -516.968
-0.0060022456 -514.569
-0.0060020456 -514.969
-0.0060018456 -515.369
-0.0060016456 -514.569
-0.0060014456 -513.77
-0.0060012456 -514.969
-0.0060010456 -515.769
-0.0060008456 -516.169
-0.0060006456 -514.569
-0.0060004456 -516.569
-0.0060002456 -514.969
-0.0060000456 -515.369
-0.0059998456 -515.369
-0.0059996456 -514.569
-0.0059994456 -512.97
-0.0059992456 -514.969
-0.0059990456 -512.97
-0.0059988456 -516.169
-0.0059986456 -515.369
-0.0059984456 -514.969
-0.0059982456 -515.369
-0.0059980456 -516.968
-0.0059978456 -514.17
-0.0059976456 -515.369
-0.0059974456 -513.77
-0.0059972456 -511.771
-0.0059970456 -514.569
-0.0059968456 -515.769
-0.0059966456 -514.569
-0.0059964456 -515.369
-0.0059962456 -515.769
-0.0059960456 -516.569
-0.0059958456 -514.17
-0.0059956456 -514.569
-0.0059954456 -513.37
-0.0059952456 -514.969
-0.0059950456 -515.769
-0.0059948456 -513.77
-0.0059946456 -516.169
-0.0059944456 -512.97
-0.0059942456 -517.368
-0.0059940456 -513.77
-0.0059938456 -515.369
-0.0059936456 -516.169
-0.0059934456 -514.569
-0.0059932456 -516.968
-0.0059930456 -516.169
-0.0059928456 -514.569
-0.0059926456 -511.371
-0.0059924456 -514.17
-0.0059922456 -514.569
-0.0059920456 -513.77
-0.0059918456 -514.17
-0.0059916456 -514.569
-0.0059914456 -515.769
-0.0059912456 -512.171
-0.0059910456 -515.769
-0.0059908456 -513.77
-0.0059906456 -514.569
-0.0059904456 -513.77
-0.0059902456 -512.57
-0.0059900456 -514.569
-0.0059898456 -512.57
-0.0059896456 -513.77
-0.0059894456 -511.771
-0.0059892456 -511.771
-0.0059890456 -512.97
-0.0059888456 -513.37
-0.0059886456 -512.57
-0.0059884456 -511.771
-0.0059882456 -512.171
-0.0059880456 -512.171
-0.0059878456 -512.57
-0.0059876456 -513.77
-0.0059874456 -511.371
-0.0059872456 -511.371
-0.0059870456 -511.371
-0.0059868456 -512.171
-0.0059866456 -512.171
-0.0059864456 -511.771
-0.0059862456 -511.371
-0.0059860456 -510.971
-0.0059858456 -511.371
-0.0059856456 -509.372
-0.0059854456 -510.571
-0.0059852456 -511.371
-0.0059850456 -509.772
-0.0059848456 -510.971
-0.0059846456 -510.971
-0.0059844456 -511.771
-0.0059842456 -513.77
-0.0059840456 -508.572
-0.0059838456 -509.372
-0.0059836456 -507.773
-0.0059834456 -510.971
-0.0059832456 -511.771
-0.0059830456 -512.171
-0.0059828456 -507.373
-0.0059826456 -510.971
-0.0059824456 -511.371
-0.0059822456 -509.772
-0.0059820456 -510.571
-0.0059818456 -510.971
-0.0059816456 -512.57
-0.0059814456 -510.971
-0.0059812456 -508.172
-0.0059810456 -510.971
-0.0059808456 -511.371
-0.0059806456 -508.572
-0.0059804456 -511.771
-0.0059802456 -509.772
-0.0059800456 -512.171
-0.0059798456 -509.772
-0.0059796456 -508.572
-0.0059794456 -509.772
-0.0059792456 -509.372
-0.0059790456 -510.971
-0.0059788456 -511.771
-0.0059786456 -509.772
-0.0059784456 -510.571
-0.0059782456 -509.372
-0.0059780456 -510.171
-0.0059778456 -510.571
-0.0059776456 -510.971
-0.0059774456 -511.371
-0.0059772456 -507.373
-0.0059770456 -508.972
-0.0059768456 -510.571
-0.0059766456 -510.971
-0.0059764456 -509.772
-0.0059762456 -508.972
-0.0059760456 -510.971
-0.0059758456 -511.371
-0.0059756456 -510.571
-0.0059754456 -509.772
-0.0059752456 -509.372
-0.0059750456 -510.571
-0.0059748456 -512.171
-0.0059746456 -510.571
-0.0059744456 -510.571
-0.0059742456 -511.771
-0.0059740456 -505.374
-0.0059738456 -510.571
-0.0059736456 -510.171
-0.0059734456 -510.971
-0.0059732456 -510.171
-0.0059730456 -510.571
-0.0059728456 -509.372
-0.0059726456 -511.371
-0.0059724456 -510.571
-0.0059722456 -511.771
-0.0059720456 -510.971
-0.0059718456 -506.573
-0.0059716456 -510.571
-0.0059714456 -512.171
-0.0059712456 -510.171
-0.0059710456 -509.772
-0.0059708456 -508.572
-0.0059706456 -510.171
-0.0059704456 -511.371
-0.0059702456 -508.172
-0.0059700456 -513.77
-0.0059698456 -512.171
-0.0059696456 -509.372
-0.0059694456 -511.771
-0.0059692456 -510.171
-0.0059690456 -506.573
-0.0059688456 -510.971
-0.0059686456 -510.971
-0.0059684456 -507.773
-0.0059682456 -511.771
-0.0059680456 -509.772
-0.0059678456 -512.57
-0.0059676456 -511.371
-0.0059674456 -510.571
-0.0059672456 -512.57
-0.0059670456 -512.171
-0.0059668456 -510.171
-0.0059666456 -506.173
-0.0059664456 -511.771
-0.0059662456 -511.771
-0.0059660456 -512.171
-0.0059658456 -510.171
-0.0059656456 -510.971
-0.0059654456 -512.57
-0.0059652456 -510.171
-0.0059650456 -509.772
-0.0059648456 -510.171
-0.0059646456 -509.372
-0.0059644456 -507.373
-0.0059642456 -509.372
-0.0059640456 -510.171
-0.0059638456 -509.372
-0.0059636456 -511.771
-0.0059634456 -510.571
-0.0059632456 -510.971
-0.0059630456 -509.372
-0.0059628456 -511.371
-0.0059626456 -511.771
-0.0059624456 -509.372
-0.0059622456 -510.571
-0.0059620456 -508.172
-0.0059618456 -509.372
-0.0059616456 -509.772
-0.0059614456 -508.972
-0.0059612456 -510.971
-0.0059610456 -510.971
-0.0059608456 -510.971
-0.0059606456 -510.571
-0.0059604456 -509.372
-0.0059602456 -508.572
-0.0059600456 -510.571
-0.0059598456 -510.571
-0.0059596456 -508.972
-0.0059594456 -511.771
-0.0059592456 -509.772
-0.0059590456 -510.971
-0.0059588456 -510.571
-0.0059586456 -509.772
-0.0059584456 -509.772
-0.0059582456 -509.372
-0.0059580456 -510.971
-0.0059578456 -512.57
-0.0059576456 -510.171
-0.0059574456 -508.972
-0.0059572456 -509.772
-0.0059570456 -512.171
-0.0059568456 -509.372
-0.0059566456 -512.171
-0.0059564456 -509.772
-0.0059562456 -510.571
-0.0059560456 -510.171
-0.0059558456 -510.571
-0.0059556456 -508.572
-0.0059554456 -506.173
-0.0059552456 -509.372
-0.0059550456 -508.572
-0.0059548456 -512.57
-0.0059546456 -509.372
-0.0059544456 -512.57
-0.0059542456 -511.371
-0.0059540456 -510.571
-0.0059538456 -508.972
-0.0059536456 -509.372
-0.0059534456 -510.571
-0.0059532456 -510.971
-0.0059530456 -509.372
-0.0059528456 -511.771
-0.0059526456 -511.771
-0.0059524456 -510.571
-0.0059522456 -506.173
-0.0059520456 -508.972
-0.0059518456 -511.371
-0.0059516456 -511.771
-0.0059514456 -510.571
-0.0059512456 -508.972
-0.0059510456 -509.372
-0.0059508456 -510.571
-0.0059506456 -510.571
-0.0059504456 -508.972
-0.0059502456 -508.972
-0.0059500456 -510.571
-0.0059498456 -508.972
-0.0059496456 -511.371
-0.0059494456 -512.97
-0.0059492456 -509.372
-0.0059490456 -507.373
-0.0059488456 -511.771
-0.0059486456 -508.972
-0.0059484456 -509.772
-0.0059482456 -507.773
-0.0059480456 -510.171
-0.0059478456 -511.371
-0.0059476456 -508.172
-0.0059474456 -507.773
-0.0059472456 -508.172
-0.0059470456 -508.572
-0.0059468456 -509.772
-0.0059466456 -508.172
-0.0059464456 -509.372
-0.0059462456 -508.172
-0.0059460456 -508.972
-0.0059458456 -508.572
-0.0059456456 -509.772
-0.0059454456 -510.171
-0.0059452456 -510.571
-0.0059450456 -507.373
-0.0059448456 -506.973
-0.0059446456 -505.374
-0.0059444456 -509.772
-0.0059442456 -509.372
-0.0059440456 -508.572
-0.0059438456 -509.372
-0.0059436456 -509.372
-0.0059434456 -506.173
-0.0059432456 -508.572
-0.0059430456 -508.572
-0.0059428456 -508.172
-0.0059426456 -506.173
-0.0059424456 -509.772
-0.0059422456 -508.972
-0.0059420456 -506.573
-0.0059418456 -510.571
-0.0059416456 -506.973
-0.0059414456 -508.172
-0.0059412456 -510.571
-0.0059410456 -506.573
-0.0059408456 -510.571
-0.0059406456 -510.171
-0.0059404456 -510.571
-0.0059402456 -509.772
-0.0059400456 -506.973
-0.0059398456 -508.972
-0.0059396456 -505.773
-0.0059394456 -508.972
-0.0059392456 -506.573
-0.0059390456 -508.972
-0.0059388456 -508.172
-0.0059386456 -506.173
-0.0059384456 -508.572
-0.0059382456 -508.972
-0.0059380456 -510.171
-0.0059378456 -506.173
-0.0059376456 -508.972
-0.0059374456 -509.772
-0.0059372456 -510.571
-0.0059370456 -509.372
-0.0059368456 -510.171
-0.0059366456 -507.373
-0.0059364456 -510.171
-0.0059362456 -507.773
-0.0059360456 -508.572
-0.0059358456 -507.373
-0.0059356456 -509.372
-0.0059354456 -509.772
-0.0059352456 -505.773
-0.0059350456 -509.372
-0.0059348456 -506.573
-0.0059346456 -506.173
-0.0059344456 -510.971
-0.0059342456 -508.572
-0.0059340456 -506.973
-0.0059338456 -508.172
-0.0059336456 -509.772
-0.0059334456 -508.972
-0.0059332456 -508.972
-0.0059330456 -506.573
-0.0059328456 -510.571
-0.0059326456 -507.773
-0.0059324456 -509.372
-0.0059322456 -508.572
-0.0059320456 -507.773
-0.0059318456 -511.371
-0.0059316456 -507.773
-0.0059314456 -505.773
-0.0059312456 -509.372
-0.0059310456 -509.772
-0.0059308456 -508.972
-0.0059306456 -510.171
-0.0059304456 -507.773
-0.0059302456 -510.171
-0.0059300456 -511.371
-0.0059298456 -508.172
-0.0059296456 -506.573
-0.0059294456 -506.573
-0.0059292456 -507.773
-0.0059290456 -510.571
-0.0059288456 -508.572
-0.0059286456 -506.973
-0.0059284456 -508.972
-0.0059282456 -507.373
-0.0059280456 -508.572
-0.0059278456 -508.972
-0.0059276456 -510.171
-0.0059274456 -509.772
-0.0059272456 -506.573
-0.0059270456 -508.172
-0.0059268456 -506.973
-0.0059266456 -506.973
-0.0059264456 -510.171
-0.0059262456 -508.972
-0.0059260456 -510.971
-0.0059258456 -507.773
-0.0059256456 -509.372
-0.0059254456 -508.172
-0.0059252456 -507.773
-0.0059250456 -505.773
-0.0059248456 -506.173
-0.0059246456 -506.173
-0.0059244456 -507.773
-0.0059242456 -506.173
-0.0059240456 -505.773
-0.0059238456 -508.572
-0.0059236456 -508.572
-0.0059234456 -506.573
-0.0059232456 -509.772
-0.0059230456 -504.574
-0.0059228456 -507.373
-0.0059226456 -509.372
-0.0059224456 -506.973
-0.0059222456 -505.773
-0.0059220456 -505.374
-0.0059218456 -506.173
-0.0059216456 -508.572
-0.0059214456 -507.773
-0.0059212456 -506.173
-0.0059210456 -506.173
-0.0059208456 -506.573
-0.0059206456 -506.573
-0.0059204456 -507.373
-0.0059202456 -506.173
-0.0059200456 -506.973
-0.0059198456 -505.374
-0.0059196456 -506.973
-0.0059194456 -507.373
-0.0059192456 -506.973
-0.0059190456 -506.573
-0.0059188456 -506.173
-0.0059186456 -507.373
-0.0059184456 -506.173
-0.0059182456 -507.773
-0.0059180456 -508.172
-0.0059178456 -505.374
-0.0059176456 -504.974
-0.0059174456 -506.573
-0.0059172456 -504.174
-0.0059170456 -504.574
-0.0059168456 -505.773
-0.0059166456 -507.373
-0.0059164456 -506.973
-0.0059162456 -507.373
-0.0059160456 -505.773
-0.0059158456 -505.773
-0.0059156456 -508.172
-0.0059154456 -506.173
-0.0059152456 -506.573
-0.0059150456 -505.773
-0.0059148456 -507.773
-0.0059146456 -504.974
-0.0059144456 -507.773
-0.0059142456 -506.973
-0.0059140456 -504.974
-0.0059138456 -507.773
-0.0059136456 -505.374
-0.0059134456 -505.374
-0.0059132456 -506.573
-0.0059130456 -505.773
-0.0059128456 -505.773
-0.0059126456 -506.173
-0.0059124456 -504.974
-0.0059122456 -508.572
-0.0059120456 -504.974
-0.0059118456 -506.173
-0.0059116456 -506.173
-0.0059114456 -506.173
-0.0059112456 -506.173
-0.0059110456 -507.373
-0.0059108456 -504.974
-0.0059106456 -506.573
-0.0059104456 -506.173
-0.0059102456 -504.174
-0.0059100456 -503.774
-0.0059098456 -504.174
-0.0059096456 -505.374
-0.0059094456 -504.974
-0.0059092456 -504.574
-0.0059090456 -504.574
-0.0059088456 -506.173
-0.0059086456 -508.172
-0.0059084456 -504.574
-0.0059082456 -505.374
-0.0059080456 -505.773
-0.0059078456 -504.174
-0.0059076456 -505.773
-0.0059074456 -503.374
-0.0059072456 -504.174
-0.0059070456 -508.572
-0.0059068456 -502.575
-0.0059066456 -503.774
-0.0059064456 -503.774
-0.0059062456 -505.374
-0.0059060456 -506.173
-0.0059058456 -504.974
-0.0059056456 -504.974
-0.0059054456 -505.773
-0.0059052456 -507.773
-0.0059050456 -503.774
-0.0059048456 -502.975
-0.0059046456 -502.975
-0.0059044456 -502.575
-0.0059042456 -505.374
-0.0059040456 -503.774
-0.0059038456 -504.174
-0.0059036456 -501.775
-0.0059034456 -503.374
-0.0059032456 -506.173
-0.0059030456 -501.375
-0.0059028456 -502.975
-0.0059026456 -505.374
-0.0059024456 -504.174
-0.0059022456 -504.974
-0.0059020456 -501.375
-0.0059018456 -506.573
-0.0059016456 -503.774
-0.0059014456 -503.374
-0.0059012456 -500.976
-0.0059010456 -503.774
-0.0059008456 -502.975
-0.0059006456 -503.774
-0.0059004456 -506.173
-0.0059002456 -504.574
-0.0059000456 -504.174
-0.0058998456 -502.975
-0.0058996456 -501.375
-0.0058994456 -500.576
-0.0058992456 -502.575
-0.0058990456 -502.575
-0.0058988456 -503.774
-0.0058986456 -503.774
-0.0058984456 -502.575
-0.0058982456 -502.175
-0.0058980456 -503.374
-0.0058978456 -500.976
-0.0058976456 -501.375
-0.0058974456 -502.575
-0.0058972456 -500.976
-0.0058970456 -501.775
-0.0058968456 -501.375
-0.0058966456 -503.374
-0.0058964456 -504.574
-0.0058962456 -505.374
-0.0058960456 -502.175
-0.0058958456 -501.775
-0.0058956456 -502.175
-0.0058954456 -504.174
-0.0058952456 -500.976
-0.0058950456 -502.975
-0.0058948456 -501.775
-0.0058946456 -501.375
-0.0058944456 -504.574
-0.0058942456 -502.575
-0.0058940456 -501.775
-0.0058938456 -503.774
-0.0058936456 -501.775
-0.0058934456 -502.975
-0.0058932456 -502.575
-0.0058930456 -503.774
-0.0058928456 -500.576
-0.0058926456 -501.375
-0.0058924456 -502.575
-0.0058922456 -502.175
-0.0058920456 -500.176
-0.0058918456 -503.774
-0.0058916456 -500.976
-0.0058914456 -502.175
-0.0058912456 -502.975
-0.0058910456 -500.176
-0.0058908456 -500.576
-0.0058906456 -502.975
-0.0058904456 -501.775
-0.0058902456 -502.975
-0.0058900456 -504.574
-0.0058898456 -502.575
-0.0058896456 -501.775
-0.0058894456 -500.576
-0.0058892456 -504.574
-0.0058890456 -500.576
-0.0058888456 -502.575
-0.0058886456 -502.575
-0.0058884456 -505.374
-0.0058882456 -502.175
-0.0058880456 -501.775
-0.0058878456 -502.975
-0.0058876456 -503.374
-0.0058874456 -502.175
-0.0058872456 -499.776
-0.0058870456 -503.774
-0.0058868456 -503.774
-0.0058866456 -501.375
-0.0058864456 -501.375
-0.0058862456 -500.176
-0.0058860456 -501.775
-0.0058858456 -500.976
-0.0058856456 -501.375
-0.0058854456 -499.376
-0.0058852456 -502.175
-0.0058850456 -501.375
-0.0058848456 -502.175
-0.0058846456 -501.775
-0.0058844456 -501.775
-0.0058842456 -502.175
-0.0058840456 -501.775
-0.0058838456 -502.175
-0.0058836456 -502.575
-0.0058834456 -500.976
-0.0058832456 -504.174
-0.0058830456 -502.975
-0.0058828456 -502.175
-0.0058826456 -500.976
-0.0058824456 -502.575
-0.0058822456 -501.775
-0.0058820456 -500.976
-0.0058818456 -501.775
-0.0058816456 -498.177
-0.0058814456 -500.576
-0.0058812456 -501.775
-0.0058810456 -501.775
-0.0058808456 -497.377
-0.0058806456 -501.775
-0.0058804456 -502.575
-0.0058802456 -502.975
-0.0058800456 -502.175
-0.0058798456 -500.176
-0.0058796456 -504.574
-0.0058794456 -503.774
-0.0058792456 -500.976
-0.0058790456 -501.375
-0.0058788456 -500.576
-0.0058786456 -501.775
-0.0058784456 -504.574
-0.0058782456 -500.976
-0.0058780456 -499.376
-0.0058778456 -499.776
-0.0058776456 -501.375
-0.0058774456 -499.776
-0.0058772456 -500.976
-0.0058770456 -501.775
-0.0058768456 -500.976
-0.0058766456 -502.175
-0.0058764456 -502.575
-0.0058762456 -502.575
-0.0058760456 -501.375
-0.0058758456 -506.173
-0.0058756456 -502.575
-0.0058754456 -500.176
-0.0058752456 -503.774
-0.0058750456 -500.176
-0.0058748456 -503.374
-0.0058746456 -502.175
-0.0058744456 -500.976
-0.0058742456 -500.976
-0.0058740456 -502.975
-0.0058738456 -500.976
-0.0058736456 -501.375
-0.0058734456 -502.575
-0.0058732456 -500.176
-0.0058730456 -500.576
-0.0058728456 -500.576
-0.0058726456 -498.577
-0.0058724456 -500.576
-0.0058722456 -498.976
-0.0058720456 -501.775
-0.0058718456 -500.976
-0.0058716456 -500.176
-0.0058714456 -502.575
-0.0058712456 -501.375
-0.0058710456 -500.976
-0.0058708456 -500.576
-0.0058706456 -501.375
-0.0058704456 -501.775
-0.0058702456 -500.576
-0.0058700456 -500.576
-0.0058698456 -499.776
-0.0058696456 -500.976
-0.0058694456 -500.576
-0.0058692456 -500.976
-0.0058690456 -501.375
-0.0058688456 -499.776
-0.0058686456 -502.575
-0.0058684456 -499.376
-0.0058682456 -500.576
-0.0058680456 -500.176
-0.0058678456 -501.775
-0.0058676456 -499.776
-0.0058674456 -499.376
-0.0058672456 -497.777
-0.0058670456 -501.375
-0.0058668456 -500.976
-0.0058666456 -501.775
-0.0058664456 -500.576
-0.0058662456 -501.375
-0.0058660456 -502.575
-0.0058658456 -498.177
-0.0058656456 -500.976
-0.0058654456 -502.175
-0.0058652456 -502.175
-0.0058650456 -502.175
-0.0058648456 -502.975
-0.0058646456 -502.975
-0.0058644456 -503.774
-0.0058642456 -503.774
-0.0058640456 -500.976
-0.0058638456 -501.775
-0.0058636456 -501.375
-0.0058634456 -502.175
-0.0058632456 -501.775
-0.0058630456 -500.576
-0.0058628456 -502.575
-0.0058626456 -499.776
-0.0058624456 -501.375
-0.0058622456 -499.776
-0.0058620456 -500.976
-0.0058618456 -497.777
-0.0058616456 -500.176
-0.0058614456 -502.175
-0.0058612456 -499.776
-0.0058610456 -502.975
-0.0058608456 -500.176
-0.0058606456 -500.176
-0.0058604456 -499.376
-0.0058602456 -500.576
-0.0058600456 -500.976
-0.0058598456 -500.976
-0.0058596456 -500.176
-0.0058594456 -498.976
-0.0058592456 -502.175
-0.0058590456 -498.976
-0.0058588456 -499.776
-0.0058586456 -498.577
-0.0058584456 -500.576
-0.0058582456 -500.976
-0.0058580456 -501.375
-0.0058578456 -501.375
-0.0058576456 -500.976
-0.0058574456 -502.975
-0.0058572456 -502.575
-0.0058570456 -502.575
-0.0058568456 -500.176
-0.0058566456 -502.975
-0.0058564456 -500.976
-0.0058562456 -500.576
-0.0058560456 -500.576
-0.0058558456 -500.976
-0.0058556456 -500.176
-0.0058554456 -503.374
-0.0058552456 -501.375
-0.0058550456 -500.976
-0.0058548456 -500.176
-0.0058546456 -502.175
-0.0058544456 -500.176
-0.0058542456 -502.575
-0.0058540456 -499.776
-0.0058538456 -500.176
-0.0058536456 -500.976
-0.0058534456 -499.376
-0.0058532456 -500.576
-0.0058530456 -497.377
-0.0058528456 -501.775
-0.0058526456 -502.175
-0.0058524456 -500.576
-0.0058522456 -500.576
-0.0058520456 -501.375
-0.0058518456 -500.576
-0.0058516456 -501.375
-0.0058514456 -499.776
-0.0058512456 -500.976
-0.0058510456 -503.374
-0.0058508456 -500.976
-0.0058506456 -500.976
-0.0058504456 -501.375
-0.0058502456 -500.176
-0.0058500456 -500.576
-0.0058498456 -500.576
-0.0058496456 -499.776
-0.0058494456 -504.174
-0.0058492456 -500.176
-0.0058490456 -498.577
-0.0058488456 -502.975
-0.0058486456 -500.976
-0.0058484456 -502.175
-0.0058482456 -500.576
-0.0058480456 -500.976
-0.0058478456 -503.374
-0.0058476456 -501.375
-0.0058474456 -503.774
-0.0058472456 -501.375
-0.0058470456 -498.976
-0.0058468456 -500.976
-0.0058466456 -502.575
-0.0058464456 -500.176
-0.0058462456 -501.375
-0.0058460456 -503.774
-0.0058458456 -501.775
-0.0058456456 -499.776
-0.0058454456 -501.775
-0.0058452456 -501.375
-0.0058450456 -503.774
-0.0058448456 -503.374
-0.0058446456 -501.775
-0.0058444456 -499.776
-0.0058442456 -501.775
-0.0058440456 -502.175
-0.0058438456 -501.375
-0.0058436456 -498.577
-0.0058434456 -501.775
-0.0058432456 -500.176
-0.0058430456 -500.576
-0.0058428456 -501.375
-0.0058426456 -501.375
-0.0058424456 -500.976
-0.0058422456 -500.176
-0.0058420456 -501.375
-0.0058418456 -499.376
-0.0058416456 -500.176
-0.0058414456 -502.575
-0.0058412456 -501.375
-0.0058410456 -499.776
-0.0058408456 -500.976
-0.0058406456 -499.776
-0.0058404456 -500.176
-0.0058402456 -502.175
-0.0058400456 -503.374
-0.0058398456 -500.576
-0.0058396456 -500.976
-0.0058394456 -497.777
-0.0058392456 -502.575
-0.0058390456 -502.975
-0.0058388456 -501.775
-0.0058386456 -500.976
-0.0058384456 -500.576
-0.0058382456 -499.776
-0.0058380456 -502.975
-0.0058378456 -500.976
-0.0058376456 -500.976
-0.0058374456 -504.574
-0.0058372456 -501.375
-0.0058370456 -501.775
-0.0058368456 -501.375
-0.0058366456 -500.976
-0.0058364456 -499.776
-0.0058362456 -500.176
-0.0058360456 -503.374
-0.0058358456 -503.374
-0.0058356456 -499.776
-0.0058354456 -500.976
-0.0058352456 -498.976
-0.0058350456 -498.577
-0.0058348456 -501.775
-0.0058346456 -500.176
-0.0058344456 -497.777
-0.0058342456 -502.575
-0.0058340456 -499.776
-0.0058338456 -500.576
-0.0058336456 -499.776
-0.0058334456 -500.176
-0.0058332456 -500.976
-0.0058330456 -500.176
-0.0058328456 -501.775
-0.0058326456 -501.775
-0.0058324456 -500.576
-0.0058322456 -500.176
-0.0058320456 -499.376
-0.0058318456 -500.576
-0.0058316456 -500.176
-0.0058314456 -497.777
-0.0058312456 -499.376
-0.0058310456 -499.376
-0.0058308456 -500.576
-0.0058306456 -499.376
-0.0058304456 -500.576
-0.0058302456 -500.976
-0.0058300456 -498.976
-0.0058298456 -500.976
-0.0058296456 -501.375
-0.0058294456 -501.375
-0.0058292456 -498.177
-0.0058290456 -500.576
-0.0058288456 -496.977
-0.0058286456 -502.575
-0.0058284456 -500.176
-0.0058282456 -500.576
-0.0058280456 -501.775
-0.0058278456 -500.576
-0.0058276456 -499.376
-0.0058274456 -498.976
-0.0058272456 -500.976
-0.0058270456 -501.375
-0.0058268456 -498.577
-0.0058266456 -502.975
-0.0058264456 -498.177
-0.0058262456 -498.177
-0.0058260456 -498.976
-0.0058258456 -502.575
-0.0058256456 -502.175
-0.0058254456 -500.976
-0.0058252456 -500.176
-0.0058250456 -500.976
-0.0058248456 -502.975
-0.0058246456 -500.976
-0.0058244456 -500.576
-0.0058242456 -500.976
-0.0058240456 -500.576
-0.0058238456 -499.776
-0.0058236456 -500.576
-0.0058234456 -499.776
-0.0058232456 -501.375
-0.0058230456 -499.376
-0.0058228456 -499.776
-0.0058226456 -499.776
-0.0058224456 -500.176
-0.0058222456 -500.176
-0.0058220456 -500.576
-0.0058218456 -499.776
-0.0058216456 -500.576
-0.0058214456 -500.576
-0.0058212456 -499.776
-0.0058210456 -499.376
-0.0058208456 -500.976
-0.0058206456 -500.176
-0.0058204456 -496.977
-0.0058202456 -502.975
-0.0058200456 -502.175
-0.0058198456 -501.775
-0.0058196456 -501.375
-0.0058194456 -500.176
-0.0058192456 -499.776
-0.0058190456 -501.375
-0.0058188456 -500.176
-0.0058186456 -500.176
-0.0058184456 -499.776
-0.0058182456 -500.576
-0.0058180456 -498.976
-0.0058178456 -502.575
-0.0058176456 -500.576
-0.0058174456 -500.976
-0.0058172456 -499.376
-0.0058170456 -500.176
-0.0058168456 -500.576
-0.0058166456 -502.975
-0.0058164456 -498.577
-0.0058162456 -499.776
-0.0058160456 -497.777
-0.0058158456 -501.375
-0.0058156456 -499.776
-0.0058154456 -500.976
-0.0058152456 -498.177
-0.0058150456 -498.177
-0.0058148456 -499.776
-0.0058146456 -500.576
-0.0058144456 -500.976
-0.0058142456 -500.576
-0.0058140456 -496.578
-0.0058138456 -500.576
-0.0058136456 -499.776
-0.0058134456 -498.577
-0.0058132456 -502.575
-0.0058130456 -499.776
-0.0058128456 -502.175
-0.0058126456 -499.376
-0.0058124456 -498.976
-0.0058122456 -498.177
-0.0058120456 -498.577
-0.0058118456 -497.377
-0.0058116456 -500.176
-0.0058114456 -502.575
-0.0058112456 -497.377
-0.0058110456 -500.176
-0.0058108456 -498.577
-0.0058106456 -500.176
-0.0058104456 -498.976
-0.0058102456 -499.776
-0.0058100456 -499.376
-0.0058098456 -500.576
-0.0058096456 -498.976
-0.0058094456 -498.976
-0.0058092456 -500.576
-0.0058090456 -501.375
-0.0058088456 -498.177
-0.0058086456 -498.577
-0.0058084456 -500.576
-0.0058082456 -500.176
-0.0058080456 -497.377
-0.0058078456 -499.776
-0.0058076456 -502.175
-0.0058074456 -498.177
-0.0058072456 -500.176
-0.0058070456 -498.976
-0.0058068456 -500.176
-0.0058066456 -500.976
-0.0058064456 -499.376
-0.0058062456 -499.376
-0.0058060456 -497.377
-0.0058058456 -500.976
-0.0058056456 -498.577
-0.0058054456 -500.176
-0.0058052456 -500.976
-0.0058050456 -499.376
-0.0058048456 -500.976
-0.0058046456 -498.976
-0.0058044456 -498.976
-0.0058042456 -499.776
-0.0058040456 -498.577
-0.0058038456 -497.777
-0.0058036456 -501.375
-0.0058034456 -499.776
-0.0058032456 -501.375
-0.0058030456 -500.576
-0.0058028456 -501.775
-0.0058026456 -500.176
-0.0058024456 -500.576
-0.0058022456 -500.976
-0.0058020456 -498.577
-0.0058018456 -500.576
-0.0058016456 -500.576
-0.0058014456 -500.176
-0.0058012456 -497.777
-0.0058010456 -498.976
-0.0058008456 -500.976
-0.0058006456 -500.976
-0.0058004456 -498.577
-0.0058002456 -494.978
-0.0058000456 -498.976
-0.0057998456 -498.177
-0.0057996456 -499.776
-0.0057994456 -497.377
-0.0057992456 -496.178
-0.0057990456 -500.176
-0.0057988456 -499.776
-0.0057986456 -499.776
-0.0057984456 -498.976
-0.0057982456 -498.577
-0.0057980456 -498.976
-0.0057978456 -499.376
-0.0057976456 -496.977
-0.0057974456 -500.576
-0.0057972456 -499.776
-0.0057970456 -498.976
-0.0057968456 -499.776
-0.0057966456 -498.976
-0.0057964456 -496.977
-0.0057962456 -498.577
-0.0057960456 -500.576
-0.0057958456 -502.175
-0.0057956456 -500.576
-0.0057954456 -499.376
-0.0057952456 -499.776
-0.0057950456 -499.376
-0.0057948456 -495.378
-0.0057946456 -500.576
-0.0057944456 -498.177
-0.0057942456 -500.176
-0.0057940456 -499.376
-0.0057938456 -498.577
-0.0057936456 -500.576
-0.0057934456 -498.177
-0.0057932456 -500.976
-0.0057930456 -499.376
-0.0057928456 -499.776
-0.0057926456 -499.376
-0.0057924456 -499.776
-0.0057922456 -498.976
-0.0057920456 -495.778
-0.0057918456 -500.176
-0.0057916456 -496.178
-0.0057914456 -498.177
-0.0057912456 -498.177
-0.0057910456 -498.177
-0.0057908456 -497.777
-0.0057906456 -500.176
-0.0057904456 -498.976
-0.0057902456 -500.976
-0.0057900456 -499.776
-0.0057898456 -498.577
-0.0057896456 -499.776
-0.0057894456 -500.976
-0.0057892456 -497.777
-0.0057890456 -498.976
-0.0057888456 -500.576
-0.0057886456 -499.776
-0.0057884456 -497.377
-0.0057882456 -496.977
-0.0057880456 -501.375
-0.0057878456 -498.577
-0.0057876456 -499.776
-0.0057874456 -499.776
-0.0057872456 -498.577
-0.0057870456 -499.776
-0.0057868456 -498.577
-0.0057866456 -501.375
-0.0057864456 -498.177
-0.0057862456 -495.778
-0.0057860456 -496.977
-0.0057858456 -499.776
-0.0057856456 -496.578
-0.0057854456 -496.578
-0.0057852456 -496.178
-0.0057850456 -500.976
-0.0057848456 -497.777
-0.0057846456 -497.377
-0.0057844456 -499.776
-0.0057842456 -496.977
-0.0057840456 -499.376
-0.0057838456 -494.978
-0.0057836456 -500.976
-0.0057834456 -502.175
-0.0057832456 -500.176
-0.0057830456 -499.376
-0.0057828456 -498.177
-0.0057826456 -500.576
-0.0057824456 -500.176
-0.0057822456 -498.976
-0.0057820456 -499.776
-0.0057818456 -501.375
-0.0057816456 -499.776
-0.0057814456 -499.776
-0.0057812456 -500.576
-0.0057810456 -496.578
-0.0057808456 -498.976
-0.0057806456 -498.577
-0.0057804456 -498.177
-0.0057802456 -496.977
-0.0057800456 -498.577
-0.0057798456 -499.376
-0.0057796456 -497.777
-0.0057794456 -497.377
-0.0057792456 -499.376
-0.0057790456 -496.178
-0.0057788456 -498.177
-0.0057786456 -498.577
-0.0057784456 -499.376
-0.0057782456 -496.578
-0.0057780456 -496.578
-0.0057778456 -497.777
-0.0057776456 -496.977
-0.0057774456 -496.578
-0.0057772456 -498.577
-0.0057770456 -496.578
-0.0057768456 -496.977
-0.0057766456 -497.777
-0.0057764456 -500.576
-0.0057762456 -496.178
-0.0057760456 -499.776
-0.0057758456 -498.976
-0.0057756456 -499.376
-0.0057754456 -497.777
-0.0057752456 -499.376
-0.0057750456 -499.776
-0.0057748456 -499.776
-0.0057746456 -497.377
-0.0057744456 -497.777
-0.0057742456 -499.776
-0.0057740456 -497.377
-0.0057738456 -499.776
-0.0057736456 -502.175
-0.0057734456 -498.976
-0.0057732456 -496.977
-0.0057730456 -498.177
-0.0057728456 -498.577
-0.0057726456 -497.777
-0.0057724456 -500.176
-0.0057722456 -498.177
-0.0057720456 -499.776
-0.0057718456 -500.176
-0.0057716456 -498.177
-0.0057714456 -495.778
-0.0057712456 -497.377
-0.0057710456 -496.977
-0.0057708456 -495.378
-0.0057706456 -494.978
-0.0057704456 -498.976
-0.0057702456 -493.779
-0.0057700456 -499.376
-0.0057698456 -498.976
-0.0057696456 -495.378
-0.0057694456 -497.777
-0.0057692456 -496.977
-0.0057690456 -497.777
-0.0057688456 -499.376
-0.0057686456 -496.178
-0.0057684456 -496.578
-0.0057682456 -496.578
-0.0057680456 -496.178
-0.0057678456 -496.578
-0.0057676456 -495.378
-0.0057674456 -498.177
-0.0057672456 -496.578
-0.0057670456 -495.378
-0.0057668456 -496.977
-0.0057666456 -498.976
-0.0057664456 -498.177
-0.0057662456 -498.976
-0.0057660456 -498.577
-0.0057658456 -497.377
-0.0057656456 -498.577
-0.0057654456 -496.578
-0.0057652456 -496.578
-0.0057650456 -496.178
-0.0057648456 -499.376
-0.0057646456 -496.977
-0.0057644456 -497.777
-0.0057642456 -496.178
-0.0057640456 -498.577
-0.0057638456 -497.777
-0.0057636456 -496.578
-0.0057634456 -499.376
-0.0057632456 -497.377
-0.0057630456 -497.777
-0.0057628456 -496.977
-0.0057626456 -497.777
-0.0057624456 -497.377
-0.0057622456 -499.776
-0.0057620456 -499.776
-0.0057618456 -496.977
-0.0057616456 -496.977
-0.0057614456 -496.977
-0.0057612456 -496.977
-0.0057610456 -496.977
-0.0057608456 -494.978
-0.0057606456 -499.376
-0.0057604456 -498.976
-0.0057602456 -499.776
-0.0057600456 -498.177
-0.0057598456 -499.376
-0.0057596456 -498.577
-0.0057594456 -498.177
-0.0057592456 -497.777
-0.0057590456 -496.977
-0.0057588456 -499.776
-0.0057586456 -498.577
-0.0057584456 -497.777
-0.0057582456 -496.578
-0.0057580456 -499.376
-0.0057578456 -496.977
-0.0057576456 -496.977
-0.0057574456 -498.177
-0.0057572456 -495.778
-0.0057570456 -496.178
-0.0057568456 -497.377
-0.0057566456 -498.577
-0.0057564456 -497.777
-0.0057562456 -495.378
-0.0057560456 -497.377
-0.0057558456 -495.778
-0.0057556456 -494.978
-0.0057554456 -496.178
-0.0057552456 -496.977
-0.0057550456 -496.977
-0.0057548456 -495.378
-0.0057546456 -497.777
-0.0057544456 -497.777
-0.0057542456 -494.578
-0.0057540456 -496.977
-0.0057538456 -498.577
-0.0057536456 -497.777
-0.0057534456 -495.778
-0.0057532456 -497.377
-0.0057530456 -496.578
-0.0057528456 -497.377
-0.0057526456 -496.578
-0.0057524456 -499.376
-0.0057522456 -496.977
-0.0057520456 -496.977
-0.0057518456 -494.978
-0.0057516456 -499.776
-0.0057514456 -499.776
-0.0057512456 -494.978
-0.0057510456 -496.977
-0.0057508456 -497.777
-0.0057506456 -495.778
-0.0057504456 -496.178
-0.0057502456 -496.578
-0.0057500456 -497.777
-0.0057498456 -494.179
-0.0057496456 -497.777
-0.0057494456 -495.378
-0.0057492456 -495.378
-0.0057490456 -497.777
-0.0057488456 -497.777
-0.0057486456 -500.176
-0.0057484456 -497.377
-0.0057482456 -492.579
-0.0057480456 -498.177
-0.0057478456 -496.977
-0.0057476456 -497.777
-0.0057474456 -494.179
-0.0057472456 -496.178
-0.0057470456 -494.578
-0.0057468456 -494.578
-0.0057466456 -496.178
-0.0057464456 -497.377
-0.0057462456 -496.977
-0.0057460456 -493.379
-0.0057458456 -498.976
-0.0057456456 -496.977
-0.0057454456 -496.977
-0.0057452456 -496.977
-0.0057450456 -494.978
-0.0057448456 -496.578
-0.0057446456 -496.977
-0.0057444456 -497.377
-0.0057442456 -497.777
-0.0057440456 -496.977
-0.0057438456 -498.577
-0.0057436456 -496.578
-0.0057434456 -495.378
-0.0057432456 -496.578
-0.0057430456 -495.378
-0.0057428456 -494.179
-0.0057426456 -495.378
-0.0057424456 -495.378
-0.0057422456 -496.178
-0.0057420456 -495.378
-0.0057418456 -496.578
-0.0057416456 -497.777
-0.0057414456 -492.579
-0.0057412456 -494.578
-0.0057410456 -495.778
-0.0057408456 -494.978
-0.0057406456 -496.178
-0.0057404456 -498.177
-0.0057402456 -498.577
-0.0057400456 -496.178
-0.0057398456 -492.579
-0.0057396456 -491.78
-0.0057394456 -496.578
-0.0057392456 -499.376
-0.0057390456 -496.977
-0.0057388456 -497.777
-0.0057386456 -493.379
-0.0057384456 -494.978
-0.0057382456 -495.378
-0.0057380456 -494.978
-0.0057378456 -493.379
-0.0057376456 -496.578
-0.0057374456 -492.979
-0.0057372456 -491.38
-0.0057370456 -494.179
-0.0057368456 -494.578
-0.0057366456 -493.379
-0.0057364456 -494.578
-0.0057362456 -495.778
-0.0057360456 -493.779
-0.0057358456 -494.578
-0.0057356456 -494.179
-0.0057354456 -494.578
-0.0057352456 -491.78
-0.0057350456 -493.379
-0.0057348456 -493.379
-0.0057346456 -493.379
-0.0057344456 -494.978
-0.0057342456 -492.979
-0.0057340456 -494.578
-0.0057338456 -494.978
-0.0057336456 -495.378
-0.0057334456 -493.379
-0.0057332456 -493.379
-0.0057330456 -492.979
-0.0057328456 -494.179
-0.0057326456 -496.178
-0.0057324456 -494.978
-0.0057322456 -494.978
-0.0057320456 -492.979
-0.0057318456 -494.179
-0.0057316456 -492.579
-0.0057314456 -494.578
-0.0057312456 -494.179
-0.0057310456 -492.18
-0.0057308456 -491.78
-0.0057306456 -492.979
-0.0057304456 -495.378
-0.0057302456 -491.78
-0.0057300456 -493.779
-0.0057298456 -492.579
-0.0057296456 -491.78
-0.0057294456 -492.979
-0.0057292456 -494.179
-0.0057290456 -492.979
-0.0057288456 -492.979
-0.0057286456 -491.38
-0.0057284456 -494.578
-0.0057282456 -491.78
-0.0057280456 -496.178
-0.0057278456 -492.979
-0.0057276456 -494.978
-0.0057274456 -492.18
-0.0057272456 -495.378
-0.0057270456 -492.579
-0.0057268456 -493.379
-0.0057266456 -492.579
-0.0057264456 -495.778
-0.0057262456 -492.18
-0.0057260456 -491.78
-0.0057258456 -492.18
-0.0057256456 -494.578
-0.0057254456 -494.978
-0.0057252456 -493.779
-0.0057250456 -493.779
-0.0057248456 -494.978
-0.0057246456 -492.579
-0.0057244456 -491.78
-0.0057242456 -492.579
-0.0057240456 -491.78
-0.0057238456 -491.78
-0.0057236456 -494.179
-0.0057234456 -492.579
-0.0057232456 -492.18
-0.0057230456 -490.58
-0.0057228456 -492.979
-0.0057226456 -492.18
-0.0057224456 -492.979
-0.0057222456 -491.78
-0.0057220456 -492.979
-0.0057218456 -492.18
-0.0057216456 -491.38
-0.0057214456 -492.18
-0.0057212456 -493.779
-0.0057210456 -491.38
-0.0057208456 -492.18
-0.0057206456 -491.78
-0.0057204456 -492.979
-0.0057202456 -491.78
-0.0057200456 -491.38
-0.0057198456 -492.18
-0.0057196456 -492.979
-0.0057194456 -492.18
-0.0057192456 -490.58
-0.0057190456 -491.78
-0.0057188456 -491.38
-0.0057186456 -489.781
-0.0057184456 -492.979
-0.0057182456 -492.579
-0.0057180456 -490.98
-0.0057178456 -492.579
-0.0057176456 -493.379
-0.0057174456 -493.779
-0.0057172456 -490.18
-0.0057170456 -492.579
-0.0057168456 -492.979
-0.0057166456 -492.579
-0.0057164456 -491.38
-0.0057162456 -490.58
-0.0057160456 -491.78
-0.0057158456 -492.579
-0.0057156456 -490.58
-0.0057154456 -490.98
-0.0057152456 -491.78
-0.0057150456 -492.18
-0.0057148456 -493.379
-0.0057146456 -491.38
-0.0057144456 -488.581
-0.0057142456 -487.781
-0.0057140456 -490.98
-0.0057138456 -492.18
-0.0057136456 -492.979
-0.0057134456 -491.38
-0.0057132456 -492.979
-0.0057130456 -491.78
-0.0057128456 -490.98
-0.0057126456 -490.18
-0.0057124456 -491.38
-0.0057122456 -490.58
-0.0057120456 -490.98
-0.0057118456 -488.981
-0.0057116456 -490.18
-0.0057114456 -490.18
-0.0057112456 -489.381
-0.0057110456 -488.981
-0.0057108456 -490.18
-0.0057106456 -490.58
-0.0057104456 -490.98
-0.0057102456 -490.18
-0.0057100456 -491.38
-0.0057098456 -490.18
-0.0057096456 -492.579
-0.0057094456 -492.18
-0.0057092456 -490.18
-0.0057090456 -489.781
-0.0057088456 -490.18
-0.0057086456 -491.38
-0.0057084456 -490.98
-0.0057082456 -490.58
-0.0057080456 -490.98
-0.0057078456 -489.781
-0.0057076456 -488.981
-0.0057074456 -489.781
-0.0057072456 -488.581
-0.0057070456 -488.581
-0.0057068456 -487.781
-0.0057066456 -486.582
-0.0057064456 -488.581
-0.0057062456 -488.581
-0.0057060456 -490.18
-0.0057058456 -490.58
-0.0057056456 -488.981
-0.0057054456 -488.581
-0.0057052456 -490.18
-0.0057050456 -488.181
-0.0057048456 -490.58
-0.0057046456 -488.581
-0.0057044456 -488.581
-0.0057042456 -488.981
-0.0057040456 -490.98
-0.0057038456 -490.18
-0.0057036456 -490.98
-0.0057034456 -488.581
-0.0057032456 -488.981
-0.0057030456 -487.382
-0.0057028456 -491.38
-0.0057026456 -489.781
-0.0057024456 -486.582
-0.0057022456 -487.382
-0.0057020456 -487.781
-0.0057018456 -484.983
-0.0057016456 -484.983
-0.0057014456 -488.181
-0.0057012456 -489.381
-0.0057010456 -490.18
-0.0057008456 -487.781
-0.0057006456 -488.181
-0.0057004456 -488.181
-0.0057002456 -490.58
-0.0057000456 -486.982
-0.0056998456 -486.982
-0.0056996456 -488.981
-0.0056994456 -484.583
-0.0056992456 -487.382
-0.0056990456 -487.382
-0.0056988456 -487.781
-0.0056986456 -487.781
-0.0056984456 -488.981
-0.0056982456 -489.381
-0.0056980456 -489.381
-0.0056978456 -485.383
-0.0056976456 -487.781
-0.0056974456 -487.781
-0.0056972456 -489.381
-0.0056970456 -488.981
-0.0056968456 -489.381
-0.0056966456 -488.981
-0.0056964456 -489.781
-0.0056962456 -490.18
-0.0056960456 -490.18
-0.0056958456 -489.381
-0.0056956456 -486.582
-0.0056954456 -488.581
-0.0056952456 -486.182
-0.0056950456 -484.983
-0.0056948456 -486.982
-0.0056946456 -489.781
-0.0056944456 -485.383
-0.0056942456 -485.782
-0.0056940456 -486.982
-0.0056938456 -489.781
-0.0056936456 -485.383
-0.0056934456 -486.982
-0.0056932456 -488.181
-0.0056930456 -488.181
-0.0056928456 -486.982
-0.0056926456 -486.582
-0.0056924456 -487.382
-0.0056922456 -485.782
-0.0056920456 -486.182
-0.0056918456 -484.983
-0.0056916456 -483.783
-0.0056914456 -485.383
-0.0056912456 -485.383
-0.0056910456 -483.783
-0.0056908456 -485.782
-0.0056906456 -486.182
-0.0056904456 -486.982
-0.0056902456 -486.182
-0.0056900456 -484.983
-0.0056898456 -484.183
-0.0056896456 -488.581
-0.0056894456 -486.582
-0.0056892456 -486.182
-0.0056890456 -482.584
-0.0056888456 -484.583
-0.0056886456 -483.783
-0.0056884456 -483.383
-0.0056882456 -485.782
-0.0056880456 -483.383
-0.0056878456 -483.383
-0.0056876456 -482.184
-0.0056874456 -484.583
-0.0056872456 -484.583
-0.0056870456 -483.383
-0.0056868456 -484.983
-0.0056866456 -482.184
-0.0056864456 -483.783
-0.0056862456 -484.983
-0.0056860456 -483.383
-0.0056858456 -482.184
-0.0056856456 -484.583
-0.0056854456 -483.383
-0.0056852456 -482.584
-0.0056850456 -482.984
-0.0056848456 -485.383
-0.0056846456 -482.984
-0.0056844456 -485.383
-0.0056842456 -483.783
-0.0056840456 -483.783
-0.0056838456 -482.184
-0.0056836456 -482.984
-0.0056834456 -483.783
-0.0056832456 -482.984
-0.0056830456 -484.583
-0.0056828456 -484.183
-0.0056826456 -482.584
-0.0056824456 -481.384
-0.0056822456 -483.383
-0.0056820456 -481.784
-0.0056818456 -480.585
-0.0056816456 -480.985
-0.0056814456 -481.784
-0.0056812456 -482.584
-0.0056810456 -480.985
-0.0056808456 -483.783
-0.0056806456 -481.384
-0.0056804456 -479.785
-0.0056802456 -482.584
-0.0056800456 -485.383
-0.0056798456 -482.984
-0.0056796456 -480.585
-0.0056794456 -482.584
-0.0056792456 -483.783
-0.0056790456 -482.984
-0.0056788456 -485.383
-0.0056786456 -482.984
-0.0056784456 -478.586
-0.0056782456 -477.786
-0.0056780456 -479.785
-0.0056778456 -481.784
-0.0056776456 -482.584
-0.0056774456 -484.183
-0.0056772456 -482.584
-0.0056770456 -479.785
-0.0056768456 -478.186
-0.0056766456 -480.585
-0.0056764456 -480.585
-0.0056762456 -482.184
-0.0056760456 -482.184
-0.0056758456 -479.385
-0.0056756456 -478.186
-0.0056754456 -478.186
-0.0056752456 -478.985
-0.0056750456 -480.585
-0.0056748456 -480.185
-0.0056746456 -480.585
-0.0056744456 -479.785
-0.0056742456 -480.585
-0.0056740456 -479.385
-0.0056738456 -478.186
-0.0056736456 -480.185
-0.0056734456 -480.585
-0.0056732456 -479.785
-0.0056730456 -478.985
-0.0056728456 -480.185
-0.0056726456 -482.984
-0.0056724456 -479.385
-0.0056722456 -478.985
-0.0056720456 -478.586
-0.0056718456 -479.785
-0.0056716456 -481.384
-0.0056714456 -480.985
-0.0056712456 -478.985
-0.0056710456 -480.185
-0.0056708456 -481.384
-0.0056706456 -479.385
-0.0056704456 -480.985
-0.0056702456 -478.985
-0.0056700456 -479.385
-0.0056698456 -476.986
-0.0056696456 -478.586
-0.0056694456 -476.187
-0.0056692456 -480.585
-0.0056690456 -476.586
-0.0056688456 -477.786
-0.0056686456 -476.986
-0.0056684456 -478.586
-0.0056682456 -478.586
-0.0056680456 -476.986
-0.0056678456 -477.786
-0.0056676456 -476.586
-0.0056674456 -480.185
-0.0056672456 -477.386
-0.0056670456 -476.986
-0.0056668456 -479.385
-0.0056666456 -478.186
-0.0056664456 -478.186
-0.0056662456 -477.386
-0.0056660456 -475.787
-0.0056658456 -478.186
-0.0056656456 -475.787
-0.0056654456 -476.586
-0.0056652456 -478.985
-0.0056650456 -478.186
-0.0056648456 -476.187
-0.0056646456 -477.386
-0.0056644456 -476.986
-0.0056642456 -474.587
-0.0056640456 -476.986
-0.0056638456 -476.187
-0.0056636456 -476.586
-0.0056634456 -475.787
-0.0056632456 -472.588
-0.0056630456 -477.786
-0.0056628456 -477.386
-0.0056626456 -475.787
-0.0056624456 -477.786
-0.0056622456 -475.787
-0.0056620456 -478.186
-0.0056618456 -478.586
-0.0056616456 -474.587
-0.0056614456 -476.986
-0.0056612456 -472.988
-0.0056610456 -476.187
-0.0056608456 -477.786
-0.0056606456 -475.387
-0.0056604456 -474.987
-0.0056602456 -476.586
-0.0056600456 -478.186
-0.0056598456 -474.587
-0.0056596456 -473.788
-0.0056594456 -475.387
-0.0056592456 -476.986
-0.0056590456 -476.986
-0.0056588456 -475.787
-0.0056586456 -475.387
-0.0056584456 -474.987
-0.0056582456 -474.188
-0.0056580456 -475.387
-0.0056578456 -476.187
-0.0056576456 -475.787
-0.0056574456 -477.786
-0.0056572456 -475.787
-0.0056570456 -474.987
-0.0056568456 -475.787
-0.0056566456 -478.186
-0.0056564456 -474.188
-0.0056562456 -475.787
-0.0056560456 -474.188
-0.0056558456 -475.387
-0.0056556456 -476.187
-0.0056554456 -474.587
-0.0056552456 -474.587
-0.0056550456 -474.188
-0.0056548456 -477.386
-0.0056546456 -473.788
-0.0056544456 -474.188
-0.0056542456 -473.788
-0.0056540456 -476.986
-0.0056538456 -475.387
-0.0056536456 -473.788
-0.0056534456 -476.586
-0.0056532456 -473.788
-0.0056530456 -475.787
-0.0056528456 -474.987
-0.0056526456 -476.187
-0.0056524456 -474.587
-0.0056522456 -472.588
-0.0056520456 -474.587
-0.0056518456 -472.988
-0.0056516456 -472.988
-0.0056514456 -474.587
-0.0056512456 -474.587
-0.0056510456 -473.388
-0.0056508456 -474.987
-0.0056506456 -474.188
-0.0056504456 -474.987
-0.0056502456 -474.587
-0.0056500456 -472.988
-0.0056498456 -474.587
-0.0056496456 -472.188
-0.0056494456 -474.587
-0.0056492456 -472.988
-0.0056490456 -474.188
-0.0056488456 -473.388
-0.0056486456 -472.588
-0.0056484456 -473.788
-0.0056482456 -472.188
-0.0056480456 -474.188
-0.0056478456 -475.787
-0.0056476456 -471.789
-0.0056474456 -472.188
-0.0056472456 -470.989
-0.0056470456 -471.789
-0.0056468456 -472.188
-0.0056466456 -471.389
-0.0056464456 -472.588
-0.0056462456 -470.989
-0.0056460456 -471.789
-0.0056458456 -470.189
-0.0056456456 -470.189
-0.0056454456 -472.188
-0.0056452456 -473.788
-0.0056450456 -470.989
-0.0056448456 -469.79
-0.0056446456 -470.989
-0.0056444456 -470.189
-0.0056442456 -472.188
-0.0056440456 -469.39
-0.0056438456 -470.989
-0.0056436456 -470.989
-0.0056434456 -472.988
-0.0056432456 -465.791
-0.0056430456 -472.988
-0.0056428456 -472.988
-0.0056426456 -469.39
-0.0056424456 -471.789
-0.0056422456 -465.392
-0.0056420456 -469.79
-0.0056418456 -468.59
-0.0056416456 -469.39
-0.0056414456 -472.188
-0.0056412456 -469.39
-0.0056410456 -470.189
-0.0056408456 -468.19
-0.0056406456 -472.188
-0.0056404456 -471.789
-0.0056402456 -468.99
-0.0056400456 -468.19
-0.0056398456 -469.79
-0.0056396456 -469.39
-0.0056394456 -469.79
-0.0056392456 -470.589
-0.0056390456 -467.391
-0.0056388456 -468.59
-0.0056386456 -468.99
-0.0056384456 -466.591
-0.0056382456 -467.391
-0.0056380456 -467.79
-0.0056378456 -469.39
-0.0056376456 -470.189
-0.0056374456 -469.39
-0.0056372456 -469.39
-0.0056370456 -471.789
-0.0056368456 -468.99
-0.0056366456 -470.189
-0.0056364456 -467.79
-0.0056362456 -467.79
-0.0056360456 -468.19
-0.0056358456 -468.59
-0.0056356456 -466.991
-0.0056354456 -470.189
-0.0056352456 -466.591
-0.0056350456 -469.79
-0.0056348456 -468.99
-0.0056346456 -467.391
-0.0056344456 -465.392
-0.0056342456 -465.791
-0.0056340456 -470.189
-0.0056338456 -465.791
-0.0056336456 -467.391
-0.0056334456 -466.991
-0.0056332456 -466.991
-0.0056330456 -469.79
-0.0056328456 -468.99
-0.0056326456 -464.592
-0.0056324456 -465.791
-0.0056322456 -466.591
-0.0056320456 -468.99
-0.0056318456 -466.991
-0.0056316456 -465.791
-0.0056314456 -462.993
-0.0056312456 -465.392
-0.0056310456 -466.991
-0.0056308456 -466.191
-0.0056306456 -463.392
-0.0056304456 -465.791
-0.0056302456 -464.992
-0.0056300456 -463.392
-0.0056298456 -466.591
-0.0056296456 -464.592
-0.0056294456 -467.79
-0.0056292456 -463.792
-0.0056290456 -467.391
-0.0056288456 -464.992
-0.0056286456 -468.19
-0.0056284456 -464.592
-0.0056282456 -464.992
-0.0056280456 -465.392
-0.0056278456 -466.991
-0.0056276456 -465.392
-0.0056274456 -467.391
-0.0056272456 -465.392
-0.0056270456 -463.392
-0.0056268456 -466.191
-0.0056266456 -466.191
-0.0056264456 -466.591
-0.0056262456 -461.393
-0.0056260456 -464.992
-0.0056258456 -461.793
-0.0056256456 -465.791
-0.0056254456 -462.193
-0.0056252456 -463.392
-0.0056250456 -462.593
-0.0056248456 -465.392
-0.0056246456 -462.193
-0.0056244456 -464.592
-0.0056242456 -461.393
-0.0056240456 -464.192
-0.0056238456 -463.392
-0.0056236456 -461.793
-0.0056234456 -464.192
-0.0056232456 -463.392
-0.0056230456 -464.192
-0.0056228456 -464.192
-0.0056226456 -463.392
-0.0056224456 -464.192
-0.0056222456 -462.193
-0.0056220456 -462.193
-0.0056218456 -464.192
-0.0056216456 -460.594
-0.0056214456 -460.993
-0.0056212456 -463.392
-0.0056210456 -460.594
-0.0056208456 -460.993
-0.0056206456 -463.792
-0.0056204456 -462.193
-0.0056202456 -460.993
-0.0056200456 -464.192
-0.0056198456 -462.193
-0.0056196456 -463.792
-0.0056194456 -461.793
-0.0056192456 -461.393
-0.0056190456 -461.393
-0.0056188456 -462.593
-0.0056186456 -460.993
-0.0056184456 -462.593
-0.0056182456 -463.792
-0.0056180456 -461.793
-0.0056178456 -460.993
-0.0056176456 -462.593
-0.0056174456 -464.192
-0.0056172456 -462.993
-0.0056170456 -462.193
-0.0056168456 -460.594
-0.0056166456 -462.993
-0.0056164456 -461.793
-0.0056162456 -459.394
-0.0056160456 -461.393
-0.0056158456 -460.993
-0.0056156456 -458.994
-0.0056154456 -460.194
-0.0056152456 -459.394
-0.0056150456 -458.994
-0.0056148456 -462.193
-0.0056146456 -462.193
-0.0056144456 -459.794
-0.0056142456 -462.993
-0.0056140456 -458.195
-0.0056138456 -459.794
-0.0056136456 -458.595
-0.0056134456 -460.194
-0.0056132456 -459.394
-0.0056130456 -456.995
-0.0056128456 -459.794
-0.0056126456 -459.394
-0.0056124456 -459.394
-0.0056122456 -461.393
-0.0056120456 -456.196
-0.0056118456 -458.994
-0.0056116456 -458.595
-0.0056114456 -457.395
-0.0056112456 -460.993
-0.0056110456 -457.795
-0.0056108456 -459.394
-0.0056106456 -457.795
-0.0056104456 -455.796
-0.0056102456 -459.794
-0.0056100456 -460.194
-0.0056098456 -457.395
-0.0056096456 -457.795
-0.0056094456 -458.595
-0.0056092456 -460.594
-0.0056090456 -462.193
-0.0056088456 -458.195
-0.0056086456 -457.795
-0.0056084456 -459.394
-0.0056082456 -456.995
-0.0056080456 -457.395
-0.0056078456 -456.196
-0.0056076456 -456.595
-0.0056074456 -456.995
-0.0056072456 -456.196
-0.0056070456 -456.196
-0.0056068456 -457.795
-0.0056066456 -458.195
-0.0056064456 -455.796
-0.0056062456 -458.195
-0.0056060456 -456.595
-0.0056058456 -455.796
-0.0056056456 -458.595
-0.0056054456 -455.396
-0.0056052456 -456.595
-0.0056050456 -456.196
-0.0056048456 -456.595
-0.0056046456 -456.995
-0.0056044456 -455.396
-0.0056042456 -455.796
-0.0056040456 -456.196
-0.0056038456 -457.795
-0.0056036456 -456.595
-0.0056034456 -455.396
-0.0056032456 -456.995
-0.0056030456 -457.795
-0.0056028456 -457.395
-0.0056026456 -458.195
-0.0056024456 -457.395
-0.0056022456 -454.197
-0.0056020456 -454.197
-0.0056018456 -456.995
-0.0056016456 -454.996
-0.0056014456 -456.595
-0.0056012456 -456.595
-0.0056010456 -456.196
-0.0056008456 -457.395
-0.0056006456 -454.596
-0.0056004456 -456.595
-0.0056002456 -455.796
-0.0056000456 -456.595
-0.0055998456 -456.995
-0.0055996456 -454.197
-0.0055994456 -456.196
-0.0055992456 -453.397
-0.0055990456 -456.995
-0.0055988456 -454.996
-0.0055986456 -456.196
-0.0055984456 -452.997
-0.0055982456 -454.996
-0.0055980456 -453.797
-0.0055978456 -454.996
-0.0055976456 -457.795
-0.0055974456 -453.797
-0.0055972456 -451.798
-0.0055970456 -456.995
-0.0055968456 -457.795
-0.0055966456 -456.995
-0.0055964456 -452.197
-0.0055962456 -454.596
-0.0055960456 -454.197
-0.0055958456 -452.997
-0.0055956456 -454.197
-0.0055954456 -453.397
-0.0055952456 -450.198
-0.0055950456 -453.397
-0.0055948456 -453.797
-0.0055946456 -454.996
-0.0055944456 -454.996
-0.0055942456 -456.196
-0.0055940456 -451.398
-0.0055938456 -452.597
-0.0055936456 -450.598
-0.0055934456 -453.397
-0.0055932456 -452.197
-0.0055930456 -452.997
-0.0055928456 -451.798
-0.0055926456 -453.397
-0.0055924456 -454.596
-0.0055922456 -454.197
-0.0055920456 -452.997
-0.0055918456 -454.596
-0.0055916456 -452.597
-0.0055914456 -452.197
-0.0055912456 -449.399
-0.0055910456 -454.996
-0.0055908456 -452.197
-0.0055906456 -452.597
-0.0055904456 -456.995
-0.0055902456 -451.798
-0.0055900456 -450.998
-0.0055898456 -451.798
-0.0055896456 -448.599
-0.0055894456 -451.798
-0.0055892456 -454.596
-0.0055890456 -452.597
-0.0055888456 -452.997
-0.0055886456 -451.798
-0.0055884456 -451.798
-0.0055882456 -452.597
-0.0055880456 -452.197
-0.0055878456 -454.197
-0.0055876456 -449.399
-0.0055874456 -450.198
-0.0055872456 -448.999
-0.0055870456 -452.197
-0.0055868456 -448.999
-0.0055866456 -450.198
-0.0055864456 -451.798
-0.0055862456 -452.197
-0.0055860456 -450.598
-0.0055858456 -453.397
-0.0055856456 -450.198
-0.0055854456 -452.197
-0.0055852456 -451.798
-0.0055850456 -449.399
-0.0055848456 -452.597
-0.0055846456 -448.599
-0.0055844456 -451.398
-0.0055842456 -453.797
-0.0055840456 -451.398
-0.0055838456 -452.197
-0.0055836456 -450.998
-0.0055834456 -448.599
-0.0055832456 -451.798
-0.0055830456 -448.199
-0.0055828456 -449.798
-0.0055826456 -448.199
-0.0055824456 -448.199
-0.0055822456 -452.197
-0.0055820456 -450.598
-0.0055818456 -453.797
-0.0055816456 -451.398
-0.0055814456 -449.798
-0.0055812456 -449.798
-0.0055810456 -447.799
-0.0055808456 -448.599
-0.0055806456 -448.999
-0.0055804456 -448.199
-0.0055802456 -450.998
-0.0055800456 -450.198
-0.0055798456 -450.198
-0.0055796456 -449.798
-0.0055794456 -449.798
-0.0055792456 -450.198
-0.0055790456 -446.6
-0.0055788456 -449.798
-0.0055786456 -448.199
-0.0055784456 -448.199
-0.0055782456 -450.198
-0.0055780456 -450.198
-0.0055778456 -451.798
-0.0055776456 -448.599
-0.0055774456 -448.199
-0.0055772456 -447.799
-0.0055770456 -445.8
-0.0055768456 -449.399
-0.0055766456 -448.599
-0.0055764456 -448.199
-0.0055762456 -448.199
-0.0055760456 -449.798
-0.0055758456 -447.799
-0.0055756456 -448.999
-0.0055754456 -445.4
-0.0055752456 -447.4
-0.0055750456 -447.799
-0.0055748456 -449.399
-0.0055746456 -450.198
-0.0055744456 -449.798
-0.0055742456 -449.798
-0.0055740456 -447.4
-0.0055738456 -450.198
-0.0055736456 -448.599
-0.0055734456 -448.199
-0.0055732456 -444.601
-0.0055730456 -448.599
-0.0055728456 -447
-0.0055726456 -448.599
-0.0055724456 -447.799
-0.0055722456 -447.799
-0.0055720456 -449.798
-0.0055718456 -448.599
-0.0055716456 -447.799
-0.0055714456 -448.199
-0.0055712456 -444.601
-0.0055710456 -447.799
-0.0055708456 -448.599
-0.0055706456 -449.798
-0.0055704456 -447
-0.0055702456 -447.4
-0.0055700456 -448.999
-0.0055698456 -445.001
-0.0055696456 -445.8
-0.0055694456 -447.799
-0.0055692456 -448.599
-0.0055690456 -447.4
-0.0055688456 -448.199
-0.0055686456 -448.999
-0.0055684456 -447
-0.0055682456 -447
-0.0055680456 -445.4
-0.0055678456 -448.599
-0.0055676456 -446.2
-0.0055674456 -447.4
-0.0055672456 -447.799
-0.0055670456 -447.799
-0.0055668456 -447.799
-0.0055666456 -447
-0.0055664456 -445.8
-0.0055662456 -447.4
-0.0055660456 -447.799
-0.0055658456 -447.799
-0.0055656456 -445.001
-0.0055654456 -445.8
-0.0055652456 -446.6
-0.0055650456 -448.199
-0.0055648456 -448.199
-0.0055646456 -445.8
-0.0055644456 -448.199
-0.0055642456 -445.4
-0.0055640456 -446.6
-0.0055638456 -446.6
-0.0055636456 -443.401
-0.0055634456 -445.8
-0.0055632456 -448.199
-0.0055630456 -445.4
-0.0055628456 -445.4
-0.0055626456 -448.199
-0.0055624456 -446.6
-0.0055622456 -448.999
-0.0055620456 -446.6
-0.0055618456 -447
-0.0055616456 -444.201
-0.0055614456 -446.6
-0.0055612456 -445.8
-0.0055610456 -445.8
-0.0055608456 -443.401
-0.0055606456 -447.4
-0.0055604456 -443.401
-0.0055602456 -446.6
-0.0055600456 -447.4
-0.0055598456 -447.4
-0.0055596456 -445.8
-0.0055594456 -444.201
-0.0055592456 -445.8
-0.0055590456 -446.2
-0.0055588456 -446.6
-0.0055586456 -444.201
-0.0055584456 -448.199
-0.0055582456 -445.8
-0.0055580456 -445.001
-0.0055578456 -447
-0.0055576456 -444.201
-0.0055574456 -445.001
-0.0055572456 -446.2
-0.0055570456 -445.4
-0.0055568456 -445.001
-0.0055566456 -445.4
-0.0055564456 -447.799
-0.0055562456 -443.801
-0.0055560456 -445.4
-0.0055558456 -444.201
-0.0055556456 -444.201
-0.0055554456 -446.6
-0.0055552456 -444.601
-0.0055550456 -445.4
-0.0055548456 -444.201
-0.0055546456 -443.801
-0.0055544456 -446.6
-0.0055542456 -447.4
-0.0055540456 -445.001
-0.0055538456 -445.001
-0.0055536456 -443.401
-0.0055534456 -446.2
-0.0055532456 -445.4
-0.0055530456 -445.001
-0.0055528456 -443.401
-0.0055526456 -443.002
-0.0055524456 -446.2
-0.0055522456 -443.401
-0.0055520456 -446.6
-0.0055518456 -445.8
-0.0055516456 -445.8
-0.0055514456 -447
-0.0055512456 -444.201
-0.0055510456 -446.2
-0.0055508456 -445.4
-0.0055506456 -444.201
-0.0055504456 -446.2
-0.0055502456 -443.801
-0.0055500456 -447
-0.0055498456 -445.8
-0.0055496456 -443.002
-0.0055494456 -447.4
-0.0055492456 -446.2
-0.0055490456 -443.401
-0.0055488456 -444.601
-0.0055486456 -443.801
-0.0055484456 -442.602
-0.0055482456 -443.002
-0.0055480456 -444.201
-0.0055478456 -445.4
-0.0055476456 -443.801
-0.0055474456 -445.001
-0.0055472456 -444.601
-0.0055470456 -447.4
-0.0055468456 -444.201
-0.0055466456 -444.201
-0.0055464456 -444.601
-0.0055462456 -443.002
-0.0055460456 -443.401
-0.0055458456 -445.4
-0.0055456456 -440.603
-0.0055454456 -444.201
-0.0055452456 -445.001
-0.0055450456 -443.801
-0.0055448456 -446.2
-0.0055446456 -444.201
-0.0055444456 -447
-0.0055442456 -443.401
-0.0055440456 -442.602
-0.0055438456 -443.002
-0.0055436456 -443.002
-0.0055434456 -441.002
-0.0055432456 -443.801
-0.0055430456 -443.401
-0.0055428456 -443.002
-0.0055426456 -441.402
-0.0055424456 -443.002
-0.0055422456 -445.001
-0.0055420456 -444.601
-0.0055418456 -444.601
-0.0055416456 -443.002
-0.0055414456 -443.801
-0.0055412456 -443.801
-0.0055410456 -442.202
-0.0055408456 -443.002
-0.0055406456 -444.601
-0.0055404456 -442.602
-0.0055402456 -442.602
-0.0055400456 -443.801
-0.0055398456 -442.202
-0.0055396456 -442.602
-0.0055394456 -439.403
-0.0055392456 -443.002
-0.0055390456 -441.402
-0.0055388456 -442.602
-0.0055386456 -443.401
-0.0055384456 -443.002
-0.0055382456 -441.402
-0.0055380456 -442.602
-0.0055378456 -442.202
-0.0055376456 -441.002
-0.0055374456 -441.002
-0.0055372456 -445.001
-0.0055370456 -441.002
-0.0055368456 -440.603
-0.0055366456 -441.802
-0.0055364456 -440.603
-0.0055362456 -438.204
-0.0055360456 -442.602
-0.0055358456 -442.602
-0.0055356456 -440.203
-0.0055354456 -441.002
-0.0055352456 -441.402
-0.0055350456 -440.603
-0.0055348456 -440.603
-0.0055346456 -439.803
-0.0055344456 -439.803
-0.0055342456 -441.402
-0.0055340456 -439.403
-0.0055338456 -440.603
-0.0055336456 -441.802
-0.0055334456 -441.002
-0.0055332456 -441.402
-0.0055330456 -440.603
-0.0055328456 -441.402
-0.0055326456 -442.602
-0.0055324456 -442.602
-0.0055322456 -442.202
-0.0055320456 -440.603
-0.0055318456 -443.401
-0.0055316456 -440.203
-0.0055314456 -441.802
-0.0055312456 -441.002
-0.0055310456 -440.603
-0.0055308456 -437.804
-0.0055306456 -440.603
-0.0055304456 -439.803
-0.0055302456 -442.202
-0.0055300456 -440.603
-0.0055298456 -439.803
-0.0055296456 -441.802
-0.0055294456 -440.603
-0.0055292456 -441.402
-0.0055290456 -437.404
-0.0055288456 -438.204
-0.0055286456 -440.203
-0.0055284456 -439.003
-0.0055282456 -438.604
-0.0055280456 -441.802
-0.0055278456 -440.603
-0.0055276456 -439.403
-0.0055274456 -439.403
-0.0055272456 -438.204
-0.0055270456 -440.603
-0.0055268456 -440.203
-0.0055266456 -438.604
-0.0055264456 -440.203
-0.0055262456 -440.203
-0.0055260456 -441.002
-0.0055258456 -437.404
-0.0055256456 -443.801
-0.0055254456 -443.401
-0.0055252456 -439.803
-0.0055250456 -439.403
-0.0055248456 -439.003
-0.0055246456 -439.003
-0.0055244456 -441.402
-0.0055242456 -439.803
-0.0055240456 -438.604
-0.0055238456 -440.203
-0.0055236456 -439.803
-0.0055234456 -440.603
-0.0055232456 -439.403
-0.0055230456 -441.402
-0.0055228456 -442.202
-0.0055226456 -440.203
-0.0055224456 -440.603
-0.0055222456 -439.403
-0.0055220456 -440.203
-0.0055218456 -441.002
-0.0055216456 -440.203
-0.0055214456 -437.804
-0.0055212456 -439.803
-0.0055210456 -437.404
-0.0055208456 -438.604
-0.0055206456 -441.002
-0.0055204456 -439.003
-0.0055202456 -439.003
-0.0055200456 -438.204
-0.0055198456 -437.004
-0.0055196456 -437.404
-0.0055194456 -437.404
-0.0055192456 -441.802
-0.0055190456 -439.403
-0.0055188456 -438.604
-0.0055186456 -439.403
-0.0055184456 -438.204
-0.0055182456 -441.002
-0.0055180456 -437.404
-0.0055178456 -439.803
-0.0055176456 -439.403
-0.0055174456 -438.204
-0.0055172456 -439.003
-0.0055170456 -441.802
-0.0055168456 -440.603
-0.0055166456 -438.604
-0.0055164456 -439.803
-0.0055162456 -435.405
-0.0055160456 -439.803
-0.0055158456 -438.604
-0.0055156456 -437.804
-0.0055154456 -440.203
-0.0055152456 -438.604
-0.0055150456 -437.804
-0.0055148456 -439.403
-0.0055146456 -438.604
-0.0055144456 -438.204
-0.0055142456 -439.803
-0.0055140456 -439.803
-0.0055138456 -439.003
-0.0055136456 -439.803
-0.0055134456 -437.404
-0.0055132456 -438.204
-0.0055130456 -437.004
-0.0055128456 -438.204
-0.0055126456 -439.003
-0.0055124456 -438.204
-0.0055122456 -439.003
-0.0055120456 -442.202
-0.0055118456 -440.203
-0.0055116456 -437.804
-0.0055114456 -438.604
-0.0055112456 -437.404
-0.0055110456 -437.404
-0.0055108456 -440.603
-0.0055106456 -439.803
-0.0055104456 -437.004
-0.0055102456 -439.403
-0.0055100456 -439.803
-0.0055098456 -440.203
-0.0055096456 -439.403
-0.0055094456 -439.403
-0.0055092456 -439.403
-0.0055090456 -440.603
-0.0055088456 -438.204
-0.0055086456 -436.604
-0.0055084456 -438.604
-0.0055082456 -440.603
-0.0055080456 -438.204
-0.0055078456 -439.403
-0.0055076456 -439.803
-0.0055074456 -439.003
-0.0055072456 -438.604
-0.0055070456 -437.404
-0.0055068456 -437.404
-0.0055066456 -438.204
-0.0055064456 -440.203
-0.0055062456 -439.003
-0.0055060456 -440.603
-0.0055058456 -437.404
-0.0055056456 -436.604
-0.0055054456 -438.204
-0.0055052456 -439.003
-0.0055050456 -439.803
-0.0055048456 -439.403
-0.0055046456 -438.604
-0.0055044456 -439.003
-0.0055042456 -438.604
-0.0055040456 -435.005
-0.0055038456 -438.604
-0.0055036456 -437.404
-0.0055034456 -438.604
-0.0055032456 -439.403
-0.0055030456 -437.404
-0.0055028456 -437.404
-0.0055026456 -438.604
-0.0055024456 -442.202
-0.0055022456 -438.204
-0.0055020456 -440.603
-0.0055018456 -438.604
-0.0055016456 -438.604
-0.0055014456 -438.604
-0.0055012456 -437.004
-0.0055010456 -439.403
-0.0055008456 -439.003
-0.0055006456 -437.804
-0.0055004456 -440.203
-0.0055002456 -438.604
-0.0055000456 -440.603
-0.0054998456 -437.004
-0.0054996456 -437.004
-0.0054994456 -436.205
-0.0054992456 -438.204
-0.0054990456 -437.404
-0.0054988456 -440.203
-0.0054986456 -439.003
-0.0054984456 -437.004
-0.0054982456 -441.002
-0.0054980456 -438.204
-0.0054978456 -436.205
-0.0054976456 -440.603
-0.0054974456 -437.804
-0.0054972456 -437.804
-0.0054970456 -438.604
-0.0054968456 -441.002
-0.0054966456 -438.604
-0.0054964456 -438.204
-0.0054962456 -442.202
-0.0054960456 -441.802
-0.0054958456 -439.003
-0.0054956456 -437.404
-0.0054954456 -438.604
-0.0054952456 -439.803
-0.0054950456 -437.404
-0.0054948456 -435.405
-0.0054946456 -437.804
-0.0054944456 -439.403
-0.0054942456 -440.203
-0.0054940456 -439.003
-0.0054938456 -435.405
-0.0054936456 -435.805
-0.0054934456 -438.204
-0.0054932456 -437.404
-0.0054930456 -437.004
-0.0054928456 -439.403
-0.0054926456 -438.604
-0.0054924456 -436.205
-0.0054922456 -435.805
-0.0054920456 -436.604
-0.0054918456 -437.404
-0.0054916456 -436.205
-0.0054914456 -437.804
-0.0054912456 -436.604
-0.0054910456 -434.205
-0.0054908456 -437.004
-0.0054906456 -438.204
-0.0054904456 -437.004
-0.0054902456 -439.003
-0.0054900456 -438.204
-0.0054898456 -437.004
-0.0054896456 -437.404
-0.0054894456 -437.404
-0.0054892456 -438.604
-0.0054890456 -437.404
-0.0054888456 -433.806
-0.0054886456 -435.405
-0.0054884456 -437.804
-0.0054882456 -440.603
-0.0054880456 -437.004
-0.0054878456 -439.003
-0.0054876456 -436.604
-0.0054874456 -439.403
-0.0054872456 -433.806
-0.0054870456 -437.404
-0.0054868456 -437.804
-0.0054866456 -435.005
-0.0054864456 -437.804
-0.0054862456 -435.405
-0.0054860456 -437.004
-0.0054858456 -437.804
-0.0054856456 -435.405
-0.0054854456 -436.604
-0.0054852456 -435.805
-0.0054850456 -435.405
-0.0054848456 -437.804
-0.0054846456 -436.604
-0.0054844456 -436.604
-0.0054842456 -435.405
-0.0054840456 -435.405
-0.0054838456 -433.806
-0.0054836456 -437.004
-0.0054834456 -435.005
-0.0054832456 -435.405
-0.0054830456 -439.403
-0.0054828456 -437.404
-0.0054826456 -438.204
-0.0054824456 -435.805
-0.0054822456 -434.205
-0.0054820456 -435.005
-0.0054818456 -435.405
-0.0054816456 -435.005
-0.0054814456 -435.805
-0.0054812456 -433.406
-0.0054810456 -434.205
-0.0054808456 -435.805
-0.0054806456 -435.405
-0.0054804456 -434.605
-0.0054802456 -434.605
-0.0054800456 -435.005
-0.0054798456 -432.606
-0.0054796456 -433.006
-0.0054794456 -435.805
-0.0054792456 -435.005
-0.0054790456 -434.605
-0.0054788456 -434.205
-0.0054786456 -435.005
-0.0054784456 -435.405
-0.0054782456 -435.405
-0.0054780456 -435.405
-0.0054778456 -435.405
-0.0054776456 -435.405
-0.0054774456 -437.404
-0.0054772456 -435.005
-0.0054770456 -435.805
-0.0054768456 -435.405
-0.0054766456 -435.405
-0.0054764456 -433.406
-0.0054762456 -435.005
-0.0054760456 -435.005
-0.0054758456 -436.604
-0.0054756456 -434.605
-0.0054754456 -435.805
-0.0054752456 -433.406
-0.0054750456 -433.406
-0.0054748456 -433.006
-0.0054746456 -433.406
-0.0054744456 -432.606
-0.0054742456 -435.005
-0.0054740456 -435.405
-0.0054738456 -434.205
-0.0054736456 -434.205
-0.0054734456 -434.205
-0.0054732456 -433.806
-0.0054730456 -434.205
-0.0054728456 -436.205
-0.0054726456 -435.405
-0.0054724456 -432.606
-0.0054722456 -434.205
-0.0054720456 -435.405
-0.0054718456 -435.005
-0.0054716456 -438.204
-0.0054714456 -433.406
-0.0054712456 -436.205
-0.0054710456 -435.005
-0.0054708456 -432.606
-0.0054706456 -433.806
-0.0054704456 -436.205
-0.0054702456 -434.205
-0.0054700456 -435.005
-0.0054698456 -435.005
-0.0054696456 -433.406
-0.0054694456 -434.205
-0.0054692456 -434.205
-0.0054690456 -434.605
-0.0054688456 -433.806
-0.0054686456 -435.805
-0.0054684456 -434.205
-0.0054682456 -434.605
-0.0054680456 -434.605
-0.0054678456 -433.806
-0.0054676456 -435.805
-0.0054674456 -437.404
-0.0054672456 -433.806
-0.0054670456 -435.805
-0.0054668456 -435.005
-0.0054666456 -437.404
-0.0054664456 -435.405
-0.0054662456 -434.605
-0.0054660456 -435.405
-0.0054658456 -435.405
-0.0054656456 -434.605
-0.0054654456 -436.205
-0.0054652456 -436.205
-0.0054650456 -433.806
-0.0054648456 -435.005
-0.0054646456 -437.004
-0.0054644456 -433.806
-0.0054642456 -435.005
-0.0054640456 -436.604
-0.0054638456 -436.205
-0.0054636456 -433.006
-0.0054634456 -433.406
-0.0054632456 -435.805
-0.0054630456 -438.604
-0.0054628456 -434.205
-0.0054626456 -435.405
-0.0054624456 -434.605
-0.0054622456 -436.205
-0.0054620456 -434.205
-0.0054618456 -438.204
-0.0054616456 -437.804
-0.0054614456 -435.805
-0.0054612456 -435.005
-0.0054610456 -436.604
-0.0054608456 -437.404
-0.0054606456 -435.805
-0.0054604456 -435.805
-0.0054602456 -434.605
-0.0054600456 -436.604
-0.0054598456 -437.004
-0.0054596456 -437.804
-0.0054594456 -438.204
-0.0054592456 -435.805
-0.0054590456 -435.805
-0.0054588456 -437.004
-0.0054586456 -436.604
-0.0054584456 -434.205
-0.0054582456 -436.604
-0.0054580456 -435.805
-0.0054578456 -436.205
-0.0054576456 -437.404
-0.0054574456 -432.606
-0.0054572456 -434.605
-0.0054570456 -433.806
-0.0054568456 -435.805
-0.0054566456 -434.205
-0.0054564456 -435.005
-0.0054562456 -436.604
-0.0054560456 -434.605
-0.0054558456 -436.604
-0.0054556456 -434.205
-0.0054554456 -434.605
-0.0054552456 -433.806
-0.0054550456 -436.205
-0.0054548456 -436.604
-0.0054546456 -436.205
-0.0054544456 -433.006
-0.0054542456 -437.004
-0.0054540456 -436.205
-0.0054538456 -435.805
-0.0054536456 -435.005
-0.0054534456 -435.005
-0.0054532456 -434.605
-0.0054530456 -435.805
-0.0054528456 -436.205
-0.0054526456 -435.405
-0.0054524456 -435.805
-0.0054522456 -436.604
-0.0054520456 -433.406
-0.0054518456 -435.405
-0.0054516456 -436.604
-0.0054514456 -436.205
-0.0054512456 -435.405
-0.0054510456 -437.004
-0.0054508456 -435.005
-0.0054506456 -437.004
-0.0054504456 -436.604
-0.0054502456 -435.805
-0.0054500456 -436.205
-0.0054498456 -434.205
-0.0054496456 -433.806
-0.0054494456 -435.405
-0.0054492456 -436.205
-0.0054490456 -434.605
-0.0054488456 -436.205
-0.0054486456 -438.204
-0.0054484456 -435.005
-0.0054482456 -435.005
-0.0054480456 -435.005
-0.0054478456 -435.405
-0.0054476456 -437.004
-0.0054474456 -436.205
-0.0054472456 -434.205
-0.0054470456 -436.205
-0.0054468456 -437.404
-0.0054466456 -437.404
-0.0054464456 -431.407
-0.0054462456 -437.404
-0.0054460456 -435.805
-0.0054458456 -437.404
-0.0054456456 -432.606
-0.0054454456 -435.805
-0.0054452456 -437.004
-0.0054450456 -434.205
-0.0054448456 -434.205
-0.0054446456 -434.605
-0.0054444456 -435.805
-0.0054442456 -437.004
-0.0054440456 -435.005
-0.0054438456 -435.005
-0.0054436456 -435.405
-0.0054434456 -434.205
-0.0054432456 -436.604
-0.0054430456 -435.805
-0.0054428456 -435.805
-0.0054426456 -435.405
-0.0054424456 -437.404
-0.0054422456 -434.605
-0.0054420456 -433.006
-0.0054418456 -435.005
-0.0054416456 -435.805
-0.0054414456 -432.606
-0.0054412456 -433.006
-0.0054410456 -435.405
-0.0054408456 -435.405
-0.0054406456 -434.605
-0.0054404456 -433.806
-0.0054402456 -435.405
-0.0054400456 -434.205
-0.0054398456 -433.806
-0.0054396456 -434.605
-0.0054394456 -434.205
-0.0054392456 -432.606
-0.0054390456 -435.805
-0.0054388456 -435.805
-0.0054386456 -434.205
-0.0054384456 -435.805
-0.0054382456 -436.205
-0.0054380456 -434.605
-0.0054378456 -437.004
-0.0054376456 -438.604
-0.0054374456 -437.804
-0.0054372456 -433.806
-0.0054370456 -436.205
-0.0054368456 -435.805
-0.0054366456 -433.806
-0.0054364456 -433.806
-0.0054362456 -434.205
-0.0054360456 -436.604
-0.0054358456 -436.604
-0.0054356456 -433.806
-0.0054354456 -431.807
-0.0054352456 -433.806
-0.0054350456 -435.805
-0.0054348456 -433.006
-0.0054346456 -433.806
-0.0054344456 -433.406
-0.0054342456 -438.204
-0.0054340456 -435.405
-0.0054338456 -434.605
-0.0054336456 -438.204
-0.0054334456 -433.806
-0.0054332456 -433.806
-0.0054330456 -435.005
-0.0054328456 -435.805
-0.0054326456 -434.205
-0.0054324456 -433.006
-0.0054322456 -434.205
-0.0054320456 -433.806
-0.0054318456 -434.605
-0.0054316456 -434.605
-0.0054314456 -435.805
-0.0054312456 -436.205
-0.0054310456 -433.406
-0.0054308456 -434.605
-0.0054306456 -435.005
-0.0054304456 -431.407
-0.0054302456 -436.604
-0.0054300456 -434.205
-0.0054298456 -433.006
-0.0054296456 -433.806
-0.0054294456 -433.806
-0.0054292456 -434.605
-0.0054290456 -435.405
-0.0054288456 -435.005
-0.0054286456 -432.606
-0.0054284456 -433.006
-0.0054282456 -432.606
-0.0054280456 -434.605
-0.0054278456 -432.606
-0.0054276456 -433.806
-0.0054274456 -431.407
-0.0054272456 -433.406
-0.0054270456 -433.406
-0.0054268456 -434.605
-0.0054266456 -433.006
-0.0054264456 -434.205
-0.0054262456 -435.005
-0.0054260456 -434.205
-0.0054258456 -433.006
-0.0054256456 -433.406
-0.0054254456 -434.605
-0.0054252456 -435.005
-0.0054250456 -433.406
-0.0054248456 -432.606
-0.0054246456 -432.606
-0.0054244456 -433.006
-0.0054242456 -431.007
-0.0054240456 -432.606
-0.0054238456 -432.206
-0.0054236456 -431.807
-0.0054234456 -431.407
-0.0054232456 -433.806
-0.0054230456 -434.205
-0.0054228456 -434.605
-0.0054226456 -433.806
-0.0054224456 -433.406
-0.0054222456 -434.205
-0.0054220456 -432.606
-0.0054218456 -433.806
-0.0054216456 -431.007
-0.0054214456 -433.806
-0.0054212456 -433.806
-0.0054210456 -433.006
-0.0054208456 -433.006
-0.0054206456 -433.406
-0.0054204456 -434.205
-0.0054202456 -432.206
-0.0054200456 -429.807
-0.0054198456 -433.806
-0.0054196456 -430.207
-0.0054194456 -433.406
-0.0054192456 -433.406
-0.0054190456 -431.807
-0.0054188456 -433.006
-0.0054186456 -433.806
-0.0054184456 -434.205
-0.0054182456 -432.206
-0.0054180456 -431.007
-0.0054178456 -431.007
-0.0054176456 -433.406
-0.0054174456 -433.006
-0.0054172456 -432.606
-0.0054170456 -432.606
-0.0054168456 -431.007
-0.0054166456 -432.206
-0.0054164456 -431.407
-0.0054162456 -432.606
-0.0054160456 -431.807
-0.0054158456 -433.406
-0.0054156456 -433.006
-0.0054154456 -430.607
-0.0054152456 -432.606
-0.0054150456 -432.206
-0.0054148456 -431.407
-0.0054146456 -433.006
-0.0054144456 -433.006
-0.0054142456 -433.006
-0.0054140456 -433.806
-0.0054138456 -433.806
-0.0054136456 -434.205
-0.0054134456 -430.207
-0.0054132456 -430.607
-0.0054130456 -433.006
-0.0054128456 -432.606
-0.0054126456 -431.407
-0.0054124456 -431.407
-0.0054122456 -432.606
-0.0054120456 -429.008
-0.0054118456 -431.407
-0.0054116456 -433.806
-0.0054114456 -433.406
-0.0054112456 -433.006
-0.0054110456 -431.807
-0.0054108456 -431.007
-0.0054106456 -436.604
-0.0054104456 -433.006
-0.0054102456 -433.406
-0.0054100456 -432.606
-0.0054098456 -429.807
-0.0054096456 -430.607
-0.0054094456 -432.606
-0.0054092456 -432.206
-0.0054090456 -432.206
-0.0054088456 -431.807
-0.0054086456 -429.807
-0.0054084456 -433.006
-0.0054082456 -431.407
-0.0054080456 -432.206
-0.0054078456 -431.007
-0.0054076456 -429.408
-0.0054074456 -431.007
-0.0054072456 -430.207
-0.0054070456 -430.607
-0.0054068456 -430.207
-0.0054066456 -431.407
-0.0054064456 -432.606
-0.0054062456 -430.607
-0.0054060456 -430.607
-0.0054058456 -430.207
-0.0054056456 -433.006
-0.0054054456 -429.008
-0.0054052456 -431.007
-0.0054050456 -431.807
-0.0054048456 -431.407
-0.0054046456 -431.807
-0.0054044456 -429.408
-0.0054042456 -431.407
-0.0054040456 -430.207
-0.0054038456 -430.607
-0.0054036456 -431.007
-0.0054034456 -429.807
-0.0054032456 -432.206
-0.0054030456 -432.206
-0.0054028456 -433.006
-0.0054026456 -433.406
-0.0054024456 -430.607
-0.0054022456 -430.607
-0.0054020456 -432.606
-0.0054018456 -431.407
-0.0054016456 -431.007
-0.0054014456 -431.007
-0.0054012456 -431.007
-0.0054010456 -431.807
-0.0054008456 -432.206
-0.0054006456 -433.806
-0.0054004456 -429.807
-0.0054002456 -429.408
-0.0054000456 -431.407
-0.0053998456 -430.207
-0.0053996456 -430.607
-0.0053994456 -431.007
-0.0053992456 -430.207
-0.0053990456 -430.607
-0.0053988456 -430.607
-0.0053986456 -430.207
-0.0053984456 -427.009
-0.0053982456 -428.608
-0.0053980456 -429.408
-0.0053978456 -430.207
-0.0053976456 -431.007
-0.0053974456 -431.407
-0.0053972456 -431.007
-0.0053970456 -430.607
-0.0053968456 -429.008
-0.0053966456 -431.807
-0.0053964456 -432.206
-0.0053962456 -431.007
-0.0053960456 -432.206
-0.0053958456 -428.608
-0.0053956456 -430.207
-0.0053954456 -428.608
-0.0053952456 -430.607
-0.0053950456 -429.807
-0.0053948456 -432.606
-0.0053946456 -429.008
-0.0053944456 -429.807
-0.0053942456 -428.208
-0.0053940456 -429.008
-0.0053938456 -428.608
-0.0053936456 -427.409
-0.0053934456 -429.008
-0.0053932456 -429.807
-0.0053930456 -428.208
-0.0053928456 -430.207
-0.0053926456 -428.608
-0.0053924456 -429.807
-0.0053922456 -428.208
-0.0053920456 -431.007
-0.0053918456 -429.408
-0.0053916456 -429.008
-0.0053914456 -428.608
-0.0053912456 -426.609
-0.0053910456 -427.409
-0.0053908456 -427.009
-0.0053906456 -431.407
-0.0053904456 -429.408
-0.0053902456 -426.209
-0.0053900456 -426.609
-0.0053898456 -428.608
-0.0053896456 -425.809
-0.0053894456 -428.208
-0.0053892456 -429.807
-0.0053890456 -425.809
-0.0053888456 -426.609
-0.0053886456 -428.208
-0.0053884456 -424.21
-0.0053882456 -426.609
-0.0053880456 -429.408
-0.0053878456 -426.209
-0.0053876456 -425.409
-0.0053874456 -427.009
-0.0053872456 -427.009
-0.0053870456 -427.009
-0.0053868456 -424.61
-0.0053866456 -429.807
-0.0053864456 -426.209
-0.0053862456 -426.609
-0.0053860456 -424.21
-0.0053858456 -428.208
-0.0053856456 -426.609
-0.0053854456 -427.009
-0.0053852456 -425.01
-0.0053850456 -427.409
-0.0053848456 -427.808
-0.0053846456 -429.408
-0.0053844456 -425.809
-0.0053842456 -425.809
-0.0053840456 -423.81
-0.0053838456 -424.61
-0.0053836456 -425.01
-0.0053834456 -427.409
-0.0053832456 -426.609
-0.0053830456 -425.409
-0.0053828456 -425.01
-0.0053826456 -428.608
-0.0053824456 -425.809
-0.0053822456 -425.01
-0.0053820456 -427.409
-0.0053818456 -426.209
-0.0053816456 -425.01
-0.0053814456 -425.01
-0.0053812456 -425.01
-0.0053810456 -425.409
-0.0053808456 -424.61
-0.0053806456 -424.61
-0.0053804456 -428.608
-0.0053802456 -425.409
-0.0053800456 -425.409
-0.0053798456 -425.809
-0.0053796456 -426.209
-0.0053794456 -424.61
-0.0053792456 -426.609
-0.0053790456 -424.61
-0.0053788456 -425.409
-0.0053786456 -425.809
-0.0053784456 -425.809
-0.0053782456 -423.81
-0.0053780456 -423.41
-0.0053778456 -424.61
-0.0053776456 -424.61
-0.0053774456 -425.01
-0.0053772456 -424.61
-0.0053770456 -424.21
-0.0053768456 -425.409
-0.0053766456 -425.809
-0.0053764456 -424.61
-0.0053762456 -423.81
-0.0053760456 -424.61
-0.0053758456 -425.809
-0.0053756456 -425.409
-0.0053754456 -424.61
-0.0053752456 -424.21
-0.0053750456 -421.811
-0.0053748456 -423.41
-0.0053746456 -425.409
-0.0053744456 -424.21
-0.0053742456 -425.809
-0.0053740456 -423.01
-0.0053738456 -421.811
-0.0053736456 -422.611
-0.0053734456 -421.011
-0.0053732456 -425.809
-0.0053730456 -421.411
-0.0053728456 -424.21
-0.0053726456 -423.81
-0.0053724456 -424.61
-0.0053722456 -421.411
-0.0053720456 -423.81
-0.0053718456 -422.611
-0.0053716456 -424.61
-0.0053714456 -426.609
-0.0053712456 -422.211
-0.0053710456 -422.211
-0.0053708456 -421.811
-0.0053706456 -423.81
-0.0053704456 -424.61
-0.0053702456 -425.409
-0.0053700456 -423.41
-0.0053698456 -424.61
-0.0053696456 -423.81
-0.0053694456 -424.21
-0.0053692456 -423.41
-0.0053690456 -424.21
-0.0053688456 -423.41
-0.0053686456 -425.409
-0.0053684456 -425.01
-0.0053682456 -419.412
-0.0053680456 -424.21
-0.0053678456 -419.812
-0.0053676456 -422.211
-0.0053674456 -422.211
-0.0053672456 -421.411
-0.0053670456 -422.611
-0.0053668456 -421.411
-0.0053666456 -421.811
-0.0053664456 -421.011
-0.0053662456 -419.012
-0.0053660456 -421.011
-0.0053658456 -421.811
-0.0053656456 -423.01
-0.0053654456 -420.212
-0.0053652456 -425.01
-0.0053650456 -426.209
-0.0053648456 -423.01
-0.0053646456 -420.212
-0.0053644456 -423.81
-0.0053642456 -422.611
-0.0053640456 -424.21
-0.0053638456 -422.211
-0.0053636456 -421.811
-0.0053634456 -421.811
-0.0053632456 -423.41
-0.0053630456 -423.81
-0.0053628456 -422.611
-0.0053626456 -423.81
-0.0053624456 -423.41
-0.0053622456 -423.41
-0.0053620456 -419.012
-0.0053618456 -421.411
-0.0053616456 -423.01
-0.0053614456 -423.01
-0.0053612456 -422.211
-0.0053610456 -419.812
-0.0053608456 -418.612
-0.0053606456 -420.212
-0.0053604456 -421.811
-0.0053602456 -421.811
-0.0053600456 -423.41
-0.0053598456 -422.611
-0.0053596456 -419.412
-0.0053594456 -421.011
-0.0053592456 -420.212
-0.0053590456 -423.01
-0.0053588456 -422.611
-0.0053586456 -423.01
-0.0053584456 -419.812
-0.0053582456 -420.212
-0.0053580456 -423.81
-0.0053578456 -421.411
-0.0053576456 -418.213
-0.0053574456 -417.813
-0.0053572456 -420.612
-0.0053570456 -421.011
-0.0053568456 -424.61
-0.0053566456 -421.411
-0.0053564456 -421.411
-0.0053562456 -421.411
-0.0053560456 -418.213
-0.0053558456 -422.611
-0.0053556456 -421.811
-0.0053554456 -422.211
-0.0053552456 -419.012
-0.0053550456 -421.011
-0.0053548456 -421.811
-0.0053546456 -424.21
-0.0053544456 -417.813
-0.0053542456 -420.612
-0.0053540456 -420.212
-0.0053538456 -417.813
-0.0053536456 -419.412
-0.0053534456 -421.811
-0.0053532456 -420.212
-0.0053530456 -422.611
-0.0053528456 -422.611
-0.0053526456 -421.411
-0.0053524456 -422.211
-0.0053522456 -419.012
-0.0053520456 -423.01
-0.0053518456 -419.012
-0.0053516456 -420.612
-0.0053514456 -421.011
-0.0053512456 -422.211
-0.0053510456 -419.812
-0.0053508456 -420.612
-0.0053506456 -419.012
-0.0053504456 -421.411
-0.0053502456 -419.412
-0.0053500456 -422.211
-0.0053498456 -420.212
-0.0053496456 -421.011
-0.0053494456 -419.412
-0.0053492456 -419.012
-0.0053490456 -423.01
-0.0053488456 -421.011
-0.0053486456 -420.212
-0.0053484456 -423.81
-0.0053482456 -420.212
-0.0053480456 -421.011
-0.0053478456 -419.412
-0.0053476456 -421.011
-0.0053474456 -420.612
-0.0053472456 -421.011
-0.0053470456 -418.612
-0.0053468456 -418.612
-0.0053466456 -422.211
-0.0053464456 -419.812
-0.0053462456 -420.212
-0.0053460456 -419.012
-0.0053458456 -420.212
-0.0053456456 -421.011
-0.0053454456 -419.812
-0.0053452456 -419.812
-0.0053450456 -422.211
-0.0053448456 -418.213
-0.0053446456 -421.011
-0.0053444456 -419.812
-0.0053442456 -419.412
-0.0053440456 -420.212
-0.0053438456 -419.412
-0.0053436456 -420.612
-0.0053434456 -420.612
-0.0053432456 -420.212
-0.0053430456 -418.213
-0.0053428456 -419.412
-0.0053426456 -420.212
-0.0053424456 -420.212
-0.0053422456 -420.212
-0.0053420456 -420.612
-0.0053418456 -418.213
-0.0053416456 -419.812
-0.0053414456 -419.012
-0.0053412456 -419.812
-0.0053410456 -419.812
-0.0053408456 -421.011
-0.0053406456 -419.012
-0.0053404456 -419.012
-0.0053402456 -420.212
-0.0053400456 -419.812
-0.0053398456 -421.011
-0.0053396456 -418.213
-0.0053394456 -417.813
-0.0053392456 -421.011
-0.0053390456 -420.612
-0.0053388456 -418.612
-0.0053386456 -421.411
-0.0053384456 -420.612
-0.0053382456 -418.213
-0.0053380456 -419.412
-0.0053378456 -419.412
-0.0053376456 -419.012
-0.0053374456 -421.011
-0.0053372456 -419.812
-0.0053370456 -419.812
-0.0053368456 -417.813
-0.0053366456 -420.212
-0.0053364456 -419.412
-0.0053362456 -417.413
-0.0053360456 -418.213
-0.0053358456 -420.212
-0.0053356456 -419.412
-0.0053354456 -417.013
-0.0053352456 -415.814
-0.0053350456 -418.213
-0.0053348456 -419.012
-0.0053346456 -416.613
-0.0053344456 -418.213
-0.0053342456 -419.012
-0.0053340456 -419.012
-0.0053338456 -416.613
-0.0053336456 -419.012
-0.0053334456 -418.213
-0.0053332456 -418.612
-0.0053330456 -417.013
-0.0053328456 -415.014
-0.0053326456 -418.213
-0.0053324456 -417.013
-0.0053322456 -419.412
-0.0053320456 -419.812
-0.0053318456 -417.413
-0.0053316456 -419.812
-0.0053314456 -416.214
-0.0053312456 -418.213
-0.0053310456 -417.413
-0.0053308456 -416.613
-0.0053306456 -417.013
-0.0053304456 -418.213
-0.0053302456 -418.213
-0.0053300456 -417.013
-0.0053298456 -418.213
-0.0053296456 -417.413
-0.0053294456 -417.013
-0.0053292456 -419.412
-0.0053290456 -419.412
-0.0053288456 -417.413
-0.0053286456 -417.013
-0.0053284456 -417.013
-0.0053282456 -418.213
-0.0053280456 -416.214
-0.0053278456 -415.814
-0.0053276456 -413.015
-0.0053274456 -415.814
-0.0053272456 -417.013
-0.0053270456 -415.014
-0.0053268456 -413.415
-0.0053266456 -414.614
-0.0053264456 -416.613
-0.0053262456 -415.814
-0.0053260456 -419.412
-0.0053258456 -416.613
-0.0053256456 -417.013
-0.0053254456 -416.613
-0.0053252456 -417.413
-0.0053250456 -419.412
-0.0053248456 -417.413
-0.0053246456 -417.013
-0.0053244456 -415.814
-0.0053242456 -416.613
-0.0053240456 -415.014
-0.0053238456 -417.013
-0.0053236456 -413.815
-0.0053234456 -416.214
-0.0053232456 -417.013
-0.0053230456 -415.014
-0.0053228456 -417.013
-0.0053226456 -419.012
-0.0053224456 -415.414
-0.0053222456 -417.013
-0.0053220456 -418.213
-0.0053218456 -416.214
-0.0053216456 -415.014
-0.0053214456 -417.013
-0.0053212456 -415.014
-0.0053210456 -414.214
-0.0053208456 -415.014
-0.0053206456 -417.013
-0.0053204456 -417.013
-0.0053202456 -417.413
-0.0053200456 -418.612
-0.0053198456 -417.813
-0.0053196456 -414.214
-0.0053194456 -417.813
-0.0053192456 -415.014
-0.0053190456 -416.214
-0.0053188456 -417.813
-0.0053186456 -413.415
-0.0053184456 -415.014
-0.0053182456 -415.814
-0.0053180456 -414.214
-0.0053178456 -413.815
-0.0053176456 -415.014
-0.0053174456 -415.014
-0.0053172456 -416.214
-0.0053170456 -418.612
-0.0053168456 -414.614
-0.0053166456 -416.214
-0.0053164456 -415.014
-0.0053162456 -415.014
-0.0053160456 -415.414
-0.0053158456 -417.013
-0.0053156456 -414.214
-0.0053154456 -413.815
-0.0053152456 -414.214
-0.0053150456 -417.813
-0.0053148456 -416.214
-0.0053146456 -416.613
-0.0053144456 -417.013
-0.0053142456 -415.014
-0.0053140456 -417.013
-0.0053138456 -417.413
-0.0053136456 -417.413
-0.0053134456 -414.614
-0.0053132456 -414.614
-0.0053130456 -415.414
-0.0053128456 -415.014
-0.0053126456 -414.614
-0.0053124456 -415.014
-0.0053122456 -413.815
-0.0053120456 -415.814
-0.0053118456 -414.214
-0.0053116456 -415.014
-0.0053114456 -417.413
-0.0053112456 -416.214
-0.0053110456 -414.614
-0.0053108456 -415.414
-0.0053106456 -415.014
-0.0053104456 -413.015
-0.0053102456 -415.414
-0.0053100456 -414.214
-0.0053098456 -413.415
-0.0053096456 -414.214
-0.0053094456 -414.614
-0.0053092456 -413.015
-0.0053090456 -415.414
-0.0053088456 -414.614
-0.0053086456 -417.813
-0.0053084456 -413.815
-0.0053082456 -413.415
-0.0053080456 -414.214
-0.0053078456 -413.015
-0.0053076456 -413.015
-0.0053074456 -413.815
-0.0053072456 -413.815
-0.0053070456 -414.614
-0.0053068456 -414.614
-0.0053066456 -413.815
-0.0053064456 -414.614
-0.0053062456 -414.214
-0.0053060456 -411.416
-0.0053058456 -414.614
-0.0053056456 -412.615
-0.0053054456 -415.014
-0.0053052456 -411.416
-0.0053050456 -415.014
-0.0053048456 -413.815
-0.0053046456 -413.815
-0.0053044456 -412.615
-0.0053042456 -413.015
-0.0053040456 -412.215
-0.0053038456 -413.415
-0.0053036456 -412.615
-0.0053034456 -415.014
-0.0053032456 -412.615
-0.0053030456 -410.616
-0.0053028456 -410.616
-0.0053026456 -415.014
-0.0053024456 -413.815
-0.0053022456 -414.214
-0.0053020456 -411.816
-0.0053018456 -410.216
-0.0053016456 -412.215
-0.0053014456 -414.214
-0.0053012456 -413.415
-0.0053010456 -411.016
-0.0053008456 -411.816
-0.0053006456 -411.416
-0.0053004456 -410.616
-0.0053002456 -413.815
-0.0053000456 -411.816
-0.0052998456 -411.816
-0.0052996456 -413.015
-0.0052994456 -410.616
-0.0052992456 -413.415
-0.0052990456 -414.614
-0.0052988456 -410.216
-0.0052986456 -411.816
-0.0052984456 -410.616
-0.0052982456 -412.615
-0.0052980456 -411.816
-0.0052978456 -409.816
-0.0052976456 -413.415
-0.0052974456 -411.416
-0.0052972456 -413.815
-0.0052970456 -413.415
-0.0052968456 -409.816
-0.0052966456 -410.616
-0.0052964456 -410.616
-0.0052962456 -410.216
-0.0052960456 -411.416
-0.0052958456 -410.616
-0.0052956456 -410.616
-0.0052954456 -409.417
-0.0052952456 -409.417
-0.0052950456 -411.816
-0.0052948456 -413.815
-0.0052946456 -413.015
-0.0052944456 -410.616
-0.0052942456 -411.016
-0.0052940456 -413.015
-0.0052938456 -411.416
-0.0052936456 -410.616
-0.0052934456 -411.816
-0.0052932456 -411.416
-0.0052930456 -411.816
-0.0052928456 -410.616
-0.0052926456 -411.016
-0.0052924456 -411.816
-0.0052922456 -409.417
-0.0052920456 -409.017
-0.0052918456 -409.816
-0.0052916456 -413.415
-0.0052914456 -411.816
-0.0052912456 -411.416
-0.0052910456 -409.017
-0.0052908456 -410.616
-0.0052906456 -412.615
-0.0052904456 -411.816
-0.0052902456 -412.215
-0.0052900456 -410.216
-0.0052898456 -411.416
-0.0052896456 -413.015
-0.0052894456 -409.417
-0.0052892456 -409.816
-0.0052890456 -409.816
-0.0052888456 -411.816
-0.0052886456 -409.417
-0.0052884456 -409.017
-0.0052882456 -406.618
-0.0052880456 -412.215
-0.0052878456 -410.216
-0.0052876456 -410.216
-0.0052874456 -409.417
-0.0052872456 -410.216
-0.0052870456 -408.217
-0.0052868456 -411.416
-0.0052866456 -411.016
-0.0052864456 -409.816
-0.0052862456 -411.816
-0.0052860456 -410.216
-0.0052858456 -409.017
-0.0052856456 -410.216
-0.0052854456 -408.617
-0.0052852456 -407.417
-0.0052850456 -410.616
-0.0052848456 -409.417
-0.0052846456 -410.616
-0.0052844456 -409.017
-0.0052842456 -409.816
-0.0052840456 -406.618
-0.0052838456 -410.616
-0.0052836456 -410.616
-0.0052834456 -409.816
-0.0052832456 -409.017
-0.0052830456 -407.417
-0.0052828456 -407.018
-0.0052826456 -409.417
-0.0052824456 -407.817
-0.0052822456 -408.217
-0.0052820456 -409.017
-0.0052818456 -407.417
-0.0052816456 -406.218
-0.0052814456 -406.618
-0.0052812456 -409.017
-0.0052810456 -408.217
-0.0052808456 -407.817
-0.0052806456 -406.618
-0.0052804456 -409.017
-0.0052802456 -409.816
-0.0052800456 -407.018
-0.0052798456 -406.618
-0.0052796456 -407.817
-0.0052794456 -407.817
-0.0052792456 -411.416
-0.0052790456 -408.617
-0.0052788456 -406.618
-0.0052786456 -407.417
-0.0052784456 -405.418
-0.0052782456 -406.618
-0.0052780456 -410.616
-0.0052778456 -407.817
-0.0052776456 -406.218
-0.0052774456 -410.616
-0.0052772456 -407.417
-0.0052770456 -405.418
-0.0052768456 -404.219
-0.0052766456 -408.617
-0.0052764456 -408.217
-0.0052762456 -409.017
-0.0052760456 -405.418
-0.0052758456 -407.018
-0.0052756456 -409.017
-0.0052754456 -408.217
-0.0052752456 -409.417
-0.0052750456 -409.816
-0.0052748456 -407.018
-0.0052746456 -406.218
-0.0052744456 -407.817
-0.0052742456 -406.618
-0.0052740456 -406.218
-0.0052738456 -408.617
-0.0052736456 -406.618
-0.0052734456 -407.817
-0.0052732456 -405.818
-0.0052730456 -407.417
-0.0052728456 -408.617
-0.0052726456 -407.817
-0.0052724456 -407.417
-0.0052722456 -405.418
-0.0052720456 -405.019
-0.0052718456 -408.617
-0.0052716456 -407.018
-0.0052714456 -407.018
-0.0052712456 -407.417
-0.0052710456 -407.018
-0.0052708456 -409.017
-0.0052706456 -406.218
-0.0052704456 -405.418
-0.0052702456 -403.419
-0.0052700456 -406.218
-0.0052698456 -407.018
-0.0052696456 -408.617
-0.0052694456 -405.818
-0.0052692456 -405.818
-0.0052690456 -409.816
-0.0052688456 -407.018
-0.0052686456 -410.616
-0.0052684456 -406.618
-0.0052682456 -409.017
-0.0052680456 -408.217
-0.0052678456 -405.418
-0.0052676456 -406.218
-0.0052674456 -407.417
-0.0052672456 -406.618
-0.0052670456 -409.017
-0.0052668456 -407.417
-0.0052666456 -407.817
-0.0052664456 -407.018
-0.0052662456 -405.818
-0.0052660456 -406.618
-0.0052658456 -405.818
-0.0052656456 -405.818
-0.0052654456 -407.817
-0.0052652456 -405.818
-0.0052650456 -406.218
-0.0052648456 -403.819
-0.0052646456 -406.218
-0.0052644456 -403.019
-0.0052642456 -404.619
-0.0052640456 -404.619
-0.0052638456 -406.618
-0.0052636456 -405.418
-0.0052634456 -406.218
-0.0052632456 -403.819
-0.0052630456 -407.417
-0.0052628456 -404.219
-0.0052626456 -405.019
-0.0052624456 -406.618
-0.0052622456 -403.419
-0.0052620456 -402.22
-0.0052618456 -405.818
-0.0052616456 -405.019
-0.0052614456 -407.417
-0.0052612456 -407.417
-0.0052610456 -405.019
-0.0052608456 -404.619
-0.0052606456 -404.619
-0.0052604456 -403.019
-0.0052602456 -406.218
-0.0052600456 -406.218
-0.0052598456 -405.019
-0.0052596456 -406.218
-0.0052594456 -405.019
-0.0052592456 -405.019
-0.0052590456 -405.818
-0.0052588456 -405.019
-0.0052586456 -403.819
-0.0052584456 -405.019
-0.0052582456 -402.62
-0.0052580456 -405.818
-0.0052578456 -402.62
-0.0052576456 -402.22
-0.0052574456 -404.619
-0.0052572456 -403.019
-0.0052570456 -405.019
-0.0052568456 -405.019
-0.0052566456 -405.019
-0.0052564456 -405.818
-0.0052562456 -403.819
-0.0052560456 -405.418
-0.0052558456 -405.818
-0.0052556456 -404.619
-0.0052554456 -406.618
-0.0052552456 -404.619
-0.0052550456 -407.817
-0.0052548456 -408.617
-0.0052546456 -406.618
-0.0052544456 -404.619
-0.0052542456 -403.819
-0.0052540456 -406.618
-0.0052538456 -407.018
-0.0052536456 -403.019
-0.0052534456 -405.418
-0.0052532456 -403.419
-0.0052530456 -405.818
-0.0052528456 -405.818
-0.0052526456 -403.819
-0.0052524456 -407.817
-0.0052522456 -406.618
-0.0052520456 -403.819
-0.0052518456 -404.219
-0.0052516456 -407.417
-0.0052514456 -403.419
-0.0052512456 -405.818
-0.0052510456 -403.819
-0.0052508456 -404.619
-0.0052506456 -407.018
-0.0052504456 -404.619
-0.0052502456 -404.219
-0.0052500456 -405.418
-0.0052498456 -405.019
-0.0052496456 -403.419
-0.0052494456 -403.819
-0.0052492456 -405.818
-0.0052490456 -406.618
-0.0052488456 -405.418
-0.0052486456 -405.818
-0.0052484456 -401.42
-0.0052482456 -406.218
-0.0052480456 -405.818
-0.0052478456 -404.219
-0.0052476456 -405.818
-0.0052474456 -404.219
-0.0052472456 -405.019
-0.0052470456 -405.418
-0.0052468456 -405.418
-0.0052466456 -405.818
-0.0052464456 -405.019
-0.0052462456 -406.618
-0.0052460456 -406.218
-0.0052458456 -403.019
-0.0052456456 -407.018
-0.0052454456 -404.219
-0.0052452456 -405.818
-0.0052450456 -402.62
-0.0052448456 -403.419
-0.0052446456 -405.019
-0.0052444456 -405.019
-0.0052442456 -403.819
-0.0052440456 -403.019
-0.0052438456 -402.62
-0.0052436456 -403.819
-0.0052434456 -404.619
-0.0052432456 -404.219
-0.0052430456 -404.219
-0.0052428456 -405.418
-0.0052426456 -404.619
-0.0052424456 -404.219
-0.0052422456 -403.819
-0.0052420456 -406.218
-0.0052418456 -403.819
-0.0052416456 -405.818
-0.0052414456 -407.018
-0.0052412456 -405.019
-0.0052410456 -406.218
-0.0052408456 -405.019
-0.0052406456 -400.221
-0.0052404456 -404.219
-0.0052402456 -403.019
-0.0052400456 -402.22
-0.0052398456 -404.619
-0.0052396456 -400.621
-0.0052394456 -404.219
-0.0052392456 -403.819
-0.0052390456 -403.019
-0.0052388456 -404.619
-0.0052386456 -405.019
-0.0052384456 -402.22
-0.0052382456 -402.22
-0.0052380456 -401.82
-0.0052378456 -402.22
-0.0052376456 -401.42
-0.0052374456 -401.42
-0.0052372456 -399.021
-0.0052370456 -399.421
-0.0052368456 -402.62
-0.0052366456 -403.419
-0.0052364456 -402.62
-0.0052362456 -403.019
-0.0052360456 -403.419
-0.0052358456 -401.02
-0.0052356456 -403.019
-0.0052354456 -403.019
-0.0052352456 -399.821
-0.0052350456 -401.02
-0.0052348456 -401.02
-0.0052346456 -400.221
-0.0052344456 -401.82
-0.0052342456 -401.42
-0.0052340456 -400.621
-0.0052338456 -399.421
-0.0052336456 -401.42
-0.0052334456 -401.02
-0.0052332456 -403.019
-0.0052330456 -401.42
-0.0052328456 -397.822
-0.0052326456 -403.019
-0.0052324456 -402.62
-0.0052322456 -401.02
-0.0052320456 -400.621
-0.0052318456 -399.421
-0.0052316456 -402.22
-0.0052314456 -401.82
-0.0052312456 -401.02
-0.0052310456 -401.82
-0.0052308456 -398.621
-0.0052306456 -401.42
-0.0052304456 -401.02
-0.0052302456 -398.222
-0.0052300456 -401.42
-0.0052298456 -402.62
-0.0052296456 -400.221
-0.0052294456 -400.221
-0.0052292456 -400.621
-0.0052290456 -399.021
-0.0052288456 -400.621
-0.0052286456 -399.821
-0.0052284456 -399.021
-0.0052282456 -399.821
-0.0052280456 -400.621
-0.0052278456 -400.221
-0.0052276456 -398.621
-0.0052274456 -400.221
-0.0052272456 -399.021
-0.0052270456 -403.419
-0.0052268456 -397.022
-0.0052266456 -400.621
-0.0052264456 -399.821
-0.0052262456 -399.021
-0.0052260456 -399.021
-0.0052258456 -399.821
-0.0052256456 -397.022
-0.0052254456 -396.222
-0.0052252456 -399.421
-0.0052250456 -399.021
-0.0052248456 -400.221
-0.0052246456 -400.221
-0.0052244456 -397.422
-0.0052242456 -397.022
-0.0052240456 -401.82
-0.0052238456 -398.222
-0.0052236456 -399.421
-0.0052234456 -398.621
-0.0052232456 -398.222
-0.0052230456 -400.221
-0.0052228456 -398.621
-0.0052226456 -395.823
-0.0052224456 -400.621
-0.0052222456 -397.022
-0.0052220456 -397.822
-0.0052218456 -400.621
-0.0052216456 -399.821
-0.0052214456 -400.221
-0.0052212456 -401.42
-0.0052210456 -398.621
-0.0052208456 -399.421
-0.0052206456 -398.621
-0.0052204456 -397.822
-0.0052202456 -397.822
-0.0052200456 -398.222
-0.0052198456 -396.622
-0.0052196456 -397.422
-0.0052194456 -398.222
-0.0052192456 -399.821
-0.0052190456 -397.822
-0.0052188456 -401.42
-0.0052186456 -398.222
-0.0052184456 -397.822
-0.0052182456 -399.421
-0.0052180456 -398.621
-0.0052178456 -397.822
-0.0052176456 -399.021
-0.0052174456 -397.422
-0.0052172456 -398.621
-0.0052170456 -397.422
-0.0052168456 -395.823
-0.0052166456 -398.222
-0.0052164456 -398.222
-0.0052162456 -396.622
-0.0052160456 -399.021
-0.0052158456 -399.021
-0.0052156456 -397.022
-0.0052154456 -398.621
-0.0052152456 -398.222
-0.0052150456 -397.022
-0.0052148456 -398.222
-0.0052146456 -399.021
-0.0052144456 -399.021
-0.0052142456 -397.022
-0.0052140456 -396.622
-0.0052138456 -398.222
-0.0052136456 -398.222
-0.0052134456 -396.222
-0.0052132456 -394.223
-0.0052130456 -397.422
-0.0052128456 -399.821
-0.0052126456 -398.621
-0.0052124456 -395.023
-0.0052122456 -397.822
-0.0052120456 -397.022
-0.0052118456 -397.022
-0.0052116456 -395.823
-0.0052114456 -397.422
-0.0052112456 -399.021
-0.0052110456 -396.222
-0.0052108456 -396.222
-0.0052106456 -398.222
-0.0052104456 -398.621
-0.0052102456 -400.221
-0.0052100456 -397.822
-0.0052098456 -396.622
-0.0052096456 -398.621
-0.0052094456 -400.221
-0.0052092456 -397.022
-0.0052090456 -399.821
-0.0052088456 -395.023
-0.0052086456 -397.422
-0.0052084456 -397.422
-0.0052082456 -395.823
-0.0052080456 -395.823
-0.0052078456 -395.823
-0.0052076456 -396.622
-0.0052074456 -397.422
-0.0052072456 -399.021
-0.0052070456 -398.621
-0.0052068456 -397.422
-0.0052066456 -397.022
-0.0052064456 -395.023
-0.0052062456 -395.823
-0.0052060456 -398.621
-0.0052058456 -398.222
-0.0052056456 -397.422
-0.0052054456 -398.222
-0.0052052456 -400.221
-0.0052050456 -399.021
-0.0052048456 -398.222
-0.0052046456 -395.023
-0.0052044456 -398.621
-0.0052042456 -396.622
-0.0052040456 -397.422
-0.0052038456 -396.222
-0.0052036456 -395.423
-0.0052034456 -395.823
-0.0052032456 -395.023
-0.0052030456 -395.823
-0.0052028456 -399.021
-0.0052026456 -397.022
-0.0052024456 -395.823
-0.0052022456 -396.222
-0.0052020456 -396.622
-0.0052018456 -399.021
-0.0052016456 -397.022
-0.0052014456 -398.222
-0.0052012456 -395.823
-0.0052010456 -395.823
-0.0052008456 -395.823
-0.0052006456 -396.222
-0.0052004456 -394.623
-0.0052002456 -399.421
-0.0052000456 -397.822
-0.0051998456 -398.222
-0.0051996456 -394.623
-0.0051994456 -394.623
-0.0051992456 -395.823
-0.0051990456 -394.223
-0.0051988456 -401.82
-0.0051986456 -399.421
-0.0051984456 -398.621
-0.0051982456 -393.824
-0.0051980456 -399.021
-0.0051978456 -397.822
-0.0051976456 -397.822
-0.0051974456 -397.422
-0.0051972456 -399.821
-0.0051970456 -399.021
-0.0051968456 -396.222
-0.0051966456 -394.623
-0.0051964456 -395.823
-0.0051962456 -397.822
-0.0051960456 -397.822
-0.0051958456 -398.222
-0.0051956456 -396.222
-0.0051954456 -396.222
-0.0051952456 -397.022
-0.0051950456 -396.222
-0.0051948456 -393.824
-0.0051946456 -395.023
-0.0051944456 -395.023
-0.0051942456 -395.823
-0.0051940456 -395.823
-0.0051938456 -395.423
-0.0051936456 -395.823
-0.0051934456 -396.622
-0.0051932456 -396.222
-0.0051930456 -397.022
-0.0051928456 -397.022
-0.0051926456 -396.222
-0.0051924456 -397.422
-0.0051922456 -393.424
-0.0051920456 -393.824
-0.0051918456 -394.223
-0.0051916456 -395.023
-0.0051914456 -394.223
-0.0051912456 -392.224
-0.0051910456 -394.223
-0.0051908456 -394.223
-0.0051906456 -396.222
-0.0051904456 -393.824
-0.0051902456 -396.622
-0.0051900456 -395.023
-0.0051898456 -397.822
-0.0051896456 -395.423
-0.0051894456 -395.423
-0.0051892456 -395.823
-0.0051890456 -394.623
-0.0051888456 -392.624
-0.0051886456 -396.222
-0.0051884456 -395.823
-0.0051882456 -396.622
-0.0051880456 -393.824
-0.0051878456 -393.424
-0.0051876456 -394.223
-0.0051874456 -393.424
-0.0051872456 -393.824
-0.0051870456 -395.023
-0.0051868456 -394.223
-0.0051866456 -395.423
-0.0051864456 -392.624
-0.0051862456 -395.023
-0.0051860456 -393.824
-0.0051858456 -397.022
-0.0051856456 -393.824
-0.0051854456 -391.425
-0.0051852456 -393.824
-0.0051850456 -391.824
-0.0051848456 -396.222
-0.0051846456 -395.023
-0.0051844456 -394.223
-0.0051842456 -391.824
-0.0051840456 -395.423
-0.0051838456 -394.623
-0.0051836456 -395.423
-0.0051834456 -393.824
-0.0051832456 -392.224
-0.0051830456 -395.823
-0.0051828456 -395.423
-0.0051826456 -394.623
-0.0051824456 -393.824
-0.0051822456 -393.824
-0.0051820456 -394.223
-0.0051818456 -391.425
-0.0051816456 -395.423
-0.0051814456 -393.424
-0.0051812456 -393.824
-0.0051810456 -392.224
-0.0051808456 -393.024
-0.0051806456 -394.223
-0.0051804456 -394.623
-0.0051802456 -391.425
-0.0051800456 -393.024
-0.0051798456 -395.823
-0.0051796456 -393.424
-0.0051794456 -393.824
-0.0051792456 -391.824
-0.0051790456 -392.624
-0.0051788456 -392.624
-0.0051786456 -395.423
-0.0051784456 -391.824
-0.0051782456 -393.424
-0.0051780456 -394.223
-0.0051778456 -392.624
-0.0051776456 -394.223
-0.0051774456 -392.224
-0.0051772456 -392.224
-0.0051770456 -391.824
-0.0051768456 -391.824
-0.0051766456 -392.624
-0.0051764456 -392.224
-0.0051762456 -392.624
-0.0051760456 -391.025
-0.0051758456 -392.624
-0.0051756456 -393.024
-0.0051754456 -391.824
-0.0051752456 -390.625
-0.0051750456 -392.224
-0.0051748456 -391.824
-0.0051746456 -390.625
-0.0051744456 -388.626
-0.0051742456 -393.824
-0.0051740456 -391.824
-0.0051738456 -389.825
-0.0051736456 -390.625
-0.0051734456 -391.025
-0.0051732456 -391.025
-0.0051730456 -391.425
-0.0051728456 -391.025
-0.0051726456 -389.026
-0.0051724456 -390.625
-0.0051722456 -389.426
-0.0051720456 -391.425
-0.0051718456 -395.823
-0.0051716456 -390.625
-0.0051714456 -390.625
-0.0051712456 -392.224
-0.0051710456 -390.625
-0.0051708456 -390.625
-0.0051706456 -391.025
-0.0051704456 -392.224
-0.0051702456 -389.026
-0.0051700456 -390.625
-0.0051698456 -390.625
-0.0051696456 -392.224
-0.0051694456 -390.225
-0.0051692456 -392.224
-0.0051690456 -389.426
-0.0051688456 -391.025
-0.0051686456 -390.625
-0.0051684456 -391.025
-0.0051682456 -389.026
-0.0051680456 -387.426
-0.0051678456 -390.625
-0.0051676456 -391.824
-0.0051674456 -390.625
-0.0051672456 -389.825
-0.0051670456 -388.626
-0.0051668456 -391.025
-0.0051666456 -388.626
-0.0051664456 -389.426
-0.0051662456 -389.426
-0.0051660456 -389.426
-0.0051658456 -393.024
-0.0051656456 -392.224
-0.0051654456 -390.225
-0.0051652456 -390.225
-0.0051650456 -391.025
-0.0051648456 -391.824
-0.0051646456 -391.425
-0.0051644456 -391.824
-0.0051642456 -389.825
-0.0051640456 -392.224
-0.0051638456 -392.224
-0.0051636456 -390.225
-0.0051634456 -389.026
-0.0051632456 -389.426
-0.0051630456 -392.624
-0.0051628456 -391.425
-0.0051626456 -389.825
-0.0051624456 -390.225
-0.0051622456 -390.625
-0.0051620456 -389.026
-0.0051618456 -387.426
-0.0051616456 -389.825
-0.0051614456 -389.026
-0.0051612456 -389.825
-0.0051610456 -387.426
-0.0051608456 -388.626
-0.0051606456 -386.627
-0.0051604456 -388.226
-0.0051602456 -388.626
-0.0051600456 -390.225
-0.0051598456 -389.426
-0.0051596456 -389.825
-0.0051594456 -389.026
-0.0051592456 -391.025
-0.0051590456 -389.426
-0.0051588456 -388.226
-0.0051586456 -388.226
-0.0051584456 -393.024
-0.0051582456 -388.226
-0.0051580456 -387.826
-0.0051578456 -390.625
-0.0051576456 -387.826
-0.0051574456 -389.426
-0.0051572456 -389.426
-0.0051570456 -388.226
-0.0051568456 -389.026
-0.0051566456 -388.226
-0.0051564456 -387.826
-0.0051562456 -388.626
-0.0051560456 -390.625
-0.0051558456 -389.825
-0.0051556456 -390.225
-0.0051554456 -389.426
-0.0051552456 -389.825
-0.0051550456 -389.825
-0.0051548456 -390.625
-0.0051546456 -390.225
-0.0051544456 -389.825
-0.0051542456 -388.626
-0.0051540456 -388.226
-0.0051538456 -391.425
-0.0051536456 -391.025
-0.0051534456 -387.027
-0.0051532456 -392.624
-0.0051530456 -389.426
-0.0051528456 -390.225
-0.0051526456 -390.625
-0.0051524456 -388.226
-0.0051522456 -389.026
-0.0051520456 -388.226
-0.0051518456 -388.626
-0.0051516456 -390.225
-0.0051514456 -390.625
-0.0051512456 -390.625
-0.0051510456 -386.227
-0.0051508456 -389.026
-0.0051506456 -389.426
-0.0051504456 -389.426
-0.0051502456 -388.226
-0.0051500456 -387.426
-0.0051498456 -386.627
-0.0051496456 -388.626
-0.0051494456 -387.027
-0.0051492456 -386.627
-0.0051490456 -389.026
-0.0051488456 -386.627
-0.0051486456 -389.026
-0.0051484456 -389.825
-0.0051482456 -389.426
-0.0051480456 -389.825
-0.0051478456 -386.627
-0.0051476456 -387.426
-0.0051474456 -391.025
-0.0051472456 -391.025
-0.0051470456 -391.425
-0.0051468456 -391.425
-0.0051466456 -389.026
-0.0051464456 -390.225
-0.0051462456 -391.025
-0.0051460456 -389.426
-0.0051458456 -388.226
-0.0051456456 -386.627
-0.0051454456 -387.426
-0.0051452456 -389.026
-0.0051450456 -389.026
-0.0051448456 -387.426
-0.0051446456 -388.626
-0.0051444456 -388.626
-0.0051442456 -388.226
-0.0051440456 -391.425
-0.0051438456 -387.826
-0.0051436456 -387.826
-0.0051434456 -388.226
-0.0051432456 -390.625
-0.0051430456 -388.226
-0.0051428456 -386.627
-0.0051426456 -387.826
-0.0051424456 -384.628
-0.0051422456 -385.827
-0.0051420456 -389.825
-0.0051418456 -389.426
-0.0051416456 -388.626
-0.0051414456 -387.826
-0.0051412456 -387.426
-0.0051410456 -387.826
-0.0051408456 -389.026
-0.0051406456 -386.627
-0.0051404456 -389.026
-0.0051402456 -389.026
-0.0051400456 -386.627
-0.0051398456 -388.626
-0.0051396456 -388.626
-0.0051394456 -383.828
-0.0051392456 -388.626
-0.0051390456 -388.226
-0.0051388456 -390.225
-0.0051386456 -387.426
-0.0051384456 -386.627
-0.0051382456 -385.827
-0.0051380456 -388.226
-0.0051378456 -386.227
-0.0051376456 -389.426
-0.0051374456 -385.427
-0.0051372456 -387.426
-0.0051370456 -384.628
-0.0051368456 -387.426
-0.0051366456 -389.026
-0.0051364456 -387.426
-0.0051362456 -386.627
-0.0051360456 -388.226
-0.0051358456 -388.226
-0.0051356456 -385.827
-0.0051354456 -390.625
-0.0051352456 -388.626
-0.0051350456 -387.826
-0.0051348456 -386.227
-0.0051346456 -386.627
-0.0051344456 -386.227
-0.0051342456 -387.027
-0.0051340456 -387.426
-0.0051338456 -385.427
-0.0051336456 -387.027
-0.0051334456 -385.028
-0.0051332456 -386.627
-0.0051330456 -387.426
-0.0051328456 -387.826
-0.0051326456 -387.027
-0.0051324456 -387.027
-0.0051322456 -385.827
-0.0051320456 -386.627
-0.0051318456 -384.628
-0.0051316456 -386.227
-0.0051314456 -389.026
-0.0051312456 -387.426
-0.0051310456 -388.226
-0.0051308456 -384.628
-0.0051306456 -387.826
-0.0051304456 -387.426
-0.0051302456 -384.628
-0.0051300456 -389.026
-0.0051298456 -386.227
-0.0051296456 -385.827
-0.0051294456 -389.026
-0.0051292456 -387.027
-0.0051290456 -385.427
-0.0051288456 -385.427
-0.0051286456 -385.427
-0.0051284456 -387.027
-0.0051282456 -385.427
-0.0051280456 -383.028
-0.0051278456 -387.426
-0.0051276456 -387.027
-0.0051274456 -386.627
-0.0051272456 -385.028
-0.0051270456 -386.627
-0.0051268456 -387.826
-0.0051266456 -386.627
-0.0051264456 -389.026
-0.0051262456 -387.027
-0.0051260456 -387.426
-0.0051258456 -385.028
-0.0051256456 -387.426
-0.0051254456 -386.227
-0.0051252456 -384.628
-0.0051250456 -386.627
-0.0051248456 -386.627
-0.0051246456 -387.426
-0.0051244456 -385.028
-0.0051242456 -385.827
-0.0051240456 -388.626
-0.0051238456 -387.027
-0.0051236456 -388.226
-0.0051234456 -387.027
-0.0051232456 -385.827
-0.0051230456 -386.227
-0.0051228456 -383.828
-0.0051226456 -386.227
-0.0051224456 -385.028
-0.0051222456 -387.027
-0.0051220456 -384.228
-0.0051218456 -384.228
-0.0051216456 -381.829
-0.0051214456 -385.827
-0.0051212456 -387.826
-0.0051210456 -387.426
-0.0051208456 -387.426
-0.0051206456 -384.628
-0.0051204456 -385.827
-0.0051202456 -385.028
-0.0051200456 -387.027
-0.0051198456 -385.427
-0.0051196456 -387.826
-0.0051194456 -387.826
-0.0051192456 -386.627
-0.0051190456 -387.426
-0.0051188456 -386.227
-0.0051186456 -385.028
-0.0051184456 -382.629
-0.0051182456 -385.827
-0.0051180456 -385.427
-0.0051178456 -387.426
-0.0051176456 -389.026
-0.0051174456 -381.829
-0.0051172456 -384.628
-0.0051170456 -386.227
-0.0051168456 -387.426
-0.0051166456 -387.426
-0.0051164456 -385.028
-0.0051162456 -384.628
-0.0051160456 -384.628
-0.0051158456 -385.028
-0.0051156456 -386.627
-0.0051154456 -387.027
-0.0051152456 -384.628
-0.0051150456 -384.628
-0.0051148456 -385.028
-0.0051146456 -385.427
-0.0051144456 -385.827
-0.0051142456 -385.427
-0.0051140456 -384.228
-0.0051138456 -383.828
-0.0051136456 -382.229
-0.0051134456 -385.827
-0.0051132456 -383.828
-0.0051130456 -382.629
-0.0051128456 -386.227
-0.0051126456 -385.827
-0.0051124456 -387.426
-0.0051122456 -385.827
-0.0051120456 -383.028
-0.0051118456 -384.228
-0.0051116456 -385.427
-0.0051114456 -386.227
-0.0051112456 -382.229
-0.0051110456 -384.228
-0.0051108456 -383.828
-0.0051106456 -383.828
-0.0051104456 -387.027
-0.0051102456 -384.628
-0.0051100456 -385.028
-0.0051098456 -382.229
-0.0051096456 -386.627
-0.0051094456 -386.627
-0.0051092456 -384.628
-0.0051090456 -385.028
-0.0051088456 -382.229
-0.0051086456 -382.229
-0.0051084456 -379.83
-0.0051082456 -382.629
-0.0051080456 -384.628
-0.0051078456 -384.228
-0.0051076456 -385.427
-0.0051074456 -381.429
-0.0051072456 -385.427
-0.0051070456 -385.827
-0.0051068456 -385.028
-0.0051066456 -382.229
-0.0051064456 -382.229
-0.0051062456 -384.628
-0.0051060456 -381.829
-0.0051058456 -381.029
-0.0051056456 -382.229
-0.0051054456 -384.228
-0.0051052456 -383.028
-0.0051050456 -381.429
-0.0051048456 -382.629
-0.0051046456 -381.829
-0.0051044456 -383.028
-0.0051042456 -385.827
-0.0051040456 -383.028
-0.0051038456 -382.629
-0.0051036456 -381.829
-0.0051034456 -384.228
-0.0051032456 -382.629
-0.0051030456 -381.429
-0.0051028456 -383.028
-0.0051026456 -383.028
-0.0051024456 -384.228
-0.0051022456 -382.629
-0.0051020456 -382.629
-0.0051018456 -383.828
-0.0051016456 -382.229
-0.0051014456 -382.229
-0.0051012456 -379.43
-0.0051010456 -379.43
-0.0051008456 -381.429
-0.0051006456 -383.028
-0.0051004456 -384.228
-0.0051002456 -381.029
-0.0051000456 -384.228
-0.0050998456 -383.428
-0.0050996456 -382.629
-0.0050994456 -382.229
-0.0050992456 -381.429
-0.0050990456 -381.429
-0.0050988456 -382.229
-0.0050986456 -382.629
-0.0050984456 -380.629
-0.0050982456 -382.229
-0.0050980456 -379.43
-0.0050978456 -382.229
-0.0050976456 -379.43
-0.0050974456 -381.029
-0.0050972456 -380.23
-0.0050970456 -379.43
-0.0050968456 -382.229
-0.0050966456 -385.427
-0.0050964456 -380.629
-0.0050962456 -383.828
-0.0050960456 -380.23
-0.0050958456 -379.43
-0.0050956456 -379.43
-0.0050954456 -384.628
-0.0050952456 -379.83
-0.0050950456 -379.43
-0.0050948456 -382.629
-0.0050946456 -382.229
-0.0050944456 -382.229
-0.0050942456 -382.229
-0.0050940456 -383.428
-0.0050938456 -382.629
-0.0050936456 -381.029
-0.0050934456 -381.429
-0.0050932456 -381.429
-0.0050930456 -382.229
-0.0050928456 -383.028
-0.0050926456 -382.229
-0.0050924456 -381.029
-0.0050922456 -381.429
-0.0050920456 -381.429
-0.0050918456 -380.629
-0.0050916456 -380.629
-0.0050914456 -380.23
-0.0050912456 -379.43
-0.0050910456 -378.63
-0.0050908456 -379.83
-0.0050906456 -379.43
-0.0050904456 -382.229
-0.0050902456 -381.829
-0.0050900456 -380.23
-0.0050898456 -380.23
-0.0050896456 -381.829
-0.0050894456 -378.231
-0.0050892456 -379.03
-0.0050890456 -383.028
-0.0050888456 -379.83
-0.0050886456 -377.431
-0.0050884456 -380.629
-0.0050882456 -377.831
-0.0050880456 -381.029
-0.0050878456 -379.83
-0.0050876456 -379.43
-0.0050874456 -381.429
-0.0050872456 -379.03
-0.0050870456 -382.229
-0.0050868456 -380.629
-0.0050866456 -379.83
-0.0050864456 -379.43
-0.0050862456 -379.43
-0.0050860456 -378.63
-0.0050858456 -379.83
-0.0050856456 -380.23
-0.0050854456 -379.43
-0.0050852456 -379.03
-0.0050850456 -380.23
-0.0050848456 -379.03
-0.0050846456 -380.629
-0.0050844456 -381.429
-0.0050842456 -377.831
-0.0050840456 -377.431
-0.0050838456 -377.431
-0.0050836456 -376.631
-0.0050834456 -379.03
-0.0050832456 -377.431
-0.0050830456 -378.231
-0.0050828456 -379.03
-0.0050826456 -378.63
-0.0050824456 -379.83
-0.0050822456 -380.23
-0.0050820456 -376.631
-0.0050818456 -380.629
-0.0050816456 -376.231
-0.0050814456 -379.03
-0.0050812456 -379.83
-0.0050810456 -378.63
-0.0050808456 -378.231
-0.0050806456 -379.83
-0.0050804456 -379.03
-0.0050802456 -377.831
-0.0050800456 -379.03
-0.0050798456 -379.03
-0.0050796456 -377.831
-0.0050794456 -378.63
-0.0050792456 -377.031
-0.0050790456 -376.631
-0.0050788456 -377.831
-0.0050786456 -375.832
-0.0050784456 -379.43
-0.0050782456 -377.831
-0.0050780456 -379.83
-0.0050778456 -377.831
-0.0050776456 -380.629
-0.0050774456 -377.431
-0.0050772456 -378.63
-0.0050770456 -380.23
-0.0050768456 -379.43
-0.0050766456 -380.629
-0.0050764456 -378.63
-0.0050762456 -377.831
-0.0050760456 -376.231
-0.0050758456 -375.832
-0.0050756456 -375.432
-0.0050754456 -377.831
-0.0050752456 -379.83
-0.0050750456 -375.432
-0.0050748456 -377.031
-0.0050746456 -377.831
-0.0050744456 -376.631
-0.0050742456 -380.23
-0.0050740456 -376.631
-0.0050738456 -377.031
-0.0050736456 -375.832
-0.0050734456 -377.831
-0.0050732456 -378.231
-0.0050730456 -376.231
-0.0050728456 -376.231
-0.0050726456 -377.431
-0.0050724456 -378.63
-0.0050722456 -377.831
-0.0050720456 -379.03
-0.0050718456 -375.832
-0.0050716456 -376.631
-0.0050714456 -378.231
-0.0050712456 -377.831
-0.0050710456 -374.632
-0.0050708456 -375.032
-0.0050706456 -376.231
-0.0050704456 -375.032
-0.0050702456 -379.83
-0.0050700456 -377.031
-0.0050698456 -376.231
-0.0050696456 -376.631
-0.0050694456 -378.63
-0.0050692456 -378.63
-0.0050690456 -375.032
-0.0050688456 -375.832
-0.0050686456 -377.831
-0.0050684456 -376.631
-0.0050682456 -377.431
-0.0050680456 -375.832
-0.0050678456 -377.031
-0.0050676456 -377.831
-0.0050674456 -377.031
-0.0050672456 -377.431
-0.0050670456 -379.43
-0.0050668456 -376.631
-0.0050666456 -376.631
-0.0050664456 -379.03
-0.0050662456 -377.431
-0.0050660456 -377.031
-0.0050658456 -374.632
-0.0050656456 -373.833
-0.0050654456 -374.632
-0.0050652456 -376.631
-0.0050650456 -375.032
-0.0050648456 -379.83
-0.0050646456 -374.632
-0.0050644456 -376.631
-0.0050642456 -377.831
-0.0050640456 -374.632
-0.0050638456 -376.231
-0.0050636456 -375.432
-0.0050634456 -377.031
-0.0050632456 -377.431
-0.0050630456 -375.032
-0.0050628456 -376.631
-0.0050626456 -375.832
-0.0050624456 -375.032
-0.0050622456 -375.832
-0.0050620456 -375.832
-0.0050618456 -377.431
-0.0050616456 -375.432
-0.0050614456 -376.231
-0.0050612456 -375.032
-0.0050610456 -374.232
-0.0050608456 -377.031
-0.0050606456 -375.032
-0.0050604456 -377.031
-0.0050602456 -375.032
-0.0050600456 -375.432
-0.0050598456 -372.633
-0.0050596456 -375.832
-0.0050594456 -374.232
-0.0050592456 -373.033
-0.0050590456 -377.031
-0.0050588456 -374.632
-0.0050586456 -375.032
-0.0050584456 -375.432
-0.0050582456 -373.833
-0.0050580456 -375.432
-0.0050578456 -373.833
-0.0050576456 -377.031
-0.0050574456 -375.032
-0.0050572456 -374.232
-0.0050570456 -375.432
-0.0050568456 -376.231
-0.0050566456 -373.033
-0.0050564456 -373.433
-0.0050562456 -375.432
-0.0050560456 -373.433
-0.0050558456 -376.631
-0.0050556456 -374.632
-0.0050554456 -373.833
-0.0050552456 -375.032
-0.0050550456 -373.033
-0.0050548456 -375.432
-0.0050546456 -373.033
-0.0050544456 -375.032
-0.0050542456 -373.833
-0.0050540456 -376.231
-0.0050538456 -374.632
-0.0050536456 -373.833
-0.0050534456 -373.833
-0.0050532456 -375.432
-0.0050530456 -373.433
-0.0050528456 -372.233
-0.0050526456 -376.231
-0.0050524456 -373.833
-0.0050522456 -373.433
-0.0050520456 -374.232
-0.0050518456 -373.433
-0.0050516456 -374.632
-0.0050514456 -372.633
-0.0050512456 -376.231
-0.0050510456 -374.232
-0.0050508456 -374.232
-0.0050506456 -374.632
-0.0050504456 -373.433
-0.0050502456 -372.233
-0.0050500456 -371.434
-0.0050498456 -376.231
-0.0050496456 -375.432
-0.0050494456 -373.033
-0.0050492456 -375.032
-0.0050490456 -375.832
-0.0050488456 -373.833
-0.0050486456 -375.032
-0.0050484456 -374.232
-0.0050482456 -375.832
-0.0050480456 -373.833
-0.0050478456 -373.833
-0.0050476456 -375.432
-0.0050474456 -375.432
-0.0050472456 -372.633
-0.0050470456 -375.032
-0.0050468456 -375.832
-0.0050466456 -375.832
-0.0050464456 -374.632
-0.0050462456 -376.631
-0.0050460456 -373.033
-0.0050458456 -373.033
-0.0050456456 -374.632
-0.0050454456 -375.032
-0.0050452456 -372.633
-0.0050450456 -375.832
-0.0050448456 -375.832
-0.0050446456 -371.833
-0.0050444456 -374.632
-0.0050442456 -374.232
-0.0050440456 -374.632
-0.0050438456 -372.633
-0.0050436456 -374.232
-0.0050434456 -375.432
-0.0050432456 -372.233
-0.0050430456 -372.633
-0.0050428456 -375.832
-0.0050426456 -375.432
-0.0050424456 -375.432
-0.0050422456 -372.633
-0.0050420456 -374.232
-0.0050418456 -374.632
-0.0050416456 -375.032
-0.0050414456 -373.433
-0.0050412456 -377.431
-0.0050410456 -375.832
-0.0050408456 -375.432
-0.0050406456 -372.633
-0.0050404456 -371.034
-0.0050402456 -371.833
-0.0050400456 -373.433
-0.0050398456 -375.432
-0.0050396456 -373.433
-0.0050394456 -374.632
-0.0050392456 -373.433
-0.0050390456 -373.833
-0.0050388456 -372.233
-0.0050386456 -373.033
-0.0050384456 -374.632
-0.0050382456 -375.032
-0.0050380456 -371.833
-0.0050378456 -374.632
-0.0050376456 -373.033
-0.0050374456 -373.433
-0.0050372456 -373.433
-0.0050370456 -371.833
-0.0050368456 -373.433
-0.0050366456 -373.033
-0.0050364456 -371.833
-0.0050362456 -374.232
-0.0050360456 -370.634
-0.0050358456 -373.033
-0.0050356456 -371.833
-0.0050354456 -373.433
-0.0050352456 -374.632
-0.0050350456 -369.834
-0.0050348456 -373.833
-0.0050346456 -371.434
-0.0050344456 -372.233
-0.0050342456 -372.233
-0.0050340456 -371.434
-0.0050338456 -372.233
-0.0050336456 -371.833
-0.0050334456 -372.633
-0.0050332456 -372.233
-0.0050330456 -372.233
-0.0050328456 -372.233
-0.0050326456 -372.633
-0.0050324456 -370.634
-0.0050322456 -371.833
-0.0050320456 -370.234
-0.0050318456 -370.234
-0.0050316456 -370.634
-0.0050314456 -374.232
-0.0050312456 -372.633
-0.0050310456 -372.233
-0.0050308456 -370.634
-0.0050306456 -367.835
-0.0050304456 -373.433
-0.0050302456 -372.633
-0.0050300456 -366.636
-0.0050298456 -369.834
-0.0050296456 -367.835
-0.0050294456 -370.634
-0.0050292456 -370.234
-0.0050290456 -368.235
-0.0050288456 -369.434
-0.0050286456 -370.234
-0.0050284456 -370.234
-0.0050282456 -370.234
-0.0050280456 -369.035
-0.0050278456 -371.034
-0.0050276456 -370.234
-0.0050274456 -369.035
-0.0050272456 -369.434
-0.0050270456 -365.436
-0.0050268456 -371.434
-0.0050266456 -367.835
-0.0050264456 -367.835
-0.0050262456 -370.234
-0.0050260456 -369.834
-0.0050258456 -368.235
-0.0050256456 -370.634
-0.0050254456 -368.235
-0.0050252456 -368.635
-0.0050250456 -367.036
-0.0050248456 -369.834
-0.0050246456 -367.835
-0.0050244456 -369.035
-0.0050242456 -368.635
-0.0050240456 -365.836
-0.0050238456 -370.634
-0.0050236456 -365.836
-0.0050234456 -368.235
-0.0050232456 -366.636
-0.0050230456 -367.835
-0.0050228456 -369.834
-0.0050226456 -368.235
-0.0050224456 -365.836
-0.0050222456 -368.235
-0.0050220456 -369.434
-0.0050218456 -367.835
-0.0050216456 -369.834
-0.0050214456 -367.835
-0.0050212456 -367.835
-0.0050210456 -367.835
-0.0050208456 -368.235
-0.0050206456 -368.635
-0.0050204456 -368.635
-0.0050202456 -369.035
-0.0050200456 -366.236
-0.0050198456 -369.035
-0.0050196456 -367.435
-0.0050194456 -369.834
-0.0050192456 -367.835
-0.0050190456 -367.435
-0.0050188456 -368.235
-0.0050186456 -368.635
-0.0050184456 -369.834
-0.0050182456 -371.833
-0.0050180456 -367.835
-0.0050178456 -367.036
-0.0050176456 -368.635
-0.0050174456 -367.036
-0.0050172456 -366.236
-0.0050170456 -365.836
-0.0050168456 -365.836
-0.0050166456 -367.036
-0.0050164456 -368.235
-0.0050162456 -366.636
-0.0050160456 -368.235
-0.0050158456 -367.835
-0.0050156456 -365.836
-0.0050154456 -366.636
-0.0050152456 -365.036
-0.0050150456 -367.435
-0.0050148456 -367.435
-0.0050146456 -365.036
-0.0050144456 -365.836
-0.0050142456 -366.236
-0.0050140456 -365.436
-0.0050138456 -364.637
-0.0050136456 -365.836
-0.0050134456 -365.436
-0.0050132456 -367.435
-0.0050130456 -365.036
-0.0050128456 -364.237
-0.0050126456 -366.236
-0.0050124456 -366.636
-0.0050122456 -366.636
-0.0050120456 -363.037
-0.0050118456 -364.637
-0.0050116456 -366.236
-0.0050114456 -365.036
-0.0050112456 -367.435
-0.0050110456 -367.835
-0.0050108456 -364.237
-0.0050106456 -368.235
-0.0050104456 -364.637
-0.0050102456 -366.636
-0.0050100456 -363.037
-0.0050098456 -365.036
-0.0050096456 -363.437
-0.0050094456 -369.434
-0.0050092456 -364.637
-0.0050090456 -363.437
-0.0050088456 -367.435
-0.0050086456 -366.636
-0.0050084456 -367.435
-0.0050082456 -365.436
-0.0050080456 -367.435
-0.0050078456 -366.236
-0.0050076456 -363.437
-0.0050074456 -366.636
-0.0050072456 -367.835
-0.0050070456 -367.036
-0.0050068456 -366.636
-0.0050066456 -367.036
-0.0050064456 -363.837
-0.0050062456 -364.637
-0.0050060456 -367.036
-0.0050058456 -365.836
-0.0050056456 -364.637
-0.0050054456 -365.836
-0.0050052456 -366.636
-0.0050050456 -363.037
-0.0050048456 -364.637
-0.0050046456 -363.437
-0.0050044456 -365.836
-0.0050042456 -364.637
-0.0050040456 -363.037
-0.0050038456 -363.837
-0.0050036456 -364.637
-0.0050034456 -367.036
-0.0050032456 -365.836
-0.0050030456 -366.636
-0.0050028456 -365.436
-0.0050026456 -365.836
-0.0050024456 -365.836
-0.0050022456 -365.036
-0.0050020456 -366.636
-0.0050018456 -365.036
-0.0050016456 -365.036
-0.0050014456 -367.036
-0.0050012456 -366.636
-0.0050010456 -363.837
-0.0050008456 -366.236
-0.0050006456 -363.837
-0.0050004456 -364.237
-0.0050002456 -365.036
-0.0050000456 -366.236
-0.0049998456 -363.837
-0.0049996456 -362.638
-0.0049994456 -365.036
-0.0049992456 -364.637
-0.0049990456 -367.435
-0.0049988456 -365.836
-0.0049986456 -365.036
-0.0049984456 -365.836
-0.0049982456 -365.436
-0.0049980456 -361.838
-0.0049978456 -363.437
-0.0049976456 -366.636
-0.0049974456 -363.437
-0.0049972456 -365.036
-0.0049970456 -365.436
-0.0049968456 -364.637
-0.0049966456 -361.838
-0.0049964456 -363.437
-0.0049962456 -364.637
-0.0049960456 -363.837
-0.0049958456 -365.436
-0.0049956456 -363.837
-0.0049954456 -363.437
-0.0049952456 -365.036
-0.0049950456 -360.638
-0.0049948456 -364.237
-0.0049946456 -365.036
-0.0049944456 -363.037
-0.0049942456 -366.236
-0.0049940456 -363.037
-0.0049938456 -362.638
-0.0049936456 -363.037
-0.0049934456 -362.238
-0.0049932456 -363.437
-0.0049930456 -363.437
-0.0049928456 -365.836
-0.0049926456 -364.637
-0.0049924456 -362.238
-0.0049922456 -363.437
-0.0049920456 -366.636
-0.0049918456 -363.437
-0.0049916456 -362.638
-0.0049914456 -363.837
-0.0049912456 -363.437
-0.0049910456 -363.437
-0.0049908456 -365.836
-0.0049906456 -362.638
-0.0049904456 -363.037
-0.0049902456 -363.837
-0.0049900456 -363.437
-0.0049898456 -362.238
-0.0049896456 -363.437
-0.0049894456 -362.238
-0.0049892456 -363.037
-0.0049890456 -363.037
-0.0049888456 -365.036
-0.0049886456 -363.037
-0.0049884456 -365.036
-0.0049882456 -363.437
-0.0049880456 -363.437
-0.0049878456 -364.237
-0.0049876456 -363.037
-0.0049874456 -365.036
-0.0049872456 -362.238
-0.0049870456 -364.237
-0.0049868456 -363.037
-0.0049866456 -363.037
-0.0049864456 -364.237
-0.0049862456 -364.637
-0.0049860456 -362.638
-0.0049858456 -363.437
-0.0049856456 -362.638
-0.0049854456 -361.038
-0.0049852456 -361.438
-0.0049850456 -363.837
-0.0049848456 -361.838
-0.0049846456 -364.237
-0.0049844456 -364.237
-0.0049842456 -363.037
-0.0049840456 -362.238
-0.0049838456 -366.236
-0.0049836456 -364.637
-0.0049834456 -362.638
-0.0049832456 -363.437
-0.0049830456 -363.837
-0.0049828456 -363.037
-0.0049826456 -360.638
-0.0049824456 -360.638
-0.0049822456 -363.037
-0.0049820456 -361.838
-0.0049818456 -362.238
-0.0049816456 -362.238
-0.0049814456 -361.438
-0.0049812456 -359.839
-0.0049810456 -364.637
-0.0049808456 -363.037
-0.0049806456 -361.838
-0.0049804456 -361.038
-0.0049802456 -365.036
-0.0049800456 -361.438
-0.0049798456 -363.037
-0.0049796456 -363.037
-0.0049794456 -362.638
-0.0049792456 -362.638
-0.0049790456 -362.238
-0.0049788456 -360.239
-0.0049786456 -363.437
-0.0049784456 -361.838
-0.0049782456 -361.038
-0.0049780456 -361.038
-0.0049778456 -364.237
-0.0049776456 -361.838
-0.0049774456 -361.838
-0.0049772456 -364.237
-0.0049770456 -363.037
-0.0049768456 -362.238
-0.0049766456 -361.438
-0.0049764456 -361.838
-0.0049762456 -359.039
-0.0049760456 -360.638
-0.0049758456 -362.638
-0.0049756456 -361.438
-0.0049754456 -364.237
-0.0049752456 -361.038
-0.0049750456 -362.238
-0.0049748456 -360.239
-0.0049746456 -359.039
-0.0049744456 -363.437
-0.0049742456 -360.239
-0.0049740456 -360.638
-0.0049738456 -363.037
-0.0049736456 -363.437
-0.0049734456 -360.638
-0.0049732456 -359.839
-0.0049730456 -359.439
-0.0049728456 -361.838
-0.0049726456 -360.638
-0.0049724456 -362.238
-0.0049722456 -361.038
-0.0049720456 -360.638
-0.0049718456 -360.239
-0.0049716456 -360.638
-0.0049714456 -360.638
-0.0049712456 -362.638
-0.0049710456 -358.639
-0.0049708456 -361.038
-0.0049706456 -363.437
-0.0049704456 -361.438
-0.0049702456 -360.638
-0.0049700456 -362.238
-0.0049698456 -360.638
-0.0049696456 -361.838
-0.0049694456 -358.639
-0.0049692456 -359.839
-0.0049690456 -358.639
-0.0049688456 -360.638
-0.0049686456 -357.84
-0.0049684456 -359.839
-0.0049682456 -361.838
-0.0049680456 -358.639
-0.0049678456 -357.04
-0.0049676456 -358.24
-0.0049674456 -361.038
-0.0049672456 -360.239
-0.0049670456 -357.44
-0.0049668456 -360.638
-0.0049666456 -360.239
-0.0049664456 -359.039
-0.0049662456 -363.837
-0.0049660456 -358.24
-0.0049658456 -359.039
-0.0049656456 -357.84
-0.0049654456 -357.84
-0.0049652456 -359.039
-0.0049650456 -357.04
-0.0049648456 -361.838
-0.0049646456 -359.439
-0.0049644456 -358.24
-0.0049642456 -358.24
-0.0049640456 -360.638
-0.0049638456 -359.839
-0.0049636456 -359.439
-0.0049634456 -360.239
-0.0049632456 -357.04
-0.0049630456 -357.84
-0.0049628456 -358.24
-0.0049626456 -358.24
-0.0049624456 -357.44
-0.0049622456 -359.439
-0.0049620456 -357.44
-0.0049618456 -357.04
-0.0049616456 -357.04
-0.0049614456 -356.24
-0.0049612456 -357.84
-0.0049610456 -358.639
-0.0049608456 -358.24
-0.0049606456 -359.439
-0.0049604456 -359.039
-0.0049602456 -359.839
-0.0049600456 -357.84
-0.0049598456 -357.04
-0.0049596456 -359.439
-0.0049594456 -359.839
-0.0049592456 -357.84
-0.0049590456 -358.24
-0.0049588456 -357.84
-0.0049586456 -359.839
-0.0049584456 -359.039
-0.0049582456 -357.84
-0.0049580456 -358.24
-0.0049578456 -357.44
-0.0049576456 -357.04
-0.0049574456 -357.04
-0.0049572456 -359.839
-0.0049570456 -356.24
-0.0049568456 -358.24
-0.0049566456 -357.84
-0.0049564456 -355.441
-0.0049562456 -354.241
-0.0049560456 -357.44
-0.0049558456 -357.44
-0.0049556456 -356.24
-0.0049554456 -358.639
-0.0049552456 -355.441
-0.0049550456 -356.64
-0.0049548456 -355.441
-0.0049546456 -355.841
-0.0049544456 -356.64
-0.0049542456 -356.24
-0.0049540456 -357.04
-0.0049538456 -355.841
-0.0049536456 -358.639
-0.0049534456 -358.639
-0.0049532456 -355.441
-0.0049530456 -356.64
-0.0049528456 -357.44
-0.0049526456 -355.841
-0.0049524456 -356.24
-0.0049522456 -355.841
-0.0049520456 -357.44
-0.0049518456 -358.24
-0.0049516456 -355.041
-0.0049514456 -359.039
-0.0049512456 -356.24
-0.0049510456 -355.441
-0.0049508456 -357.04
-0.0049506456 -357.84
-0.0049504456 -353.841
-0.0049502456 -353.841
-0.0049500456 -358.639
-0.0049498456 -356.64
-0.0049496456 -355.441
-0.0049494456 -353.442
-0.0049492456 -354.641
-0.0049490456 -355.841
-0.0049488456 -354.641
-0.0049486456 -356.24
-0.0049484456 -353.841
-0.0049482456 -356.24
-0.0049480456 -357.04
-0.0049478456 -354.241
-0.0049476456 -353.841
-0.0049474456 -357.04
-0.0049472456 -356.64
-0.0049470456 -355.041
-0.0049468456 -354.241
-0.0049466456 -355.441
-0.0049464456 -356.24
-0.0049462456 -355.841
-0.0049460456 -355.441
-0.0049458456 -352.242
-0.0049456456 -353.442
-0.0049454456 -357.04
-0.0049452456 -355.441
-0.0049450456 -357.04
-0.0049448456 -351.842
-0.0049446456 -355.441
-0.0049444456 -352.242
-0.0049442456 -353.442
-0.0049440456 -357.04
-0.0049438456 -355.441
-0.0049436456 -353.841
-0.0049434456 -351.443
-0.0049432456 -354.641
-0.0049430456 -353.841
-0.0049428456 -354.641
-0.0049426456 -352.642
-0.0049424456 -355.841
-0.0049422456 -353.841
-0.0049420456 -355.041
-0.0049418456 -353.841
-0.0049416456 -354.641
-0.0049414456 -354.241
-0.0049412456 -356.24
-0.0049410456 -356.64
-0.0049408456 -352.242
-0.0049406456 -353.841
-0.0049404456 -356.64
-0.0049402456 -353.042
-0.0049400456 -355.841
-0.0049398456 -353.442
-0.0049396456 -353.042
-0.0049394456 -352.242
-0.0049392456 -354.241
-0.0049390456 -353.442
-0.0049388456 -353.841
-0.0049386456 -353.841
-0.0049384456 -352.642
-0.0049382456 -352.642
-0.0049380456 -353.442
-0.0049378456 -355.441
-0.0049376456 -355.041
-0.0049374456 -352.242
-0.0049372456 -353.841
-0.0049370456 -353.841
-0.0049368456 -351.443
-0.0049366456 -352.642
-0.0049364456 -355.441
-0.0049362456 -353.442
-0.0049360456 -355.441
-0.0049358456 -353.042
-0.0049356456 -353.042
-0.0049354456 -356.24
-0.0049352456 -357.04
-0.0049350456 -353.442
-0.0049348456 -352.242
-0.0049346456 -350.643
-0.0049344456 -353.042
-0.0049342456 -353.841
-0.0049340456 -353.042
-0.0049338456 -352.642
-0.0049336456 -353.841
-0.0049334456 -353.042
-0.0049332456 -354.241
-0.0049330456 -352.242
-0.0049328456 -354.241
-0.0049326456 -353.841
-0.0049324456 -351.842
-0.0049322456 -351.443
-0.0049320456 -352.242
-0.0049318456 -352.642
-0.0049316456 -352.242
-0.0049314456 -357.44
-0.0049312456 -355.041
-0.0049310456 -351.043
-0.0049308456 -353.442
-0.0049306456 -354.241
-0.0049304456 -353.841
-0.0049302456 -352.242
-0.0049300456 -355.041
-0.0049298456 -352.642
-0.0049296456 -356.24
-0.0049294456 -353.841
-0.0049292456 -352.642
-0.0049290456 -355.841
-0.0049288456 -355.041
-0.0049286456 -354.241
-0.0049284456 -351.842
-0.0049282456 -352.642
-0.0049280456 -352.242
-0.0049278456 -351.043
-0.0049276456 -355.441
-0.0049274456 -352.642
-0.0049272456 -353.042
-0.0049270456 -355.041
-0.0049268456 -352.642
-0.0049266456 -350.243
-0.0049264456 -352.242
-0.0049262456 -353.841
-0.0049260456 -351.842
-0.0049258456 -352.642
-0.0049256456 -352.642
-0.0049254456 -353.042
-0.0049252456 -352.642
-0.0049250456 -353.042
-0.0049248456 -353.841
-0.0049246456 -351.842
-0.0049244456 -353.042
-0.0049242456 -351.443
-0.0049240456 -351.842
-0.0049238456 -348.644
-0.0049236456 -349.843
-0.0049234456 -352.242
-0.0049232456 -350.643
-0.0049230456 -351.443
-0.0049228456 -353.042
-0.0049226456 -352.642
-0.0049224456 -351.443
-0.0049222456 -350.643
-0.0049220456 -352.242
-0.0049218456 -354.241
-0.0049216456 -352.642
-0.0049214456 -351.842
-0.0049212456 -352.642
-0.0049210456 -353.442
-0.0049208456 -351.842
-0.0049206456 -350.243
-0.0049204456 -349.843
-0.0049202456 -351.043
-0.0049200456 -350.643
-0.0049198456 -352.242
-0.0049196456 -352.642
-0.0049194456 -349.044
-0.0049192456 -351.842
-0.0049190456 -350.243
-0.0049188456 -349.443
-0.0049186456 -350.643
-0.0049184456 -348.244
-0.0049182456 -349.044
-0.0049180456 -348.644
-0.0049178456 -351.443
-0.0049176456 -347.844
-0.0049174456 -351.842
-0.0049172456 -350.643
-0.0049170456 -351.842
-0.0049168456 -349.443
-0.0049166456 -350.643
-0.0049164456 -349.443
-0.0049162456 -348.244
-0.0049160456 -351.842
-0.0049158456 -348.644
-0.0049156456 -349.843
-0.0049154456 -349.443
-0.0049152456 -351.842
-0.0049150456 -347.444
-0.0049148456 -351.443
-0.0049146456 -347.444
-0.0049144456 -351.842
-0.0049142456 -349.843
-0.0049140456 -349.443
-0.0049138456 -351.842
-0.0049136456 -350.643
-0.0049134456 -348.244
-0.0049132456 -347.444
-0.0049130456 -351.443
-0.0049128456 -348.244
-0.0049126456 -348.644
-0.0049124456 -347.844
-0.0049122456 -350.643
-0.0049120456 -348.644
-0.0049118456 -349.044
-0.0049116456 -351.443
-0.0049114456 -347.444
-0.0049112456 -348.644
-0.0049110456 -349.843
-0.0049108456 -348.244
-0.0049106456 -352.642
-0.0049104456 -347.444
-0.0049102456 -347.844
-0.0049100456 -349.443
-0.0049098456 -347.844
-0.0049096456 -349.044
-0.0049094456 -346.645
-0.0049092456 -350.643
-0.0049090456 -349.443
-0.0049088456 -347.444
-0.0049086456 -347.844
-0.0049084456 -349.843
-0.0049082456 -348.644
-0.0049080456 -348.644
-0.0049078456 -347.444
-0.0049076456 -349.843
-0.0049074456 -349.443
-0.0049072456 -350.243
-0.0049070456 -349.843
-0.0049068456 -347.045
-0.0049066456 -349.044
-0.0049064456 -346.645
-0.0049062456 -348.244
-0.0049060456 -348.644
-0.0049058456 -345.845
-0.0049056456 -346.245
-0.0049054456 -347.045
-0.0049052456 -347.844
-0.0049050456 -345.845
-0.0049048456 -348.244
-0.0049046456 -349.044
-0.0049044456 -348.244
-0.0049042456 -348.244
-0.0049040456 -345.845
-0.0049038456 -348.244
-0.0049036456 -348.644
-0.0049034456 -346.645
-0.0049032456 -349.044
-0.0049030456 -344.646
-0.0049028456 -346.645
-0.0049026456 -347.444
-0.0049024456 -345.445
-0.0049022456 -347.045
-0.0049020456 -347.844
-0.0049018456 -347.045
-0.0049016456 -348.244
-0.0049014456 -344.246
-0.0049012456 -347.045
-0.0049010456 -347.444
-0.0049008456 -347.844
-0.0049006456 -345.845
-0.0049004456 -345.845
-0.0049002456 -346.245
-0.0049000456 -348.644
-0.0048998456 -348.244
-0.0048996456 -345.445
-0.0048994456 -345.445
-0.0048992456 -347.444
-0.0048990456 -349.044
-0.0048988456 -346.245
-0.0048986456 -346.645
-0.0048984456 -345.845
-0.0048982456 -346.645
-0.0048980456 -345.445
-0.0048978456 -347.444
-0.0048976456 -347.444
-0.0048974456 -345.445
-0.0048972456 -345.845
-0.0048970456 -346.645
-0.0048968456 -346.645
-0.0048966456 -344.246
-0.0048964456 -348.644
-0.0048962456 -346.245
-0.0048960456 -345.045
-0.0048958456 -346.245
-0.0048956456 -346.645
-0.0048954456 -345.845
-0.0048952456 -345.045
-0.0048950456 -347.844
-0.0048948456 -345.445
-0.0048946456 -345.845
-0.0048944456 -345.045
-0.0048942456 -347.444
-0.0048940456 -347.844
-0.0048938456 -345.045
-0.0048936456 -346.245
-0.0048934456 -347.844
-0.0048932456 -347.045
-0.0048930456 -343.446
-0.0048928456 -343.446
-0.0048926456 -346.645
-0.0048924456 -347.045
-0.0048922456 -347.444
-0.0048920456 -347.444
-0.0048918456 -345.045
-0.0048916456 -346.245
-0.0048914456 -346.245
-0.0048912456 -344.646
-0.0048910456 -345.845
-0.0048908456 -345.045
-0.0048906456 -344.646
-0.0048904456 -346.645
-0.0048902456 -342.646
-0.0048900456 -344.646
-0.0048898456 -345.445
-0.0048896456 -347.444
-0.0048894456 -345.845
-0.0048892456 -345.845
-0.0048890456 -344.246
-0.0048888456 -346.645
-0.0048886456 -347.844
-0.0048884456 -343.046
-0.0048882456 -342.646
-0.0048880456 -345.845
-0.0048878456 -348.244
-0.0048876456 -343.446
-0.0048874456 -345.445
-0.0048872456 -346.245
-0.0048870456 -345.445
-0.0048868456 -345.045
-0.0048866456 -346.245
-0.0048864456 -342.646
-0.0048862456 -344.246
-0.0048860456 -345.845
-0.0048858456 -344.646
-0.0048856456 -344.646
-0.0048854456 -344.246
-0.0048852456 -345.045
-0.0048850456 -345.045
-0.0048848456 -344.646
-0.0048846456 -347.844
-0.0048844456 -344.646
-0.0048842456 -345.045
-0.0048840456 -345.445
-0.0048838456 -345.845
-0.0048836456 -345.845
-0.0048834456 -345.445
-0.0048832456 -344.246
-0.0048830456 -345.845
-0.0048828456 -342.247
-0.0048826456 -342.646
-0.0048824456 -345.845
-0.0048822456 -344.246
-0.0048820456 -342.646
-0.0048818456 -344.646
-0.0048816456 -345.845
-0.0048814456 -345.045
-0.0048812456 -340.647
-0.0048810456 -345.045
-0.0048808456 -344.246
-0.0048806456 -342.646
-0.0048804456 -344.646
-0.0048802456 -346.645
-0.0048800456 -343.446
-0.0048798456 -346.245
-0.0048796456 -343.846
-0.0048794456 -343.846
-0.0048792456 -346.245
-0.0048790456 -344.246
-0.0048788456 -343.846
-0.0048786456 -343.046
-0.0048784456 -344.246
-0.0048782456 -342.646
-0.0048780456 -344.246
-0.0048778456 -345.445
-0.0048776456 -345.045
-0.0048774456 -342.646
-0.0048772456 -344.646
-0.0048770456 -346.245
-0.0048768456 -345.445
-0.0048766456 -344.246
-0.0048764456 -341.847
-0.0048762456 -343.046
-0.0048760456 -340.647
-0.0048758456 -344.646
-0.0048756456 -344.246
-0.0048754456 -342.646
-0.0048752456 -341.447
-0.0048750456 -343.046
-0.0048748456 -341.447
-0.0048746456 -343.046
-0.0048744456 -346.645
-0.0048742456 -341.047
-0.0048740456 -342.646
-0.0048738456 -342.646
-0.0048736456 -341.447
-0.0048734456 -343.446
-0.0048732456 -343.446
-0.0048730456 -343.446
-0.0048728456 -342.646
-0.0048726456 -343.446
-0.0048724456 -342.247
-0.0048722456 -343.046
-0.0048720456 -343.046
-0.0048718456 -343.446
-0.0048716456 -340.248
-0.0048714456 -344.246
-0.0048712456 -343.046
-0.0048710456 -341.447
-0.0048708456 -339.048
-0.0048706456 -343.046
-0.0048704456 -342.247
-0.0048702456 -343.846
-0.0048700456 -343.446
-0.0048698456 -342.646
-0.0048696456 -343.046
-0.0048694456 -343.046
-0.0048692456 -343.046
-0.0048690456 -343.446
-0.0048688456 -344.646
-0.0048686456 -342.646
-0.0048684456 -343.046
-0.0048682456 -341.847
-0.0048680456 -342.247
-0.0048678456 -341.047
-0.0048676456 -343.446
-0.0048674456 -341.447
-0.0048672456 -339.848
-0.0048670456 -344.246
-0.0048668456 -343.046
-0.0048666456 -340.647
-0.0048664456 -342.247
-0.0048662456 -342.247
-0.0048660456 -339.848
-0.0048658456 -339.048
-0.0048656456 -339.848
-0.0048654456 -340.647
-0.0048652456 -339.848
-0.0048650456 -342.646
-0.0048648456 -341.447
-0.0048646456 -342.646
-0.0048644456 -343.046
-0.0048642456 -341.447
-0.0048640456 -339.848
-0.0048638456 -339.848
-0.0048636456 -341.447
-0.0048634456 -340.248
-0.0048632456 -338.248
-0.0048630456 -342.646
-0.0048628456 -342.646
-0.0048626456 -339.448
-0.0048624456 -341.447
-0.0048622456 -342.247
-0.0048620456 -339.448
-0.0048618456 -342.247
-0.0048616456 -339.448
-0.0048614456 -343.046
-0.0048612456 -341.847
-0.0048610456 -343.046
-0.0048608456 -343.046
-0.0048606456 -341.047
-0.0048604456 -341.047
-0.0048602456 -341.047
-0.0048600456 -342.247
-0.0048598456 -341.047
-0.0048596456 -339.448
-0.0048594456 -340.647
-0.0048592456 -342.247
-0.0048590456 -343.046
-0.0048588456 -340.647
-0.0048586456 -340.248
-0.0048584456 -342.247
-0.0048582456 -340.647
-0.0048580456 -342.247
-0.0048578456 -340.248
-0.0048576456 -341.447
-0.0048574456 -342.247
-0.0048572456 -340.647
-0.0048570456 -339.848
-0.0048568456 -341.447
-0.0048566456 -341.047
-0.0048564456 -337.849
-0.0048562456 -340.647
-0.0048560456 -339.048
-0.0048558456 -341.047
-0.0048556456 -339.448
-0.0048554456 -341.447
-0.0048552456 -339.448
-0.0048550456 -339.848
-0.0048548456 -339.448
-0.0048546456 -337.849
-0.0048544456 -339.848
-0.0048542456 -340.248
-0.0048540456 -339.848
-0.0048538456 -338.248
-0.0048536456 -340.647
-0.0048534456 -339.448
-0.0048532456 -339.448
-0.0048530456 -341.047
-0.0048528456 -339.848
-0.0048526456 -341.047
-0.0048524456 -339.048
-0.0048522456 -339.448
-0.0048520456 -341.447
-0.0048518456 -337.449
-0.0048516456 -338.248
-0.0048514456 -339.048
-0.0048512456 -341.447
-0.0048510456 -338.648
-0.0048508456 -338.248
-0.0048506456 -340.647
-0.0048504456 -337.849
-0.0048502456 -340.248
-0.0048500456 -341.447
-0.0048498456 -339.048
-0.0048496456 -341.447
-0.0048494456 -340.647
-0.0048492456 -341.047
-0.0048490456 -341.447
-0.0048488456 -341.047
-0.0048486456 -339.048
-0.0048484456 -339.848
-0.0048482456 -341.047
-0.0048480456 -338.648
-0.0048478456 -340.248
-0.0048476456 -340.647
-0.0048474456 -339.848
-0.0048472456 -337.449
-0.0048470456 -339.448
-0.0048468456 -338.648
-0.0048466456 -338.648
-0.0048464456 -340.248
-0.0048462456 -337.449
-0.0048460456 -342.646
-0.0048458456 -339.448
-0.0048456456 -338.648
-0.0048454456 -337.849
-0.0048452456 -339.448
-0.0048450456 -338.248
-0.0048448456 -339.448
-0.0048446456 -341.047
-0.0048444456 -340.647
-0.0048442456 -337.849
-0.0048440456 -339.448
-0.0048438456 -339.448
-0.0048436456 -341.447
-0.0048434456 -337.849
-0.0048432456 -340.248
-0.0048430456 -337.449
-0.0048428456 -338.248
-0.0048426456 -337.849
-0.0048424456 -339.048
-0.0048422456 -338.248
-0.0048420456 -339.048
-0.0048418456 -335.45
-0.0048416456 -337.449
-0.0048414456 -338.648
-0.0048412456 -339.048
-0.0048410456 -338.248
-0.0048408456 -339.848
-0.0048406456 -339.848
-0.0048404456 -337.449
-0.0048402456 -336.249
-0.0048400456 -337.449
-0.0048398456 -340.647
-0.0048396456 -336.649
-0.0048394456 -337.849
-0.0048392456 -338.248
-0.0048390456 -336.249
-0.0048388456 -342.247
-0.0048386456 -336.649
-0.0048384456 -337.849
-0.0048382456 -336.249
-0.0048380456 -338.648
-0.0048378456 -335.45
-0.0048376456 -335.85
-0.0048374456 -336.649
-0.0048372456 -340.647
-0.0048370456 -339.048
-0.0048368456 -335.05
-0.0048366456 -339.048
-0.0048364456 -339.048
-0.0048362456 -340.647
-0.0048360456 -337.449
-0.0048358456 -337.049
-0.0048356456 -336.649
-0.0048354456 -337.049
-0.0048352456 -335.45
-0.0048350456 -336.649
-0.0048348456 -336.249
-0.0048346456 -338.648
-0.0048344456 -337.449
-0.0048342456 -334.25
-0.0048340456 -333.451
-0.0048338456 -333.051
-0.0048336456 -336.649
-0.0048334456 -335.05
-0.0048332456 -333.85
-0.0048330456 -337.849
-0.0048328456 -336.249
-0.0048326456 -335.05
-0.0048324456 -335.05
-0.0048322456 -334.25
-0.0048320456 -336.249
-0.0048318456 -336.649
-0.0048316456 -337.449
-0.0048314456 -338.248
-0.0048312456 -337.449
-0.0048310456 -337.849
-0.0048308456 -336.649
-0.0048306456 -335.85
-0.0048304456 -335.85
-0.0048302456 -337.849
-0.0048300456 -334.65
-0.0048298456 -334.25
-0.0048296456 -334.25
-0.0048294456 -332.651
-0.0048292456 -335.05
-0.0048290456 -336.649
-0.0048288456 -334.25
-0.0048286456 -338.248
-0.0048284456 -333.85
-0.0048282456 -335.45
-0.0048280456 -335.45
-0.0048278456 -333.451
-0.0048276456 -337.049
-0.0048274456 -335.05
-0.0048272456 -331.851
-0.0048270456 -335.45
-0.0048268456 -335.45
-0.0048266456 -332.651
-0.0048264456 -333.451
-0.0048262456 -333.85
-0.0048260456 -335.05
-0.0048258456 -338.248
-0.0048256456 -335.05
-0.0048254456 -334.65
-0.0048252456 -333.85
-0.0048250456 -336.249
-0.0048248456 -334.25
-0.0048246456 -333.85
-0.0048244456 -333.451
-0.0048242456 -333.051
-0.0048240456 -334.65
-0.0048238456 -334.25
-0.0048236456 -335.45
-0.0048234456 -332.651
-0.0048232456 -334.65
-0.0048230456 -333.85
-0.0048228456 -335.45
-0.0048226456 -333.451
-0.0048224456 -333.451
-0.0048222456 -334.25
-0.0048220456 -332.251
-0.0048218456 -333.451
-0.0048216456 -329.053
-0.0048214456 -334.25
-0.0048212456 -333.051
-0.0048210456 -332.651
-0.0048208456 -331.452
-0.0048206456 -333.051
-0.0048204456 -332.651
-0.0048202456 -331.052
-0.0048200456 -331.052
-0.0048198456 -331.452
-0.0048196456 -333.451
-0.0048194456 -332.251
-0.0048192456 -330.652
-0.0048190456 -332.651
-0.0048188456 -332.251
-0.0048186456 -331.052
-0.0048184456 -330.252
-0.0048182456 -332.251
-0.0048180456 -331.851
-0.0048178456 -329.852
-0.0048176456 -332.251
-0.0048174456 -330.652
-0.0048172456 -331.851
-0.0048170456 -331.452
-0.0048168456 -330.252
-0.0048166456 -333.051
-0.0048164456 -330.252
-0.0048162456 -333.451
-0.0048160456 -329.053
-0.0048158456 -330.252
-0.0048156456 -331.452
-0.0048154456 -331.052
-0.0048152456 -331.851
-0.0048150456 -331.851
-0.0048148456 -330.252
-0.0048146456 -331.452
-0.0048144456 -331.052
-0.0048142456 -328.653
-0.0048140456 -331.851
-0.0048138456 -332.251
-0.0048136456 -331.851
-0.0048134456 -329.452
-0.0048132456 -332.251
-0.0048130456 -328.253
-0.0048128456 -329.852
-0.0048126456 -333.051
-0.0048124456 -329.452
-0.0048122456 -329.452
-0.0048120456 -331.052
-0.0048118456 -331.452
-0.0048116456 -331.052
-0.0048114456 -327.453
-0.0048112456 -330.652
-0.0048110456 -330.252
-0.0048108456 -329.452
-0.0048106456 -330.252
-0.0048104456 -329.852
-0.0048102456 -325.854
-0.0048100456 -329.452
-0.0048098456 -329.053
-0.0048096456 -329.452
-0.0048094456 -329.452
-0.0048092456 -329.452
-0.0048090456 -329.452
-0.0048088456 -328.653
-0.0048086456 -329.852
-0.0048084456 -327.853
-0.0048082456 -330.652
-0.0048080456 -329.053
-0.0048078456 -329.852
-0.0048076456 -329.452
-0.0048074456 -328.253
-0.0048072456 -328.653
-0.0048070456 -330.252
-0.0048068456 -328.253
-0.0048066456 -330.252
-0.0048064456 -328.653
-0.0048062456 -329.053
-0.0048060456 -328.653
-0.0048058456 -330.252
-0.0048056456 -328.653
-0.0048054456 -329.852
-0.0048052456 -330.652
-0.0048050456 -327.853
-0.0048048456 -328.653
-0.0048046456 -329.852
-0.0048044456 -331.452
-0.0048042456 -327.853
-0.0048040456 -328.253
-0.0048038456 -329.852
-0.0048036456 -329.053
-0.0048034456 -326.654
-0.0048032456 -328.653
-0.0048030456 -327.453
-0.0048028456 -327.853
-0.0048026456 -327.053
-0.0048024456 -327.053
-0.0048022456 -328.253
-0.0048020456 -327.453
-0.0048018456 -329.053
-0.0048016456 -330.252
-0.0048014456 -328.253
-0.0048012456 -329.852
-0.0048010456 -329.452
-0.0048008456 -328.653
-0.0048006456 -328.653
-0.0048004456 -327.053
-0.0048002456 -325.454
-0.0048000456 -327.453
-0.0047998456 -327.853
-0.0047996456 -325.854
-0.0047994456 -325.854
-0.0047992456 -328.253
-0.0047990456 -324.655
-0.0047988456 -324.255
-0.0047986456 -327.453
-0.0047984456 -328.253
-0.0047982456 -325.854
-0.0047980456 -328.653
-0.0047978456 -327.453
-0.0047976456 -326.654
-0.0047974456 -325.054
-0.0047972456 -325.454
-0.0047970456 -326.654
-0.0047968456 -328.653
-0.0047966456 -328.653
-0.0047964456 -326.254
-0.0047962456 -324.255
-0.0047960456 -324.655
-0.0047958456 -326.654
-0.0047956456 -327.053
-0.0047954456 -326.254
-0.0047952456 -327.453
-0.0047950456 -326.654
-0.0047948456 -325.054
-0.0047946456 -323.455
-0.0047944456 -326.654
-0.0047942456 -323.855
-0.0047940456 -326.254
-0.0047938456 -325.454
-0.0047936456 -325.454
-0.0047934456 -327.453
-0.0047932456 -322.655
-0.0047930456 -325.054
-0.0047928456 -325.854
-0.0047926456 -325.854
-0.0047924456 -326.254
-0.0047922456 -325.054
-0.0047920456 -325.454
-0.0047918456 -323.055
-0.0047916456 -323.855
-0.0047914456 -323.455
-0.0047912456 -328.253
-0.0047910456 -324.655
-0.0047908456 -326.254
-0.0047906456 -325.054
-0.0047904456 -322.655
-0.0047902456 -327.053
-0.0047900456 -324.255
-0.0047898456 -324.255
-0.0047896456 -323.455
-0.0047894456 -323.855
-0.0047892456 -322.655
-0.0047890456 -323.855
-0.0047888456 -322.655
-0.0047886456 -323.055
-0.0047884456 -324.255
-0.0047882456 -325.454
-0.0047880456 -321.456
-0.0047878456 -323.055
-0.0047876456 -322.655
-0.0047874456 -323.855
-0.0047872456 -325.054
-0.0047870456 -323.455
-0.0047868456 -320.656
-0.0047866456 -321.456
-0.0047864456 -323.855
-0.0047862456 -324.655
-0.0047860456 -324.255
-0.0047858456 -323.055
-0.0047856456 -323.855
-0.0047854456 -323.455
-0.0047852456 -323.455
-0.0047850456 -323.455
-0.0047848456 -323.455
-0.0047846456 -322.256
-0.0047844456 -321.856
-0.0047842456 -327.453
-0.0047840456 -323.055
-0.0047838456 -322.256
-0.0047836456 -322.256
-0.0047834456 -323.855
-0.0047832456 -325.054
-0.0047830456 -323.055
-0.0047828456 -324.255
-0.0047826456 -321.856
-0.0047824456 -322.655
-0.0047822456 -324.255
-0.0047820456 -322.655
-0.0047818456 -323.455
-0.0047816456 -321.856
-0.0047814456 -320.257
-0.0047812456 -322.256
-0.0047810456 -320.257
-0.0047808456 -321.456
-0.0047806456 -319.457
-0.0047804456 -321.056
-0.0047802456 -322.256
-0.0047800456 -322.256
-0.0047798456 -321.456
-0.0047796456 -319.857
-0.0047794456 -323.455
-0.0047792456 -322.655
-0.0047790456 -323.055
-0.0047788456 -320.257
-0.0047786456 -321.456
-0.0047784456 -322.655
-0.0047782456 -323.455
-0.0047780456 -319.857
-0.0047778456 -323.055
-0.0047776456 -321.056
-0.0047774456 -321.056
-0.0047772456 -319.057
-0.0047770456 -321.056
-0.0047768456 -323.455
-0.0047766456 -321.056
-0.0047764456 -321.056
-0.0047762456 -321.456
-0.0047760456 -321.856
-0.0047758456 -318.257
-0.0047756456 -320.656
-0.0047754456 -319.857
-0.0047752456 -322.256
-0.0047750456 -321.056
-0.0047748456 -324.255
-0.0047746456 -321.056
-0.0047744456 -321.056
-0.0047742456 -319.857
-0.0047740456 -320.257
-0.0047738456 -319.057
-0.0047736456 -318.257
-0.0047734456 -321.056
-0.0047732456 -319.857
-0.0047730456 -320.257
-0.0047728456 -320.257
-0.0047726456 -317.858
-0.0047724456 -318.257
-0.0047722456 -318.657
-0.0047720456 -317.858
-0.0047718456 -318.257
-0.0047716456 -318.657
-0.0047714456 -319.057
-0.0047712456 -320.257
-0.0047710456 -319.857
-0.0047708456 -318.257
-0.0047706456 -317.458
-0.0047704456 -319.457
-0.0047702456 -317.458
-0.0047700456 -318.257
-0.0047698456 -319.857
-0.0047696456 -318.657
-0.0047694456 -319.057
-0.0047692456 -317.858
-0.0047690456 -317.458
-0.0047688456 -319.457
-0.0047686456 -319.457
-0.0047684456 -317.858
-0.0047682456 -318.657
-0.0047680456 -318.257
-0.0047678456 -317.458
-0.0047676456 -319.857
-0.0047674456 -315.459
-0.0047672456 -317.458
-0.0047670456 -317.858
-0.0047668456 -314.659
-0.0047666456 -318.257
-0.0047664456 -316.658
-0.0047662456 -317.458
-0.0047660456 -315.858
-0.0047658456 -315.858
-0.0047656456 -319.457
-0.0047654456 -317.058
-0.0047652456 -315.858
-0.0047650456 -316.258
-0.0047648456 -316.658
-0.0047646456 -315.059
-0.0047644456 -318.257
-0.0047642456 -316.658
-0.0047640456 -316.258
-0.0047638456 -314.659
-0.0047636456 -314.659
-0.0047634456 -313.859
-0.0047632456 -315.459
-0.0047630456 -314.659
-0.0047628456 -314.659
-0.0047626456 -317.058
-0.0047624456 -315.459
-0.0047622456 -313.859
-0.0047620456 -312.26
-0.0047618456 -313.46
-0.0047616456 -314.259
-0.0047614456 -313.46
-0.0047612456 -313.859
-0.0047610456 -314.659
-0.0047608456 -314.259
-0.0047606456 -313.859
-0.0047604456 -316.258
-0.0047602456 -315.858
-0.0047600456 -312.66
-0.0047598456 -315.059
-0.0047596456 -312.26
-0.0047594456 -314.259
-0.0047592456 -315.459
-0.0047590456 -313.46
-0.0047588456 -313.859
-0.0047586456 -311.86
-0.0047584456 -313.46
-0.0047582456 -314.259
-0.0047580456 -313.859
-0.0047578456 -313.06
-0.0047576456 -310.661
-0.0047574456 -315.459
-0.0047572456 -313.06
-0.0047570456 -312.26
-0.0047568456 -314.259
-0.0047566456 -313.46
-0.0047564456 -312.66
-0.0047562456 -310.661
-0.0047560456 -311.86
-0.0047558456 -315.059
-0.0047556456 -311.86
-0.0047554456 -311.46
-0.0047552456 -311.46
-0.0047550456 -311.061
-0.0047548456 -311.46
-0.0047546456 -311.46
-0.0047544456 -313.859
-0.0047542456 -311.061
-0.0047540456 -312.26
-0.0047538456 -313.46
-0.0047536456 -310.261
-0.0047534456 -312.26
-0.0047532456 -309.461
-0.0047530456 -310.661
-0.0047528456 -309.062
-0.0047526456 -309.861
-0.0047524456 -312.26
-0.0047522456 -311.061
-0.0047520456 -310.261
-0.0047518456 -308.262
-0.0047516456 -310.261
-0.0047514456 -309.062
-0.0047512456 -307.462
-0.0047510456 -310.261
-0.0047508456 -308.262
-0.0047506456 -309.062
-0.0047504456 -307.462
-0.0047502456 -309.861
-0.0047500456 -308.262
-0.0047498456 -307.062
-0.0047496456 -310.661
-0.0047494456 -307.862
-0.0047492456 -310.661
-0.0047490456 -307.462
-0.0047488456 -307.462
-0.0047486456 -308.262
-0.0047484456 -307.862
-0.0047482456 -305.863
-0.0047480456 -308.262
-0.0047478456 -307.062
-0.0047476456 -309.062
-0.0047474456 -305.863
-0.0047472456 -305.463
-0.0047470456 -308.662
-0.0047468456 -310.661
-0.0047466456 -304.664
-0.0047464456 -307.862
-0.0047462456 -305.863
-0.0047460456 -305.463
-0.0047458456 -306.663
-0.0047456456 -307.862
-0.0047454456 -305.063
-0.0047452456 -307.062
-0.0047450456 -307.062
-0.0047448456 -307.062
-0.0047446456 -305.463
-0.0047444456 -303.864
-0.0047442456 -304.664
-0.0047440456 -303.064
-0.0047438456 -305.863
-0.0047436456 -303.864
-0.0047434456 -304.664
-0.0047432456 -304.264
-0.0047430456 -304.264
-0.0047428456 -306.263
-0.0047426456 -306.263
-0.0047424456 -303.864
-0.0047422456 -304.664
-0.0047420456 -306.663
-0.0047418456 -304.264
-0.0047416456 -303.864
-0.0047414456 -305.863
-0.0047412456 -301.865
-0.0047410456 -304.264
-0.0047408456 -302.265
-0.0047406456 -304.264
-0.0047404456 -303.464
-0.0047402456 -300.665
-0.0047400456 -303.064
-0.0047398456 -305.463
-0.0047396456 -300.265
-0.0047394456 -302.664
-0.0047392456 -303.464
-0.0047390456 -302.664
-0.0047388456 -304.264
-0.0047386456 -301.065
-0.0047384456 -304.264
-0.0047382456 -301.865
-0.0047380456 -302.664
-0.0047378456 -300.265
-0.0047376456 -302.664
-0.0047374456 -301.865
-0.0047372456 -303.864
-0.0047370456 -301.065
-0.0047368456 -301.465
-0.0047366456 -301.065
-0.0047364456 -301.065
-0.0047362456 -300.665
-0.0047360456 -301.465
-0.0047358456 -301.065
-0.0047356456 -299.866
-0.0047354456 -302.265
-0.0047352456 -302.265
-0.0047350456 -301.065
-0.0047348456 -301.065
-0.0047346456 -300.665
-0.0047344456 -301.065
-0.0047342456 -300.265
-0.0047340456 -297.067
-0.0047338456 -299.466
-0.0047336456 -299.866
-0.0047334456 -300.265
-0.0047332456 -299.066
-0.0047330456 -299.866
-0.0047328456 -299.866
-0.0047326456 -301.465
-0.0047324456 -297.867
-0.0047322456 -299.066
-0.0047320456 -297.467
-0.0047318456 -299.066
-0.0047316456 -297.867
-0.0047314456 -297.467
-0.0047312456 -299.866
-0.0047310456 -298.266
-0.0047308456 -299.466
-0.0047306456 -296.667
-0.0047304456 -299.866
-0.0047302456 -298.666
-0.0047300456 -300.265
-0.0047298456 -299.466
-0.0047296456 -296.667
-0.0047294456 -295.867
-0.0047292456 -297.867
-0.0047290456 -299.866
-0.0047288456 -299.866
-0.0047286456 -299.066
-0.0047284456 -296.667
-0.0047282456 -298.266
-0.0047280456 -296.667
-0.0047278456 -296.267
-0.0047276456 -298.266
-0.0047274456 -297.067
-0.0047272456 -298.266
-0.0047270456 -296.267
-0.0047268456 -293.868
-0.0047266456 -298.266
-0.0047264456 -296.267
-0.0047262456 -294.668
-0.0047260456 -297.867
-0.0047258456 -296.667
-0.0047256456 -295.068
-0.0047254456 -295.867
-0.0047252456 -296.667
-0.0047250456 -293.868
-0.0047248456 -294.668
-0.0047246456 -295.867
-0.0047244456 -291.869
-0.0047242456 -296.667
-0.0047240456 -295.068
-0.0047238456 -295.867
-0.0047236456 -295.468
-0.0047234456 -297.067
-0.0047232456 -291.469
-0.0047230456 -291.869
-0.0047228456 -295.068
-0.0047226456 -295.068
-0.0047224456 -291.469
-0.0047222456 -293.469
-0.0047220456 -293.469
-0.0047218456 -296.267
-0.0047216456 -293.069
-0.0047214456 -293.469
-0.0047212456 -294.668
-0.0047210456 -293.469
-0.0047208456 -292.269
-0.0047206456 -288.671
-0.0047204456 -292.269
-0.0047202456 -290.67
-0.0047200456 -289.07
-0.0047198456 -291.469
-0.0047196456 -293.868
-0.0047194456 -292.669
-0.0047192456 -293.469
-0.0047190456 -292.269
-0.0047188456 -291.869
-0.0047186456 -293.069
-0.0047184456 -293.868
-0.0047182456 -293.469
-0.0047180456 -289.47
-0.0047178456 -294.268
-0.0047176456 -292.669
-0.0047174456 -293.868
-0.0047172456 -293.469
-0.0047170456 -290.67
-0.0047168456 -290.27
-0.0047166456 -290.67
-0.0047164456 -292.269
-0.0047162456 -293.069
-0.0047160456 -292.269
-0.0047158456 -292.669
-0.0047156456 -287.871
-0.0047154456 -292.669
-0.0047152456 -291.469
-0.0047150456 -291.07
-0.0047148456 -292.669
-0.0047146456 -291.469
-0.0047144456 -291.869
-0.0047142456 -291.469
-0.0047140456 -289.47
-0.0047138456 -288.671
-0.0047136456 -291.07
-0.0047134456 -290.67
-0.0047132456 -290.67
-0.0047130456 -289.87
-0.0047128456 -290.27
-0.0047126456 -287.871
-0.0047124456 -288.271
-0.0047122456 -289.87
-0.0047120456 -292.269
-0.0047118456 -288.271
-0.0047116456 -288.671
-0.0047114456 -291.469
-0.0047112456 -287.471
-0.0047110456 -290.27
-0.0047108456 -290.27
-0.0047106456 -291.469
-0.0047104456 -288.671
-0.0047102456 -288.671
-0.0047100456 -290.27
-0.0047098456 -287.871
-0.0047096456 -289.07
-0.0047094456 -287.071
-0.0047092456 -290.27
-0.0047090456 -290.67
-0.0047088456 -287.471
-0.0047086456 -288.671
-0.0047084456 -290.27
-0.0047082456 -288.271
-0.0047080456 -287.871
-0.0047078456 -289.87
-0.0047076456 -287.871
-0.0047074456 -285.472
-0.0047072456 -287.471
-0.0047070456 -287.471
-0.0047068456 -287.471
-0.0047066456 -285.472
-0.0047064456 -289.07
-0.0047062456 -287.871
-0.0047060456 -283.873
-0.0047058456 -285.872
-0.0047056456 -287.071
-0.0047054456 -285.872
-0.0047052456 -288.271
-0.0047050456 -285.872
-0.0047048456 -289.47
-0.0047046456 -288.271
-0.0047044456 -284.672
-0.0047042456 -286.672
-0.0047040456 -285.472
-0.0047038456 -284.273
-0.0047036456 -285.072
-0.0047034456 -285.472
-0.0047032456 -283.873
-0.0047030456 -285.472
-0.0047028456 -287.871
-0.0047026456 -284.672
-0.0047024456 -285.072
-0.0047022456 -286.672
-0.0047020456 -285.072
-0.0047018456 -286.672
-0.0047016456 -284.672
-0.0047014456 -284.273
-0.0047012456 -285.472
-0.0047010456 -286.272
-0.0047008456 -285.472
-0.0047006456 -286.272
-0.0047004456 -283.873
-0.0047002456 -285.072
-0.0047000456 -283.473
-0.0046998456 -283.073
-0.0046996456 -285.072
-0.0046994456 -283.873
-0.0046992456 -281.474
-0.0046990456 -282.673
-0.0046988456 -283.073
-0.0046986456 -282.673
-0.0046984456 -283.473
-0.0046982456 -285.472
-0.0046980456 -287.871
-0.0046978456 -284.672
-0.0046976456 -284.273
-0.0046974456 -285.072
-0.0046972456 -282.274
-0.0046970456 -285.072
-0.0046968456 -284.672
-0.0046966456 -282.274
-0.0046964456 -286.272
-0.0046962456 -285.872
-0.0046960456 -283.873
-0.0046958456 -281.874
-0.0046956456 -282.673
-0.0046954456 -283.873
-0.0046952456 -284.273
-0.0046950456 -283.073
-0.0046948456 -281.074
-0.0046946456 -281.074
-0.0046944456 -283.073
-0.0046942456 -283.473
-0.0046940456 -282.274
-0.0046938456 -279.875
-0.0046936456 -280.674
-0.0046934456 -282.274
-0.0046932456 -283.473
-0.0046930456 -279.075
-0.0046928456 -280.274
-0.0046926456 -282.274
-0.0046924456 -282.673
-0.0046922456 -284.273
-0.0046920456 -280.674
-0.0046918456 -279.875
-0.0046916456 -280.674
-0.0046914456 -279.875
-0.0046912456 -280.674
-0.0046910456 -280.674
-0.0046908456 -279.075
-0.0046906456 -280.274
-0.0046904456 -278.275
-0.0046902456 -278.675
-0.0046900456 -281.474
-0.0046898456 -280.274
-0.0046896456 -279.475
-0.0046894456 -279.475
-0.0046892456 -278.275
-0.0046890456 -279.475
-0.0046888456 -277.876
-0.0046886456 -281.074
-0.0046884456 -278.275
-0.0046882456 -277.076
-0.0046880456 -280.274
-0.0046878456 -280.274
-0.0046876456 -281.074
-0.0046874456 -277.076
-0.0046872456 -279.875
-0.0046870456 -279.475
-0.0046868456 -277.476
-0.0046866456 -278.275
-0.0046864456 -277.076
-0.0046862456 -278.275
-0.0046860456 -278.675
-0.0046858456 -278.275
-0.0046856456 -277.876
-0.0046854456 -275.077
-0.0046852456 -276.276
-0.0046850456 -277.476
-0.0046848456 -277.076
-0.0046846456 -276.276
-0.0046844456 -278.675
-0.0046842456 -279.075
-0.0046840456 -276.276
-0.0046838456 -277.476
-0.0046836456 -279.075
-0.0046834456 -277.076
-0.0046832456 -275.477
-0.0046830456 -275.876
-0.0046828456 -274.277
-0.0046826456 -275.876
-0.0046824456 -275.077
-0.0046822456 -276.676
-0.0046820456 -275.876
-0.0046818456 -275.477
-0.0046816456 -277.476
-0.0046814456 -276.676
-0.0046812456 -276.276
-0.0046810456 -273.877
-0.0046808456 -274.677
-0.0046806456 -274.677
-0.0046804456 -275.477
-0.0046802456 -273.877
-0.0046800456 -272.678
-0.0046798456 -271.878
-0.0046796456 -273.477
-0.0046794456 -274.277
-0.0046792456 -275.077
-0.0046790456 -274.277
-0.0046788456 -275.477
-0.0046786456 -271.079
-0.0046784456 -273.477
-0.0046782456 -275.876
-0.0046780456 -272.678
-0.0046778456 -273.078
-0.0046776456 -274.277
-0.0046774456 -275.077
-0.0046772456 -272.278
-0.0046770456 -275.077
-0.0046768456 -271.878
-0.0046766456 -275.477
-0.0046764456 -273.078
-0.0046762456 -272.678
-0.0046760456 -273.078
-0.0046758456 -269.879
-0.0046756456 -273.477
-0.0046754456 -274.677
-0.0046752456 -273.078
-0.0046750456 -272.678
-0.0046748456 -271.478
-0.0046746456 -273.477
-0.0046744456 -272.278
-0.0046742456 -273.078
-0.0046740456 -272.678
-0.0046738456 -273.477
-0.0046736456 -273.078
-0.0046734456 -271.079
-0.0046732456 -272.678
-0.0046730456 -270.679
-0.0046728456 -273.078
-0.0046726456 -273.477
-0.0046724456 -271.079
-0.0046722456 -271.878
-0.0046720456 -273.078
-0.0046718456 -269.879
-0.0046716456 -273.078
-0.0046714456 -272.678
-0.0046712456 -271.878
-0.0046710456 -272.278
-0.0046708456 -274.677
-0.0046706456 -272.278
-0.0046704456 -272.278
-0.0046702456 -273.477
-0.0046700456 -272.278
-0.0046698456 -271.478
-0.0046696456 -269.079
-0.0046694456 -271.079
-0.0046692456 -269.879
-0.0046690456 -272.678
-0.0046688456 -272.678
-0.0046686456 -271.478
-0.0046684456 -270.679
-0.0046682456 -273.078
-0.0046680456 -271.878
-0.0046678456 -271.079
-0.0046676456 -271.079
-0.0046674456 -270.279
-0.0046672456 -269.079
-0.0046670456 -269.479
-0.0046668456 -270.279
-0.0046666456 -268.28
-0.0046664456 -269.479
-0.0046662456 -269.479
-0.0046660456 -271.478
-0.0046658456 -271.079
-0.0046656456 -270.279
-0.0046654456 -269.479
-0.0046652456 -268.68
-0.0046650456 -269.479
-0.0046648456 -269.079
-0.0046646456 -270.279
-0.0046644456 -269.479
-0.0046642456 -269.879
-0.0046640456 -269.079
-0.0046638456 -271.478
-0.0046636456 -270.679
-0.0046634456 -271.478
-0.0046632456 -270.679
-0.0046630456 -269.079
-0.0046628456 -267.48
-0.0046626456 -268.28
-0.0046624456 -269.879
-0.0046622456 -269.879
-0.0046620456 -269.079
-0.0046618456 -268.28
-0.0046616456 -268.28
-0.0046614456 -264.681
-0.0046612456 -267.08
-0.0046610456 -268.68
-0.0046608456 -269.879
-0.0046606456 -265.081
-0.0046604456 -269.079
-0.0046602456 -267.48
-0.0046600456 -269.079
-0.0046598456 -267.48
-0.0046596456 -269.879
-0.0046594456 -268.68
-0.0046592456 -269.479
-0.0046590456 -269.079
-0.0046588456 -265.081
-0.0046586456 -267.88
-0.0046584456 -269.479
-0.0046582456 -263.482
-0.0046580456 -270.679
-0.0046578456 -264.282
-0.0046576456 -266.281
-0.0046574456 -266.281
-0.0046572456 -263.882
-0.0046570456 -267.48
-0.0046568456 -267.88
-0.0046566456 -265.081
-0.0046564456 -263.882
-0.0046562456 -263.482
-0.0046560456 -266.281
-0.0046558456 -263.882
-0.0046556456 -265.481
-0.0046554456 -266.281
-0.0046552456 -267.88
-0.0046550456 -269.079
-0.0046548456 -265.881
-0.0046546456 -268.68
-0.0046544456 -266.281
-0.0046542456 -263.482
-0.0046540456 -263.882
-0.0046538456 -266.681
-0.0046536456 -268.68
-0.0046534456 -265.081
-0.0046532456 -264.681
-0.0046530456 -267.48
-0.0046528456 -263.882
-0.0046526456 -264.282
-0.0046524456 -264.681
-0.0046522456 -265.881
-0.0046520456 -265.081
-0.0046518456 -261.883
-0.0046516456 -266.681
-0.0046514456 -266.681
-0.0046512456 -265.481
-0.0046510456 -263.082
-0.0046508456 -263.482
-0.0046506456 -263.082
-0.0046504456 -262.282
-0.0046502456 -263.482
-0.0046500456 -264.681
-0.0046498456 -267.48
-0.0046496456 -262.282
-0.0046494456 -264.282
-0.0046492456 -263.082
-0.0046490456 -262.682
-0.0046488456 -265.481
-0.0046486456 -263.882
-0.0046484456 -263.482
-0.0046482456 -265.481
-0.0046480456 -264.681
-0.0046478456 -265.081
-0.0046476456 -263.482
-0.0046474456 -265.881
-0.0046472456 -264.681
-0.0046470456 -265.081
-0.0046468456 -263.482
-0.0046466456 -263.482
-0.0046464456 -264.681
-0.0046462456 -263.882
-0.0046460456 -263.882
-0.0046458456 -263.882
-0.0046456456 -263.082
-0.0046454456 -260.683
-0.0046452456 -261.883
-0.0046450456 -261.883
-0.0046448456 -263.082
-0.0046446456 -263.882
-0.0046444456 -263.482
-0.0046442456 -262.682
-0.0046440456 -263.882
-0.0046438456 -261.083
-0.0046436456 -262.282
-0.0046434456 -261.483
-0.0046432456 -261.483
-0.0046430456 -262.682
-0.0046428456 -261.883
-0.0046426456 -261.883
-0.0046424456 -262.282
-0.0046422456 -262.682
-0.0046420456 -262.682
-0.0046418456 -259.884
-0.0046416456 -262.282
-0.0046414456 -260.683
-0.0046412456 -261.083
-0.0046410456 -264.681
-0.0046408456 -262.682
-0.0046406456 -261.483
-0.0046404456 -261.483
-0.0046402456 -261.083
-0.0046400456 -261.483
-0.0046398456 -260.283
-0.0046396456 -262.682
-0.0046394456 -260.683
-0.0046392456 -262.282
-0.0046390456 -259.884
-0.0046388456 -262.282
-0.0046386456 -261.483
-0.0046384456 -261.483
-0.0046382456 -261.883
-0.0046380456 -261.483
-0.0046378456 -259.084
-0.0046376456 -261.083
-0.0046374456 -262.282
-0.0046372456 -261.483
-0.0046370456 -261.483
-0.0046368456 -259.884
-0.0046366456 -260.683
-0.0046364456 -261.083
-0.0046362456 -261.083
-0.0046360456 -259.484
-0.0046358456 -258.284
-0.0046356456 -260.283
-0.0046354456 -260.283
-0.0046352456 -259.084
-0.0046350456 -257.884
-0.0046348456 -261.083
-0.0046346456 -259.884
-0.0046344456 -260.683
-0.0046342456 -261.483
-0.0046340456 -258.684
-0.0046338456 -258.684
-0.0046336456 -257.884
-0.0046334456 -259.884
-0.0046332456 -260.683
-0.0046330456 -259.484
-0.0046328456 -259.084
-0.0046326456 -259.484
-0.0046324456 -258.284
-0.0046322456 -258.684
-0.0046320456 -261.083
-0.0046318456 -260.283
-0.0046316456 -260.683
-0.0046314456 -258.284
-0.0046312456 -258.284
-0.0046310456 -257.485
-0.0046308456 -261.483
-0.0046306456 -261.083
-0.0046304456 -256.685
-0.0046302456 -259.484
-0.0046300456 -257.884
-0.0046298456 -260.283
-0.0046296456 -259.484
-0.0046294456 -257.485
-0.0046292456 -259.884
-0.0046290456 -255.885
-0.0046288456 -260.283
-0.0046286456 -257.485
-0.0046284456 -255.885
-0.0046282456 -255.486
-0.0046280456 -259.484
-0.0046278456 -258.284
-0.0046276456 -258.284
-0.0046274456 -257.085
-0.0046272456 -256.285
-0.0046270456 -257.884
-0.0046268456 -257.085
-0.0046266456 -257.085
-0.0046264456 -256.685
-0.0046262456 -257.085
-0.0046260456 -257.884
-0.0046258456 -257.884
-0.0046256456 -258.284
-0.0046254456 -255.885
-0.0046252456 -259.884
-0.0046250456 -258.284
-0.0046248456 -255.486
-0.0046246456 -254.686
-0.0046244456 -259.484
-0.0046242456 -256.285
-0.0046240456 -255.885
-0.0046238456 -257.085
-0.0046236456 -255.086
-0.0046234456 -254.686
-0.0046232456 -256.285
-0.0046230456 -256.685
-0.0046228456 -258.684
-0.0046226456 -255.885
-0.0046224456 -254.686
-0.0046222456 -257.884
-0.0046220456 -256.285
-0.0046218456 -257.085
-0.0046216456 -258.284
-0.0046214456 -255.086
-0.0046212456 -257.085
-0.0046210456 -255.885
-0.0046208456 -255.486
-0.0046206456 -252.687
-0.0046204456 -255.885
-0.0046202456 -255.885
-0.0046200456 -254.686
-0.0046198456 -255.885
-0.0046196456 -255.086
-0.0046194456 -256.285
-0.0046192456 -255.086
-0.0046190456 -253.886
-0.0046188456 -255.885
-0.0046186456 -255.885
-0.0046184456 -255.486
-0.0046182456 -253.486
-0.0046180456 -257.085
-0.0046178456 -255.486
-0.0046176456 -253.886
-0.0046174456 -256.285
-0.0046172456 -255.086
-0.0046170456 -254.686
-0.0046168456 -253.087
-0.0046166456 -251.487
-0.0046164456 -255.885
-0.0046162456 -253.886
-0.0046160456 -253.087
-0.0046158456 -255.885
-0.0046156456 -255.486
-0.0046154456 -257.884
-0.0046152456 -254.686
-0.0046150456 -251.487
-0.0046148456 -256.285
-0.0046146456 -251.887
-0.0046144456 -253.486
-0.0046142456 -253.087
-0.0046140456 -255.086
-0.0046138456 -252.687
-0.0046136456 -254.686
-0.0046134456 -256.285
-0.0046132456 -254.286
-0.0046130456 -254.686
-0.0046128456 -253.087
-0.0046126456 -253.486
-0.0046124456 -252.687
-0.0046122456 -252.287
-0.0046120456 -250.288
-0.0046118456 -251.887
-0.0046116456 -252.287
-0.0046114456 -254.686
-0.0046112456 -254.286
-0.0046110456 -254.286
-0.0046108456 -254.286
-0.0046106456 -252.687
-0.0046104456 -251.887
-0.0046102456 -251.487
-0.0046100456 -253.886
-0.0046098456 -252.687
-0.0046096456 -253.087
-0.0046094456 -253.886
-0.0046092456 -250.288
-0.0046090456 -252.287
-0.0046088456 -250.288
-0.0046086456 -252.287
-0.0046084456 -250.688
-0.0046082456 -251.487
-0.0046080456 -253.087
-0.0046078456 -251.887
-0.0046076456 -250.688
-0.0046074456 -251.088
-0.0046072456 -248.289
-0.0046070456 -250.688
-0.0046068456 -251.487
-0.0046066456 -251.088
-0.0046064456 -253.087
-0.0046062456 -251.487
-0.0046060456 -250.688
-0.0046058456 -251.088
-0.0046056456 -252.687
-0.0046054456 -251.487
-0.0046052456 -249.888
-0.0046050456 -249.088
-0.0046048456 -251.088
-0.0046046456 -252.287
-0.0046044456 -250.288
-0.0046042456 -249.488
-0.0046040456 -249.888
-0.0046038456 -253.087
-0.0046036456 -251.887
-0.0046034456 -251.887
-0.0046032456 -251.487
-0.0046030456 -249.888
-0.0046028456 -251.487
-0.0046026456 -251.487
-0.0046024456 -249.088
-0.0046022456 -249.888
-0.0046020456 -247.889
-0.0046018456 -249.088
-0.0046016456 -249.088
-0.0046014456 -247.489
-0.0046012456 -251.487
-0.0046010456 -251.088
-0.0046008456 -248.689
-0.0046006456 -249.088
-0.0046004456 -250.288
-0.0046002456 -249.888
-0.0046000456 -249.888
-0.0045998456 -246.689
-0.0045996456 -251.887
-0.0045994456 -250.288
-0.0045992456 -249.088
-0.0045990456 -247.489
-0.0045988456 -247.889
-0.0045986456 -246.689
-0.0045984456 -251.088
-0.0045982456 -246.29
-0.0045980456 -247.889
-0.0045978456 -247.489
-0.0045976456 -247.889
-0.0045974456 -248.689
-0.0045972456 -250.288
-0.0045970456 -249.488
-0.0045968456 -247.889
-0.0045966456 -251.487
-0.0045964456 -247.089
-0.0045962456 -246.689
-0.0045960456 -249.888
-0.0045958456 -249.888
-0.0045956456 -248.289
-0.0045954456 -249.088
-0.0045952456 -246.689
-0.0045950456 -244.291
-0.0045948456 -249.088
-0.0045946456 -244.291
-0.0045944456 -247.489
-0.0045942456 -245.09
-0.0045940456 -245.49
-0.0045938456 -245.89
-0.0045936456 -245.89
-0.0045934456 -245.49
-0.0045932456 -245.49
-0.0045930456 -247.489
-0.0045928456 -246.29
-0.0045926456 -246.689
-0.0045924456 -246.29
-0.0045922456 -247.089
-0.0045920456 -244.291
-0.0045918456 -247.489
-0.0045916456 -245.49
-0.0045914456 -246.689
-0.0045912456 -246.29
-0.0045910456 -247.089
-0.0045908456 -245.89
-0.0045906456 -245.09
-0.0045904456 -245.49
-0.0045902456 -245.09
-0.0045900456 -245.89
-0.0045898456 -248.689
-0.0045896456 -244.69
-0.0045894456 -243.891
-0.0045892456 -246.689
-0.0045890456 -245.09
-0.0045888456 -243.491
-0.0045886456 -245.49
-0.0045884456 -245.09
-0.0045882456 -243.091
-0.0045880456 -243.891
-0.0045878456 -241.892
-0.0045876456 -245.49
-0.0045874456 -241.892
-0.0045872456 -243.891
-0.0045870456 -240.692
-0.0045868456 -243.491
-0.0045866456 -244.291
-0.0045864456 -243.491
-0.0045862456 -244.291
-0.0045860456 -241.492
-0.0045858456 -242.291
-0.0045856456 -244.69
-0.0045854456 -243.491
-0.0045852456 -244.291
-0.0045850456 -245.09
-0.0045848456 -243.891
-0.0045846456 -247.089
-0.0045844456 -244.291
-0.0045842456 -243.891
-0.0045840456 -242.691
-0.0045838456 -243.091
-0.0045836456 -245.49
-0.0045834456 -243.491
-0.0045832456 -243.891
-0.0045830456 -243.491
-0.0045828456 -241.492
-0.0045826456 -243.491
-0.0045824456 -243.491
-0.0045822456 -240.692
-0.0045820456 -246.689
-0.0045818456 -243.491
-0.0045816456 -243.491
-0.0045814456 -243.891
-0.0045812456 -241.492
-0.0045810456 -245.49
-0.0045808456 -241.092
-0.0045806456 -244.69
-0.0045804456 -241.892
-0.0045802456 -243.891
-0.0045800456 -243.491
-0.0045798456 -243.891
-0.0045796456 -242.291
-0.0045794456 -241.492
-0.0045792456 -242.291
-0.0045790456 -244.291
-0.0045788456 -244.291
-0.0045786456 -241.492
-0.0045784456 -243.891
-0.0045782456 -243.491
-0.0045780456 -243.491
-0.0045778456 -242.291
-0.0045776456 -241.092
-0.0045774456 -245.89
-0.0045772456 -241.492
-0.0045770456 -241.492
-0.0045768456 -241.892
-0.0045766456 -246.689
-0.0045764456 -243.091
-0.0045762456 -241.492
-0.0045760456 -242.291
-0.0045758456 -243.091
-0.0045756456 -241.092
-0.0045754456 -242.691
-0.0045752456 -243.091
-0.0045750456 -238.693
-0.0045748456 -241.892
-0.0045746456 -243.091
-0.0045744456 -242.291
-0.0045742456 -240.692
-0.0045740456 -243.091
-0.0045738456 -241.892
-0.0045736456 -241.492
-0.0045734456 -242.291
-0.0045732456 -243.491
-0.0045730456 -239.893
-0.0045728456 -243.891
-0.0045726456 -242.691
-0.0045724456 -241.492
-0.0045722456 -241.492
-0.0045720456 -240.692
-0.0045718456 -241.892
-0.0045716456 -242.291
-0.0045714456 -240.692
-0.0045712456 -241.892
-0.0045710456 -235.894
-0.0045708456 -242.291
-0.0045706456 -242.691
-0.0045704456 -238.293
-0.0045702456 -240.292
-0.0045700456 -241.492
-0.0045698456 -241.092
-0.0045696456 -241.492
-0.0045694456 -241.092
-0.0045692456 -240.292
-0.0045690456 -241.092
-0.0045688456 -238.293
-0.0045686456 -243.091
-0.0045684456 -237.494
-0.0045682456 -238.293
-0.0045680456 -240.692
-0.0045678456 -239.893
-0.0045676456 -240.692
-0.0045674456 -240.692
-0.0045672456 -240.692
-0.0045670456 -237.494
-0.0045668456 -241.092
-0.0045666456 -239.893
-0.0045664456 -239.093
-0.0045662456 -241.492
-0.0045660456 -240.692
-0.0045658456 -241.892
-0.0045656456 -240.292
-0.0045654456 -240.292
-0.0045652456 -238.293
-0.0045650456 -235.894
-0.0045648456 -239.493
-0.0045646456 -239.093
-0.0045644456 -238.693
-0.0045642456 -239.893
-0.0045640456 -237.893
-0.0045638456 -236.694
-0.0045636456 -237.893
-0.0045634456 -237.893
-0.0045632456 -235.095
-0.0045630456 -239.493
-0.0045628456 -237.893
-0.0045626456 -236.694
-0.0045624456 -237.494
-0.0045622456 -237.893
-0.0045620456 -239.493
-0.0045618456 -238.693
-0.0045616456 -237.094
-0.0045614456 -237.494
-0.0045612456 -239.093
-0.0045610456 -237.893
-0.0045608456 -235.494
-0.0045606456 -236.294
-0.0045604456 -237.094
-0.0045602456 -238.293
-0.0045600456 -239.093
-0.0045598456 -237.494
-0.0045596456 -236.294
-0.0045594456 -236.294
-0.0045592456 -237.494
-0.0045590456 -237.494
-0.0045588456 -237.494
-0.0045586456 -236.694
-0.0045584456 -240.292
-0.0045582456 -235.494
-0.0045580456 -235.894
-0.0045578456 -237.494
-0.0045576456 -237.094
-0.0045574456 -237.494
-0.0045572456 -237.094
-0.0045570456 -238.693
-0.0045568456 -239.493
-0.0045566456 -237.094
-0.0045564456 -236.694
-0.0045562456 -237.893
-0.0045560456 -235.095
-0.0045558456 -234.695
-0.0045556456 -234.695
-0.0045554456 -238.293
-0.0045552456 -239.093
-0.0045550456 -232.296
-0.0045548456 -237.094
-0.0045546456 -237.893
-0.0045544456 -237.494
-0.0045542456 -235.494
-0.0045540456 -238.293
-0.0045538456 -236.294
-0.0045536456 -236.694
-0.0045534456 -236.694
-0.0045532456 -236.294
-0.0045530456 -237.494
-0.0045528456 -236.694
-0.0045526456 -233.895
-0.0045524456 -236.694
-0.0045522456 -235.095
-0.0045520456 -236.294
-0.0045518456 -235.095
-0.0045516456 -237.094
-0.0045514456 -231.896
-0.0045512456 -236.694
-0.0045510456 -235.095
-0.0045508456 -236.694
-0.0045506456 -235.095
-0.0045504456 -233.895
-0.0045502456 -236.294
-0.0045500456 -233.495
-0.0045498456 -236.694
-0.0045496456 -236.294
-0.0045494456 -233.495
-0.0045492456 -236.694
-0.0045490456 -239.093
-0.0045488456 -235.494
-0.0045486456 -233.096
-0.0045484456 -235.494
-0.0045482456 -236.694
-0.0045480456 -233.495
-0.0045478456 -235.095
-0.0045476456 -233.895
-0.0045474456 -232.696
-0.0045472456 -234.295
-0.0045470456 -237.094
-0.0045468456 -234.695
-0.0045466456 -233.895
-0.0045464456 -233.096
-0.0045462456 -234.295
-0.0045460456 -234.295
-0.0045458456 -237.494
-0.0045456456 -235.095
-0.0045454456 -233.096
-0.0045452456 -233.895
-0.0045450456 -233.895
-0.0045448456 -233.096
-0.0045446456 -237.094
-0.0045444456 -235.894
-0.0045442456 -234.295
-0.0045440456 -230.697
-0.0045438456 -232.696
-0.0045436456 -235.095
-0.0045434456 -234.695
-0.0045432456 -233.495
-0.0045430456 -235.894
-0.0045428456 -233.096
-0.0045426456 -233.895
-0.0045424456 -233.096
-0.0045422456 -232.696
-0.0045420456 -233.096
-0.0045418456 -233.495
-0.0045416456 -233.495
-0.0045414456 -232.296
-0.0045412456 -232.296
-0.0045410456 -232.296
-0.0045408456 -234.295
-0.0045406456 -236.294
-0.0045404456 -233.096
-0.0045402456 -233.495
-0.0045400456 -235.494
-0.0045398456 -232.696
-0.0045396456 -232.296
-0.0045394456 -232.296
-0.0045392456 -233.495
-0.0045390456 -233.096
-0.0045388456 -231.096
-0.0045386456 -232.696
-0.0045384456 -231.096
-0.0045382456 -232.296
-0.0045380456 -232.296
-0.0045378456 -232.696
-0.0045376456 -230.697
-0.0045374456 -233.096
-0.0045372456 -232.296
-0.0045370456 -234.295
-0.0045368456 -230.697
-0.0045366456 -230.697
-0.0045364456 -231.096
-0.0045362456 -232.696
-0.0045360456 -232.296
-0.0045358456 -231.896
-0.0045356456 -233.096
-0.0045354456 -233.495
-0.0045352456 -230.697
-0.0045350456 -232.296
-0.0045348456 -233.096
-0.0045346456 -231.096
-0.0045344456 -232.696
-0.0045342456 -231.896
-0.0045340456 -229.497
-0.0045338456 -232.296
-0.0045336456 -231.096
-0.0045334456 -231.896
-0.0045332456 -232.296
-0.0045330456 -231.096
-0.0045328456 -230.697
-0.0045326456 -230.697
-0.0045324456 -229.097
-0.0045322456 -231.496
-0.0045320456 -230.297
-0.0045318456 -231.096
-0.0045316456 -231.496
-0.0045314456 -233.096
-0.0045312456 -230.297
-0.0045310456 -229.897
-0.0045308456 -230.297
-0.0045306456 -229.897
-0.0045304456 -229.097
-0.0045302456 -227.898
-0.0045300456 -229.097
-0.0045298456 -231.096
-0.0045296456 -230.297
-0.0045294456 -232.296
-0.0045292456 -232.696
-0.0045290456 -231.896
-0.0045288456 -229.097
-0.0045286456 -227.898
-0.0045284456 -229.497
-0.0045282456 -228.698
-0.0045280456 -227.498
-0.0045278456 -233.495
-0.0045276456 -229.097
-0.0045274456 -229.097
-0.0045272456 -229.097
-0.0045270456 -229.897
-0.0045268456 -231.096
-0.0045266456 -231.896
-0.0045264456 -225.499
-0.0045262456 -229.897
-0.0045260456 -229.097
-0.0045258456 -231.896
-0.0045256456 -229.497
-0.0045254456 -227.898
-0.0045252456 -226.698
-0.0045250456 -227.898
-0.0045248456 -230.297
-0.0045246456 -231.496
-0.0045244456 -229.497
-0.0045242456 -227.098
-0.0045240456 -229.097
-0.0045238456 -230.697
-0.0045236456 -231.896
-0.0045234456 -229.897
-0.0045232456 -227.498
-0.0045230456 -230.697
-0.0045228456 -226.299
-0.0045226456 -227.498
-0.0045224456 -230.697
-0.0045222456 -227.898
-0.0045220456 -227.898
-0.0045218456 -225.899
-0.0045216456 -227.098
-0.0045214456 -227.898
-0.0045212456 -227.898
-0.0045210456 -229.897
-0.0045208456 -226.299
-0.0045206456 -228.298
-0.0045204456 -227.898
-0.0045202456 -228.298
-0.0045200456 -230.297
-0.0045198456 -227.898
-0.0045196456 -225.099
-0.0045194456 -225.899
-0.0045192456 -228.298
-0.0045190456 -227.498
-0.0045188456 -230.297
-0.0045186456 -228.298
-0.0045184456 -228.698
-0.0045182456 -225.499
-0.0045180456 -226.299
-0.0045178456 -226.698
-0.0045176456 -226.698
-0.0045174456 -226.299
-0.0045172456 -228.298
-0.0045170456 -224.699
-0.0045168456 -226.698
-0.0045166456 -227.898
-0.0045164456 -225.499
-0.0045162456 -226.299
-0.0045160456 -226.698
-0.0045158456 -227.098
-0.0045156456 -226.698
-0.0045154456 -225.899
-0.0045152456 -227.898
-0.0045150456 -226.299
-0.0045148456 -225.499
-0.0045146456 -225.499
-0.0045144456 -225.499
-0.0045142456 -226.299
-0.0045140456 -224.699
-0.0045138456 -226.299
-0.0045136456 -224.699
-0.0045134456 -224.699
-0.0045132456 -225.899
-0.0045130456 -227.498
-0.0045128456 -225.899
-0.0045126456 -225.099
-0.0045124456 -225.899
-0.0045122456 -225.099
-0.0045120456 -227.498
-0.0045118456 -225.499
-0.0045116456 -223.5
-0.0045114456 -224.699
-0.0045112456 -223.9
-0.0045110456 -227.098
-0.0045108456 -225.499
-0.0045106456 -223.5
-0.0045104456 -224.699
-0.0045102456 -223.9
-0.0045100456 -223.9
-0.0045098456 -223.9
-0.0045096456 -225.499
-0.0045094456 -222.7
-0.0045092456 -223.9
-0.0045090456 -223.1
-0.0045088456 -221.901
-0.0045086456 -223.1
-0.0045084456 -222.7
-0.0045082456 -224.3
-0.0045080456 -223.5
-0.0045078456 -224.699
-0.0045076456 -225.499
-0.0045074456 -223.5
-0.0045072456 -223.9
-0.0045070456 -222.3
-0.0045068456 -222.3
-0.0045066456 -224.3
-0.0045064456 -225.499
-0.0045062456 -223.1
-0.0045060456 -221.101
-0.0045058456 -223.9
-0.0045056456 -226.698
-0.0045054456 -224.699
-0.0045052456 -223.9
-0.0045050456 -225.499
-0.0045048456 -221.901
-0.0045046456 -223.5
-0.0045044456 -223.5
-0.0045042456 -222.3
-0.0045040456 -223.5
-0.0045038456 -224.699
-0.0045036456 -221.501
-0.0045034456 -221.901
-0.0045032456 -225.099
-0.0045030456 -223.1
-0.0045028456 -222.3
-0.0045026456 -222.3
-0.0045024456 -225.099
-0.0045022456 -220.301
-0.0045020456 -224.3
-0.0045018456 -222.3
-0.0045016456 -223.9
-0.0045014456 -223.9
-0.0045012456 -221.501
-0.0045010456 -220.301
-0.0045008456 -221.501
-0.0045006456 -223.5
-0.0045004456 -224.3
-0.0045002456 -221.901
-0.0045000456 -222.7
-0.0044998456 -222.7
-0.0044996456 -223.1
-0.0044994456 -223.1
-0.0044992456 -222.7
-0.0044990456 -221.501
-0.0044988456 -223.5
-0.0044986456 -222.3
-0.0044984456 -223.5
-0.0044982456 -223.5
-0.0044980456 -222.3
-0.0044978456 -222.3
-0.0044976456 -218.302
-0.0044974456 -222.3
-0.0044972456 -223.5
-0.0044970456 -222.3
-0.0044968456 -221.501
-0.0044966456 -219.502
-0.0044964456 -222.3
-0.0044962456 -220.701
-0.0044960456 -220.301
-0.0044958456 -223.5
-0.0044956456 -220.701
-0.0044954456 -221.901
-0.0044952456 -221.101
-0.0044950456 -220.701
-0.0044948456 -222.3
-0.0044946456 -221.101
-0.0044944456 -222.7
-0.0044942456 -219.502
-0.0044940456 -221.901
-0.0044938456 -221.101
-0.0044936456 -219.901
-0.0044934456 -221.501
-0.0044932456 -222.7
-0.0044930456 -219.502
-0.0044928456 -219.102
-0.0044926456 -219.502
-0.0044924456 -221.101
-0.0044922456 -221.101
-0.0044920456 -223.1
-0.0044918456 -221.501
-0.0044916456 -219.502
-0.0044914456 -221.501
-0.0044912456 -223.1
-0.0044910456 -219.102
-0.0044908456 -218.702
-0.0044906456 -221.501
-0.0044904456 -220.701
-0.0044902456 -219.502
-0.0044900456 -218.302
-0.0044898456 -220.301
-0.0044896456 -219.502
-0.0044894456 -218.702
-0.0044892456 -219.502
-0.0044890456 -219.102
-0.0044888456 -218.702
-0.0044886456 -218.702
-0.0044884456 -218.302
-0.0044882456 -219.502
-0.0044880456 -221.101
-0.0044878456 -221.901
-0.0044876456 -221.501
-0.0044874456 -221.101
-0.0044872456 -217.503
-0.0044870456 -220.301
-0.0044868456 -218.302
-0.0044866456 -219.502
-0.0044864456 -218.702
-0.0044862456 -219.502
-0.0044860456 -217.503
-0.0044858456 -218.702
-0.0044856456 -219.901
-0.0044854456 -220.701
-0.0044852456 -220.301
-0.0044850456 -217.902
-0.0044848456 -219.102
-0.0044846456 -217.503
-0.0044844456 -217.902
-0.0044842456 -219.502
-0.0044840456 -219.102
-0.0044838456 -217.503
-0.0044836456 -219.102
-0.0044834456 -221.501
-0.0044832456 -218.302
-0.0044830456 -218.702
-0.0044828456 -218.302
-0.0044826456 -218.702
-0.0044824456 -215.503
-0.0044822456 -218.702
-0.0044820456 -218.302
-0.0044818456 -218.302
-0.0044816456 -219.102
-0.0044814456 -216.303
-0.0044812456 -217.902
-0.0044810456 -219.901
-0.0044808456 -216.703
-0.0044806456 -217.503
-0.0044804456 -215.903
-0.0044802456 -216.703
-0.0044800456 -218.302
-0.0044798456 -216.703
-0.0044796456 -218.702
-0.0044794456 -218.302
-0.0044792456 -217.103
-0.0044790456 -215.503
-0.0044788456 -217.503
-0.0044786456 -218.302
-0.0044784456 -215.903
-0.0044782456 -218.302
-0.0044780456 -216.703
-0.0044778456 -214.704
-0.0044776456 -215.104
-0.0044774456 -217.103
-0.0044772456 -216.703
-0.0044770456 -218.302
-0.0044768456 -215.503
-0.0044766456 -217.503
-0.0044764456 -219.901
-0.0044762456 -217.902
-0.0044760456 -217.902
-0.0044758456 -217.503
-0.0044756456 -217.902
-0.0044754456 -214.704
-0.0044752456 -216.703
-0.0044750456 -216.703
-0.0044748456 -216.303
-0.0044746456 -216.303
-0.0044744456 -218.302
-0.0044742456 -217.503
-0.0044740456 -218.302
-0.0044738456 -215.903
-0.0044736456 -217.103
-0.0044734456 -217.103
-0.0044732456 -220.301
-0.0044730456 -214.304
-0.0044728456 -217.503
-0.0044726456 -217.503
-0.0044724456 -217.503
-0.0044722456 -215.903
-0.0044720456 -217.902
-0.0044718456 -217.503
-0.0044716456 -217.902
-0.0044714456 -216.703
-0.0044712456 -216.703
-0.0044710456 -216.703
-0.0044708456 -217.503
-0.0044706456 -217.103
-0.0044704456 -216.703
-0.0044702456 -216.303
-0.0044700456 -217.503
-0.0044698456 -215.503
-0.0044696456 -215.503
-0.0044694456 -215.903
-0.0044692456 -216.703
-0.0044690456 -215.903
-0.0044688456 -215.903
-0.0044686456 -216.303
-0.0044684456 -213.105
-0.0044682456 -215.503
-0.0044680456 -215.903
-0.0044678456 -214.704
-0.0044676456 -215.903
-0.0044674456 -213.904
-0.0044672456 -216.303
-0.0044670456 -214.704
-0.0044668456 -215.503
-0.0044666456 -215.104
-0.0044664456 -214.704
-0.0044662456 -213.904
-0.0044660456 -216.303
-0.0044658456 -213.504
-0.0044656456 -215.903
-0.0044654456 -215.503
-0.0044652456 -214.304
-0.0044650456 -215.903
-0.0044648456 -215.503
-0.0044646456 -215.104
-0.0044644456 -213.904
-0.0044642456 -214.304
-0.0044640456 -213.504
-0.0044638456 -214.704
-0.0044636456 -213.504
-0.0044634456 -215.503
-0.0044632456 -212.305
-0.0044630456 -212.305
-0.0044628456 -213.904
-0.0044626456 -215.503
-0.0044624456 -211.905
-0.0044622456 -213.504
-0.0044620456 -212.305
-0.0044618456 -213.504
-0.0044616456 -216.303
-0.0044614456 -215.104
-0.0044612456 -215.503
-0.0044610456 -211.505
-0.0044608456 -214.304
-0.0044606456 -214.304
-0.0044604456 -211.105
-0.0044602456 -213.904
-0.0044600456 -213.904
-0.0044598456 -211.905
-0.0044596456 -213.105
-0.0044594456 -214.704
-0.0044592456 -215.503
-0.0044590456 -213.105
-0.0044588456 -213.904
-0.0044586456 -214.704
-0.0044584456 -215.104
-0.0044582456 -212.705
-0.0044580456 -214.704
-0.0044578456 -213.504
-0.0044576456 -212.305
-0.0044574456 -215.503
-0.0044572456 -213.105
-0.0044570456 -213.904
-0.0044568456 -214.304
-0.0044566456 -211.905
-0.0044564456 -211.905
-0.0044562456 -213.504
-0.0044560456 -213.904
-0.0044558456 -212.705
-0.0044556456 -213.105
-0.0044554456 -213.504
-0.0044552456 -209.906
-0.0044550456 -211.905
-0.0044548456 -211.105
-0.0044546456 -210.306
-0.0044544456 -214.304
-0.0044542456 -211.905
-0.0044540456 -213.904
-0.0044538456 -210.306
-0.0044536456 -214.704
-0.0044534456 -210.706
-0.0044532456 -208.706
-0.0044530456 -214.704
-0.0044528456 -211.105
-0.0044526456 -212.305
-0.0044524456 -211.505
-0.0044522456 -209.106
-0.0044520456 -211.505
-0.0044518456 -209.506
-0.0044516456 -209.906
-0.0044514456 -208.706
-0.0044512456 -209.106
-0.0044510456 -209.506
-0.0044508456 -211.105
-0.0044506456 -209.106
-0.0044504456 -209.906
-0.0044502456 -209.506
-0.0044500456 -210.306
-0.0044498456 -209.906
-0.0044496456 -211.105
-0.0044494456 -213.105
-0.0044492456 -209.506
-0.0044490456 -209.906
-0.0044488456 -212.305
-0.0044486456 -210.306
-0.0044484456 -209.106
-0.0044482456 -212.305
-0.0044480456 -210.306
-0.0044478456 -209.906
-0.0044476456 -210.306
-0.0044474456 -209.906
-0.0044472456 -211.505
-0.0044470456 -210.306
-0.0044468456 -209.106
-0.0044466456 -209.106
-0.0044464456 -208.706
-0.0044462456 -208.307
-0.0044460456 -209.106
-0.0044458456 -211.905
-0.0044456456 -209.906
-0.0044454456 -212.305
-0.0044452456 -207.907
-0.0044450456 -211.105
-0.0044448456 -209.506
-0.0044446456 -208.307
-0.0044444456 -210.306
-0.0044442456 -212.705
-0.0044440456 -210.306
-0.0044438456 -209.106
-0.0044436456 -209.506
-0.0044434456 -211.905
-0.0044432456 -208.706
-0.0044430456 -209.106
-0.0044428456 -209.106
-0.0044426456 -211.105
-0.0044424456 -211.905
-0.0044422456 -209.106
-0.0044420456 -209.906
-0.0044418456 -209.506
-0.0044416456 -209.906
-0.0044414456 -209.906
-0.0044412456 -209.506
-0.0044410456 -210.306
-0.0044408456 -211.505
-0.0044406456 -209.906
-0.0044404456 -210.306
-0.0044402456 -210.306
-0.0044400456 -209.506
-0.0044398456 -209.506
-0.0044396456 -209.106
-0.0044394456 -207.507
-0.0044392456 -207.907
-0.0044390456 -207.507
-0.0044388456 -207.907
-0.0044386456 -208.706
-0.0044384456 -204.308
-0.0044382456 -209.106
-0.0044380456 -209.506
-0.0044378456 -208.307
-0.0044376456 -208.307
-0.0044374456 -209.906
-0.0044372456 -205.508
-0.0044370456 -207.107
-0.0044368456 -209.506
-0.0044366456 -206.308
-0.0044364456 -209.106
-0.0044362456 -207.107
-0.0044360456 -207.507
-0.0044358456 -209.106
-0.0044356456 -209.106
-0.0044354456 -205.908
-0.0044352456 -206.707
-0.0044350456 -208.706
-0.0044348456 -205.508
-0.0044346456 -205.908
-0.0044344456 -207.107
-0.0044342456 -207.507
-0.0044340456 -210.706
-0.0044338456 -209.906
-0.0044336456 -209.506
-0.0044334456 -207.507
-0.0044332456 -205.908
-0.0044330456 -207.107
-0.0044328456 -208.307
-0.0044326456 -205.908
-0.0044324456 -209.906
-0.0044322456 -204.708
-0.0044320456 -205.508
-0.0044318456 -206.308
-0.0044316456 -205.908
-0.0044314456 -208.307
-0.0044312456 -206.308
-0.0044310456 -204.308
-0.0044308456 -205.908
-0.0044306456 -207.507
-0.0044304456 -205.908
-0.0044302456 -205.108
-0.0044300456 -207.107
-0.0044298456 -206.308
-0.0044296456 -204.308
-0.0044294456 -207.907
-0.0044292456 -204.708
-0.0044290456 -204.308
-0.0044288456 -206.707
-0.0044286456 -206.308
-0.0044284456 -205.908
-0.0044282456 -204.708
-0.0044280456 -205.108
-0.0044278456 -204.308
-0.0044276456 -203.909
-0.0044274456 -204.708
-0.0044272456 -206.308
-0.0044270456 -202.309
-0.0044268456 -203.509
-0.0044266456 -205.108
-0.0044264456 -205.108
-0.0044262456 -205.508
-0.0044260456 -204.308
-0.0044258456 -202.709
-0.0044256456 -206.707
-0.0044254456 -204.308
-0.0044252456 -205.508
-0.0044250456 -203.909
-0.0044248456 -205.108
-0.0044246456 -203.909
-0.0044244456 -205.508
-0.0044242456 -202.309
-0.0044240456 -204.708
-0.0044238456 -202.709
-0.0044236456 -203.509
-0.0044234456 -204.308
-0.0044232456 -204.308
-0.0044230456 -203.109
-0.0044228456 -203.909
-0.0044226456 -204.708
-0.0044224456 -203.109
-0.0044222456 -203.909
-0.0044220456 -203.509
-0.0044218456 -203.909
-0.0044216456 -203.509
-0.0044214456 -201.51
-0.0044212456 -205.908
-0.0044210456 -204.308
-0.0044208456 -203.109
-0.0044206456 -203.509
-0.0044204456 -206.707
-0.0044202456 -201.51
-0.0044200456 -203.909
-0.0044198456 -201.11
-0.0044196456 -203.109
-0.0044194456 -203.909
-0.0044192456 -201.11
-0.0044190456 -202.709
-0.0044188456 -202.709
-0.0044186456 -201.51
-0.0044184456 -203.909
-0.0044182456 -203.109
-0.0044180456 -201.91
-0.0044178456 -203.509
-0.0044176456 -201.51
-0.0044174456 -201.11
-0.0044172456 -201.11
-0.0044170456 -200.71
-0.0044168456 -205.108
-0.0044166456 -203.509
-0.0044164456 -203.509
-0.0044162456 -204.708
-0.0044160456 -204.308
-0.0044158456 -203.109
-0.0044156456 -203.509
-0.0044154456 -202.309
-0.0044152456 -203.909
-0.0044150456 -203.109
-0.0044148456 -202.309
-0.0044146456 -202.709
-0.0044144456 -201.51
-0.0044142456 -201.51
-0.0044140456 -203.109
-0.0044138456 -201.91
-0.0044136456 -203.509
-0.0044134456 -201.91
-0.0044132456 -203.109
-0.0044130456 -202.709
-0.0044128456 -201.91
-0.0044126456 -204.308
-0.0044124456 -203.509
-0.0044122456 -203.509
-0.0044120456 -200.71
-0.0044118456 -201.91
-0.0044116456 -202.709
-0.0044114456 -200.71
-0.0044112456 -201.91
-0.0044110456 -205.508
-0.0044108456 -202.309
-0.0044106456 -199.511
-0.0044104456 -200.71
-0.0044102456 -201.91
-0.0044100456 -203.109
-0.0044098456 -202.309
-0.0044096456 -202.309
-0.0044094456 -201.91
-0.0044092456 -201.51
-0.0044090456 -203.909
-0.0044088456 -199.511
-0.0044086456 -201.91
-0.0044084456 -199.511
-0.0044082456 -200.31
-0.0044080456 -203.509
-0.0044078456 -200.31
-0.0044076456 -202.309
-0.0044074456 -197.911
-0.0044072456 -200.71
-0.0044070456 -197.911
-0.0044068456 -201.11
-0.0044066456 -203.509
-0.0044064456 -201.51
-0.0044062456 -202.309
-0.0044060456 -200.71
-0.0044058456 -201.51
-0.0044056456 -199.91
-0.0044054456 -200.71
-0.0044052456 -200.71
-0.0044050456 -199.91
-0.0044048456 -203.109
-0.0044046456 -199.111
-0.0044044456 -199.91
-0.0044042456 -200.31
-0.0044040456 -198.711
-0.0044038456 -198.311
-0.0044036456 -202.709
-0.0044034456 -199.91
-0.0044032456 -199.91
-0.0044030456 -202.709
-0.0044028456 -198.711
-0.0044026456 -200.71
-0.0044024456 -198.711
-0.0044022456 -198.311
-0.0044020456 -201.11
-0.0044018456 -198.711
-0.0044016456 -198.311
-0.0044014456 -200.71
-0.0044012456 -201.11
-0.0044010456 -198.711
-0.0044008456 -200.71
-0.0044006456 -198.711
-0.0044004456 -199.511
-0.0044002456 -201.11
-0.0044000456 -200.71
-0.0043998456 -200.71
-0.0043996456 -200.31
-0.0043994456 -197.911
-0.0043992456 -198.711
-0.0043990456 -202.309
-0.0043988456 -197.911
-0.0043986456 -197.112
-0.0043984456 -199.111
-0.0043982456 -198.711
-0.0043980456 -197.911
-0.0043978456 -199.511
-0.0043976456 -199.511
-0.0043974456 -197.911
-0.0043972456 -200.31
-0.0043970456 -200.31
-0.0043968456 -201.11
-0.0043966456 -199.511
-0.0043964456 -200.31
-0.0043962456 -196.712
-0.0043960456 -199.111
-0.0043958456 -199.91
-0.0043956456 -199.111
-0.0043954456 -199.111
-0.0043952456 -199.111
-0.0043950456 -197.911
-0.0043948456 -198.711
-0.0043946456 -198.311
-0.0043944456 -197.911
-0.0043942456 -201.91
-0.0043940456 -197.112
-0.0043938456 -197.911
-0.0043936456 -197.512
-0.0043934456 -197.512
-0.0043932456 -197.512
-0.0043930456 -197.512
-0.0043928456 -197.512
-0.0043926456 -198.311
-0.0043924456 -196.312
-0.0043922456 -195.512
-0.0043920456 -197.911
-0.0043918456 -196.312
-0.0043916456 -197.112
-0.0043914456 -197.512
-0.0043912456 -197.512
-0.0043910456 -194.713
-0.0043908456 -197.512
-0.0043906456 -195.512
-0.0043904456 -198.311
-0.0043902456 -195.912
-0.0043900456 -195.113
-0.0043898456 -198.311
-0.0043896456 -197.512
-0.0043894456 -198.311
-0.0043892456 -196.712
-0.0043890456 -195.512
-0.0043888456 -194.713
-0.0043886456 -194.313
-0.0043884456 -194.313
-0.0043882456 -196.712
-0.0043880456 -197.512
-0.0043878456 -198.711
-0.0043876456 -195.512
-0.0043874456 -196.712
-0.0043872456 -195.512
-0.0043870456 -196.312
-0.0043868456 -194.313
-0.0043866456 -195.512
-0.0043864456 -195.113
-0.0043862456 -197.112
-0.0043860456 -195.912
-0.0043858456 -195.912
-0.0043856456 -195.113
-0.0043854456 -194.713
-0.0043852456 -193.913
-0.0043850456 -195.113
-0.0043848456 -195.113
-0.0043846456 -195.113
-0.0043844456 -195.912
-0.0043842456 -196.312
-0.0043840456 -195.512
-0.0043838456 -197.512
-0.0043836456 -194.713
-0.0043834456 -194.313
-0.0043832456 -195.912
-0.0043830456 -195.912
-0.0043828456 -197.112
-0.0043826456 -197.512
-0.0043824456 -193.913
-0.0043822456 -197.911
-0.0043820456 -195.912
-0.0043818456 -195.512
-0.0043816456 -195.912
-0.0043814456 -193.513
-0.0043812456 -195.113
-0.0043810456 -193.913
-0.0043808456 -191.114
-0.0043806456 -193.513
-0.0043804456 -191.114
-0.0043802456 -193.913
-0.0043800456 -194.313
-0.0043798456 -191.914
-0.0043796456 -197.112
-0.0043794456 -194.713
-0.0043792456 -200.31
-0.0043790456 -194.313
-0.0043788456 -193.913
-0.0043786456 -192.314
-0.0043784456 -193.513
-0.0043782456 -193.113
-0.0043780456 -193.513
-0.0043778456 -195.912
-0.0043776456 -195.512
-0.0043774456 -196.312
-0.0043772456 -190.715
-0.0043770456 -194.713
-0.0043768456 -194.713
-0.0043766456 -192.714
-0.0043764456 -194.713
-0.0043762456 -195.512
-0.0043760456 -191.514
-0.0043758456 -194.313
-0.0043756456 -192.714
-0.0043754456 -191.514
-0.0043752456 -195.113
-0.0043750456 -193.913
-0.0043748456 -195.512
-0.0043746456 -192.314
-0.0043744456 -189.915
-0.0043742456 -194.313
-0.0043740456 -196.312
-0.0043738456 -193.513
-0.0043736456 -195.512
-0.0043734456 -194.313
-0.0043732456 -194.713
-0.0043730456 -194.313
-0.0043728456 -191.514
-0.0043726456 -194.713
-0.0043724456 -193.913
-0.0043722456 -194.313
-0.0043720456 -193.913
-0.0043718456 -193.513
-0.0043716456 -193.913
-0.0043714456 -193.113
-0.0043712456 -192.314
-0.0043710456 -190.315
-0.0043708456 -192.714
-0.0043706456 -193.913
-0.0043704456 -194.313
-0.0043702456 -193.513
-0.0043700456 -191.514
-0.0043698456 -193.113
-0.0043696456 -192.714
-0.0043694456 -191.114
-0.0043692456 -192.714
-0.0043690456 -193.913
-0.0043688456 -192.714
-0.0043686456 -190.315
-0.0043684456 -192.314
-0.0043682456 -190.315
-0.0043680456 -193.513
-0.0043678456 -194.313
-0.0043676456 -188.715
-0.0043674456 -189.915
-0.0043672456 -189.515
-0.0043670456 -191.114
-0.0043668456 -190.715
-0.0043666456 -192.314
-0.0043664456 -193.113
-0.0043662456 -192.314
-0.0043660456 -188.715
-0.0043658456 -193.113
-0.0043656456 -194.313
-0.0043654456 -189.915
-0.0043652456 -191.114
-0.0043650456 -192.314
-0.0043648456 -189.915
-0.0043646456 -189.915
-0.0043644456 -191.114
-0.0043642456 -193.913
-0.0043640456 -194.713
-0.0043638456 -189.915
-0.0043636456 -191.114
-0.0043634456 -190.315
-0.0043632456 -193.113
-0.0043630456 -190.715
-0.0043628456 -192.714
-0.0043626456 -189.915
-0.0043624456 -189.915
-0.0043622456 -189.515
-0.0043620456 -191.114
-0.0043618456 -190.315
-0.0043616456 -189.915
-0.0043614456 -189.515
-0.0043612456 -193.113
-0.0043610456 -191.514
-0.0043608456 -191.914
-0.0043606456 -191.514
-0.0043604456 -190.315
-0.0043602456 -189.515
-0.0043600456 -190.715
-0.0043598456 -193.113
-0.0043596456 -189.515
-0.0043594456 -189.915
-0.0043592456 -190.315
-0.0043590456 -188.715
-0.0043588456 -190.715
-0.0043586456 -194.313
-0.0043584456 -193.113
-0.0043582456 -189.515
-0.0043580456 -191.914
-0.0043578456 -191.514
-0.0043576456 -190.315
-0.0043574456 -193.513
-0.0043572456 -190.715
-0.0043570456 -189.515
-0.0043568456 -190.715
-0.0043566456 -189.515
-0.0043564456 -190.715
-0.0043562456 -192.314
-0.0043560456 -190.715
-0.0043558456 -189.515
-0.0043556456 -191.514
-0.0043554456 -190.315
-0.0043552456 -190.715
-0.0043550456 -189.115
-0.0043548456 -189.915
-0.0043546456 -189.515
-0.0043544456 -191.914
-0.0043542456 -189.915
-0.0043540456 -190.315
-0.0043538456 -189.915
-0.0043536456 -191.114
-0.0043534456 -189.515
-0.0043532456 -189.915
-0.0043530456 -192.714
-0.0043528456 -190.315
-0.0043526456 -191.514
-0.0043524456 -189.915
-0.0043522456 -190.715
-0.0043520456 -191.114
-0.0043518456 -189.115
-0.0043516456 -191.114
-0.0043514456 -191.514
-0.0043512456 -188.715
-0.0043510456 -188.715
-0.0043508456 -189.115
-0.0043506456 -189.915
-0.0043504456 -191.114
-0.0043502456 -189.915
-0.0043500456 -189.515
-0.0043498456 -189.515
-0.0043496456 -189.915
-0.0043494456 -189.515
-0.0043492456 -189.915
-0.0043490456 -190.315
-0.0043488456 -190.715
-0.0043486456 -190.315
-0.0043484456 -188.715
-0.0043482456 -192.314
-0.0043480456 -187.916
-0.0043478456 -189.915
-0.0043476456 -189.115
-0.0043474456 -189.515
-0.0043472456 -187.116
-0.0043470456 -189.115
-0.0043468456 -188.316
-0.0043466456 -187.916
-0.0043464456 -188.316
-0.0043462456 -188.715
-0.0043460456 -189.115
-0.0043458456 -189.115
-0.0043456456 -188.316
-0.0043454456 -189.115
-0.0043452456 -186.716
-0.0043450456 -186.716
-0.0043448456 -189.515
-0.0043446456 -185.917
-0.0043444456 -189.115
-0.0043442456 -188.316
-0.0043440456 -187.916
-0.0043438456 -189.515
-0.0043436456 -188.715
-0.0043434456 -188.715
-0.0043432456 -186.317
-0.0043430456 -187.516
-0.0043428456 -187.516
-0.0043426456 -189.115
-0.0043424456 -185.117
-0.0043422456 -188.715
-0.0043420456 -187.116
-0.0043418456 -187.916
-0.0043416456 -186.317
-0.0043414456 -189.515
-0.0043412456 -187.116
-0.0043410456 -185.517
-0.0043408456 -185.917
-0.0043406456 -188.715
-0.0043404456 -187.516
-0.0043402456 -186.716
-0.0043400456 -185.517
-0.0043398456 -183.918
-0.0043396456 -187.916
-0.0043394456 -185.917
-0.0043392456 -184.717
-0.0043390456 -187.516
-0.0043388456 -187.916
-0.0043386456 -189.115
-0.0043384456 -184.717
-0.0043382456 -186.317
-0.0043380456 -185.517
-0.0043378456 -187.516
-0.0043376456 -187.516
-0.0043374456 -186.317
-0.0043372456 -188.316
-0.0043370456 -186.317
-0.0043368456 -187.116
-0.0043366456 -185.117
-0.0043364456 -184.317
-0.0043362456 -183.518
-0.0043360456 -185.117
-0.0043358456 -187.516
-0.0043356456 -187.916
-0.0043354456 -184.717
-0.0043352456 -185.917
-0.0043350456 -187.116
-0.0043348456 -187.516
-0.0043346456 -185.517
-0.0043344456 -187.116
-0.0043342456 -184.317
-0.0043340456 -183.518
-0.0043338456 -185.517
-0.0043336456 -183.118
-0.0043334456 -186.317
-0.0043332456 -185.117
-0.0043330456 -185.517
-0.0043328456 -187.116
-0.0043326456 -185.117
-0.0043324456 -187.116
-0.0043322456 -185.117
-0.0043320456 -188.316
-0.0043318456 -188.316
-0.0043316456 -184.317
-0.0043314456 -185.117
-0.0043312456 -185.517
-0.0043310456 -186.317
-0.0043308456 -185.517
-0.0043306456 -187.116
-0.0043304456 -186.716
-0.0043302456 -184.717
-0.0043300456 -185.517
-0.0043298456 -185.517
-0.0043296456 -186.317
-0.0043294456 -183.918
-0.0043292456 -185.917
-0.0043290456 -184.317
-0.0043288456 -185.117
-0.0043286456 -184.317
-0.0043284456 -183.518
-0.0043282456 -183.118
-0.0043280456 -183.518
-0.0043278456 -183.118
-0.0043276456 -184.717
-0.0043274456 -183.518
-0.0043272456 -185.517
-0.0043270456 -185.117
-0.0043268456 -183.518
-0.0043266456 -182.718
-0.0043264456 -182.718
-0.0043262456 -181.919
-0.0043260456 -185.117
-0.0043258456 -186.317
-0.0043256456 -183.118
-0.0043254456 -185.517
-0.0043252456 -181.519
-0.0043250456 -185.117
-0.0043248456 -184.317
-0.0043246456 -184.317
-0.0043244456 -183.918
-0.0043242456 -184.317
-0.0043240456 -183.518
-0.0043238456 -185.117
-0.0043236456 -183.518
-0.0043234456 -183.918
-0.0043232456 -184.317
-0.0043230456 -183.118
-0.0043228456 -183.118
-0.0043226456 -182.718
-0.0043224456 -184.717
-0.0043222456 -184.317
-0.0043220456 -185.517
-0.0043218456 -181.919
-0.0043216456 -184.717
-0.0043214456 -183.918
-0.0043212456 -181.919
-0.0043210456 -183.118
-0.0043208456 -183.118
-0.0043206456 -183.118
-0.0043204456 -182.718
-0.0043202456 -183.118
-0.0043200456 -184.317
-0.0043198456 -183.918
-0.0043196456 -184.317
-0.0043194456 -183.118
-0.0043192456 -184.317
-0.0043190456 -184.717
-0.0043188456 -184.317
-0.0043186456 -181.119
-0.0043184456 -182.718
-0.0043182456 -182.718
-0.0043180456 -185.117
-0.0043178456 -183.118
-0.0043176456 -182.718
-0.0043174456 -183.518
-0.0043172456 -184.717
-0.0043170456 -183.918
-0.0043168456 -182.718
-0.0043166456 -184.317
-0.0043164456 -182.718
-0.0043162456 -182.318
-0.0043160456 -183.518
-0.0043158456 -181.919
-0.0043156456 -185.517
-0.0043154456 -180.319
-0.0043152456 -183.118
-0.0043150456 -183.118
-0.0043148456 -181.119
-0.0043146456 -181.519
-0.0043144456 -183.118
-0.0043142456 -182.718
-0.0043140456 -181.119
-0.0043138456 -183.518
-0.0043136456 -181.119
-0.0043134456 -183.518
-0.0043132456 -177.92
-0.0043130456 -182.318
-0.0043128456 -176.321
-0.0043126456 -183.518
-0.0043124456 -179.52
-0.0043122456 -182.718
-0.0043120456 -181.919
-0.0043118456 -179.52
-0.0043116456 -183.918
-0.0043114456 -180.719
-0.0043112456 -178.72
-0.0043110456 -179.919
-0.0043108456 -179.919
-0.0043106456 -182.318
-0.0043104456 -182.718
-0.0043102456 -179.919
-0.0043100456 -179.52
-0.0043098456 -181.119
-0.0043096456 -178.72
-0.0043094456 -181.519
-0.0043092456 -183.118
-0.0043090456 -181.119
-0.0043088456 -181.119
-0.0043086456 -179.52
-0.0043084456 -179.919
-0.0043082456 -180.719
-0.0043080456 -179.12
-0.0043078456 -179.12
-0.0043076456 -181.519
-0.0043074456 -179.12
-0.0043072456 -178.72
-0.0043070456 -181.119
-0.0043068456 -180.319
-0.0043066456 -178.72
-0.0043064456 -177.52
-0.0043062456 -182.318
-0.0043060456 -176.721
-0.0043058456 -177.92
-0.0043056456 -176.321
-0.0043054456 -179.12
-0.0043052456 -178.32
-0.0043050456 -177.92
-0.0043048456 -177.92
-0.0043046456 -178.72
-0.0043044456 -179.919
-0.0043042456 -178.32
-0.0043040456 -177.92
-0.0043038456 -178.72
-0.0043036456 -176.321
-0.0043034456 -178.72
-0.0043032456 -178.32
-0.0043030456 -181.119
-0.0043028456 -176.721
-0.0043026456 -177.52
-0.0043024456 -175.921
-0.0043022456 -181.119
-0.0043020456 -174.722
-0.0043018456 -178.32
-0.0043016456 -177.92
-0.0043014456 -179.52
-0.0043012456 -179.12
-0.0043010456 -180.719
-0.0043008456 -176.321
-0.0043006456 -175.921
-0.0043004456 -178.32
-0.0043002456 -178.32
-0.0043000456 -177.52
-0.0042998456 -177.92
-0.0042996456 -178.32
-0.0042994456 -173.522
-0.0042992456 -178.32
-0.0042990456 -177.52
-0.0042988456 -177.92
-0.0042986456 -176.321
-0.0042984456 -176.721
-0.0042982456 -180.319
-0.0042980456 -175.122
-0.0042978456 -177.92
-0.0042976456 -176.321
-0.0042974456 -174.322
-0.0042972456 -175.521
-0.0042970456 -174.722
-0.0042968456 -176.321
-0.0042966456 -175.921
-0.0042964456 -175.122
-0.0042962456 -174.722
-0.0042960456 -179.52
-0.0042958456 -178.32
-0.0042956456 -175.521
-0.0042954456 -177.52
-0.0042952456 -175.521
-0.0042950456 -177.121
-0.0042948456 -174.722
-0.0042946456 -179.12
-0.0042944456 -174.722
-0.0042942456 -175.521
-0.0042940456 -176.721
-0.0042938456 -175.521
-0.0042936456 -176.321
-0.0042934456 -174.322
-0.0042932456 -177.52
-0.0042930456 -176.321
-0.0042928456 -175.122
-0.0042926456 -175.921
-0.0042924456 -177.52
-0.0042922456 -177.92
-0.0042920456 -175.921
-0.0042918456 -175.921
-0.0042916456 -173.122
-0.0042914456 -174.722
-0.0042912456 -177.92
-0.0042910456 -177.121
-0.0042908456 -177.121
-0.0042906456 -177.121
-0.0042904456 -176.721
-0.0042902456 -177.92
-0.0042900456 -173.522
-0.0042898456 -177.52
-0.0042896456 -175.122
-0.0042894456 -175.521
-0.0042892456 -173.922
-0.0042890456 -173.922
-0.0042888456 -175.921
-0.0042886456 -175.521
-0.0042884456 -173.122
-0.0042882456 -173.522
-0.0042880456 -173.122
-0.0042878456 -172.723
-0.0042876456 -175.921
-0.0042874456 -175.521
-0.0042872456 -175.122
-0.0042870456 -175.122
-0.0042868456 -173.122
-0.0042866456 -174.322
-0.0042864456 -173.922
-0.0042862456 -172.723
-0.0042860456 -175.122
-0.0042858456 -174.722
-0.0042856456 -175.122
-0.0042854456 -175.122
-0.0042852456 -173.922
-0.0042850456 -172.323
-0.0042848456 -173.922
-0.0042846456 -173.922
-0.0042844456 -173.522
-0.0042842456 -173.922
-0.0042840456 -171.923
-0.0042838456 -174.722
-0.0042836456 -175.921
-0.0042834456 -173.922
-0.0042832456 -173.922
-0.0042830456 -173.522
-0.0042828456 -173.922
-0.0042826456 -171.923
-0.0042824456 -175.122
-0.0042822456 -173.522
-0.0042820456 -173.522
-0.0042818456 -173.122
-0.0042816456 -173.122
-0.0042814456 -171.923
-0.0042812456 -173.922
-0.0042810456 -171.923
-0.0042808456 -173.522
-0.0042806456 -172.323
-0.0042804456 -171.523
-0.0042802456 -170.724
-0.0042800456 -172.323
-0.0042798456 -170.324
-0.0042796456 -170.724
-0.0042794456 -171.523
-0.0042792456 -171.523
-0.0042790456 -173.522
-0.0042788456 -173.122
-0.0042786456 -173.922
-0.0042784456 -174.322
-0.0042782456 -172.323
-0.0042780456 -172.723
-0.0042778456 -171.123
-0.0042776456 -173.922
-0.0042774456 -173.922
-0.0042772456 -171.923
-0.0042770456 -171.523
-0.0042768456 -170.724
-0.0042766456 -171.123
-0.0042764456 -170.324
-0.0042762456 -173.522
-0.0042760456 -170.324
-0.0042758456 -172.723
-0.0042756456 -173.522
-0.0042754456 -171.523
-0.0042752456 -170.324
-0.0042750456 -171.523
-0.0042748456 -174.722
-0.0042746456 -172.323
-0.0042744456 -173.122
-0.0042742456 -172.323
-0.0042740456 -169.924
-0.0042738456 -171.123
-0.0042736456 -172.323
-0.0042734456 -171.523
-0.0042732456 -171.923
-0.0042730456 -171.923
-0.0042728456 -169.524
-0.0042726456 -171.123
-0.0042724456 -170.724
-0.0042722456 -171.923
-0.0042720456 -170.724
-0.0042718456 -169.524
-0.0042716456 -171.523
-0.0042714456 -170.324
-0.0042712456 -169.524
-0.0042710456 -168.325
-0.0042708456 -170.324
-0.0042706456 -172.323
-0.0042704456 -171.123
-0.0042702456 -167.925
-0.0042700456 -170.324
-0.0042698456 -169.924
-0.0042696456 -169.924
-0.0042694456 -169.124
-0.0042692456 -169.924
-0.0042690456 -170.724
-0.0042688456 -173.122
-0.0042686456 -169.524
-0.0042684456 -170.324
-0.0042682456 -168.325
-0.0042680456 -169.124
-0.0042678456 -167.525
-0.0042676456 -170.324
-0.0042674456 -169.924
-0.0042672456 -169.524
-0.0042670456 -167.125
-0.0042668456 -167.925
-0.0042666456 -168.325
-0.0042664456 -167.925
-0.0042662456 -168.724
-0.0042660456 -169.924
-0.0042658456 -167.925
-0.0042656456 -167.125
-0.0042654456 -167.125
-0.0042652456 -166.725
-0.0042650456 -167.925
-0.0042648456 -169.524
-0.0042646456 -169.124
-0.0042644456 -167.925
-0.0042642456 -167.525
-0.0042640456 -167.925
-0.0042638456 -165.526
-0.0042636456 -168.325
-0.0042634456 -167.525
-0.0042632456 -168.325
-0.0042630456 -166.725
-0.0042628456 -163.527
-0.0042626456 -170.324
-0.0042624456 -166.725
-0.0042622456 -167.925
-0.0042620456 -167.125
-0.0042618456 -165.926
-0.0042616456 -166.725
-0.0042614456 -167.925
-0.0042612456 -166.325
-0.0042610456 -168.325
-0.0042608456 -168.325
-0.0042606456 -165.926
-0.0042604456 -163.927
-0.0042602456 -164.326
-0.0042600456 -167.925
-0.0042598456 -167.525
-0.0042596456 -166.325
-0.0042594456 -167.125
-0.0042592456 -168.724
-0.0042590456 -165.526
-0.0042588456 -165.126
-0.0042586456 -165.926
-0.0042584456 -163.927
-0.0042582456 -167.125
-0.0042580456 -166.725
-0.0042578456 -167.125
-0.0042576456 -165.926
-0.0042574456 -166.325
-0.0042572456 -170.324
-0.0042570456 -165.926
-0.0042568456 -167.125
-0.0042566456 -166.725
-0.0042564456 -165.126
-0.0042562456 -165.926
-0.0042560456 -165.126
-0.0042558456 -167.525
-0.0042556456 -165.926
-0.0042554456 -167.925
-0.0042552456 -167.925
-0.0042550456 -165.526
-0.0042548456 -163.927
-0.0042546456 -165.126
-0.0042544456 -168.325
-0.0042542456 -164.326
-0.0042540456 -166.725
-0.0042538456 -166.725
-0.0042536456 -167.925
-0.0042534456 -164.326
-0.0042532456 -165.526
-0.0042530456 -163.927
-0.0042528456 -164.326
-0.0042526456 -165.926
-0.0042524456 -165.526
-0.0042522456 -165.126
-0.0042520456 -167.125
-0.0042518456 -165.526
-0.0042516456 -165.926
-0.0042514456 -165.926
-0.0042512456 -164.326
-0.0042510456 -166.325
-0.0042508456 -163.527
-0.0042506456 -166.325
-0.0042504456 -168.724
-0.0042502456 -167.125
-0.0042500456 -164.726
-0.0042498456 -165.126
-0.0042496456 -162.327
-0.0042494456 -167.525
-0.0042492456 -163.927
-0.0042490456 -165.126
-0.0042488456 -165.526
-0.0042486456 -163.927
-0.0042484456 -162.727
-0.0042482456 -165.926
-0.0042480456 -164.726
-0.0042478456 -163.927
-0.0042476456 -161.927
-0.0042474456 -164.726
-0.0042472456 -165.926
-0.0042470456 -165.926
-0.0042468456 -166.325
-0.0042466456 -161.528
-0.0042464456 -165.126
-0.0042462456 -167.125
-0.0042460456 -164.726
-0.0042458456 -165.126
-0.0042456456 -163.527
-0.0042454456 -165.126
-0.0042452456 -168.325
-0.0042450456 -164.726
-0.0042448456 -164.726
-0.0042446456 -165.126
-0.0042444456 -165.526
-0.0042442456 -165.126
-0.0042440456 -163.527
-0.0042438456 -162.727
-0.0042436456 -165.526
-0.0042434456 -163.527
-0.0042432456 -164.726
-0.0042430456 -163.127
-0.0042428456 -164.726
-0.0042426456 -165.926
-0.0042424456 -164.726
-0.0042422456 -162.727
-0.0042420456 -163.927
-0.0042418456 -166.725
-0.0042416456 -164.726
-0.0042414456 -161.528
-0.0042412456 -163.927
-0.0042410456 -163.527
-0.0042408456 -161.927
-0.0042406456 -163.927
-0.0042404456 -165.526
-0.0042402456 -164.326
-0.0042400456 -165.126
-0.0042398456 -163.927
-0.0042396456 -165.526
-0.0042394456 -161.927
-0.0042392456 -160.728
-0.0042390456 -163.127
-0.0042388456 -164.726
-0.0042386456 -159.129
-0.0042384456 -166.725
-0.0042382456 -165.926
-0.0042380456 -162.727
-0.0042378456 -163.527
-0.0042376456 -162.327
-0.0042374456 -163.527
-0.0042372456 -162.327
-0.0042370456 -164.326
-0.0042368456 -160.328
-0.0042366456 -161.128
-0.0042364456 -160.728
-0.0042362456 -163.527
-0.0042360456 -165.126
-0.0042358456 -161.528
-0.0042356456 -164.726
-0.0042354456 -161.927
-0.0042352456 -164.326
-0.0042350456 -169.124
-0.0042348456 -161.128
-0.0042346456 -162.727
-0.0042344456 -164.326
-0.0042342456 -161.927
-0.0042340456 -164.326
-0.0042338456 -161.927
-0.0042336456 -161.927
-0.0042334456 -162.727
-0.0042332456 -162.727
-0.0042330456 -161.528
-0.0042328456 -161.528
-0.0042326456 -163.927
-0.0042324456 -161.128
-0.0042322456 -165.526
-0.0042320456 -161.927
-0.0042318456 -161.927
-0.0042316456 -163.927
-0.0042314456 -163.527
-0.0042312456 -160.728
-0.0042310456 -164.326
-0.0042308456 -161.927
-0.0042306456 -163.527
-0.0042304456 -162.327
-0.0042302456 -163.127
-0.0042300456 -163.927
-0.0042298456 -164.726
-0.0042296456 -160.728
-0.0042294456 -163.127
-0.0042292456 -162.327
-0.0042290456 -161.927
-0.0042288456 -162.327
-0.0042286456 -163.927
-0.0042284456 -164.326
-0.0042282456 -162.327
-0.0042280456 -159.529
-0.0042278456 -162.327
-0.0042276456 -160.728
-0.0042274456 -162.327
-0.0042272456 -159.129
-0.0042270456 -161.128
-0.0042268456 -160.728
-0.0042266456 -163.927
-0.0042264456 -164.726
-0.0042262456 -163.127
-0.0042260456 -160.728
-0.0042258456 -160.728
-0.0042256456 -160.328
-0.0042254456 -160.328
-0.0042252456 -163.127
-0.0042250456 -159.129
-0.0042248456 -160.328
-0.0042246456 -163.527
-0.0042244456 -161.927
-0.0042242456 -161.927
-0.0042240456 -163.527
-0.0042238456 -160.728
-0.0042236456 -161.927
-0.0042234456 -163.527
-0.0042232456 -161.128
-0.0042230456 -161.528
-0.0042228456 -159.928
-0.0042226456 -163.127
-0.0042224456 -159.928
-0.0042222456 -161.528
-0.0042220456 -161.128
-0.0042218456 -162.327
-0.0042216456 -159.928
-0.0042214456 -160.328
-0.0042212456 -159.529
-0.0042210456 -159.928
-0.0042208456 -162.327
-0.0042206456 -159.529
-0.0042204456 -161.927
-0.0042202456 -158.729
-0.0042200456 -160.728
-0.0042198456 -159.928
-0.0042196456 -159.928
-0.0042194456 -157.13
-0.0042192456 -161.128
-0.0042190456 -160.328
-0.0042188456 -159.928
-0.0042186456 -159.129
-0.0042184456 -159.928
-0.0042182456 -159.129
-0.0042180456 -159.529
-0.0042178456 -160.328
-0.0042176456 -158.729
-0.0042174456 -156.73
-0.0042172456 -159.129
-0.0042170456 -156.73
-0.0042168456 -157.929
-0.0042166456 -157.529
-0.0042164456 -159.928
-0.0042162456 -157.929
-0.0042160456 -157.13
-0.0042158456 -159.129
-0.0042156456 -161.128
-0.0042154456 -157.529
-0.0042152456 -157.929
-0.0042150456 -159.928
-0.0042148456 -158.729
-0.0042146456 -160.728
-0.0042144456 -159.129
-0.0042142456 -158.729
-0.0042140456 -157.929
-0.0042138456 -156.73
-0.0042136456 -159.529
-0.0042134456 -158.329
-0.0042132456 -159.129
-0.0042130456 -157.13
-0.0042128456 -159.129
-0.0042126456 -157.13
-0.0042124456 -158.729
-0.0042122456 -157.929
-0.0042120456 -159.529
-0.0042118456 -160.328
-0.0042116456 -157.13
-0.0042114456 -157.13
-0.0042112456 -157.529
-0.0042110456 -155.93
-0.0042108456 -157.13
-0.0042106456 -157.529
-0.0042104456 -159.129
-0.0042102456 -158.729
-0.0042100456 -158.329
-0.0042098456 -157.529
-0.0042096456 -158.729
-0.0042094456 -156.73
-0.0042092456 -157.929
-0.0042090456 -155.93
-0.0042088456 -155.93
-0.0042086456 -157.929
-0.0042084456 -155.93
-0.0042082456 -156.73
-0.0042080456 -157.529
-0.0042078456 -157.529
-0.0042076456 -155.131
-0.0042074456 -156.33
-0.0042072456 -157.929
-0.0042070456 -156.33
-0.0042068456 -155.53
-0.0042066456 -158.329
-0.0042064456 -157.929
-0.0042062456 -156.33
-0.0042060456 -155.131
-0.0042058456 -155.53
-0.0042056456 -155.131
-0.0042054456 -155.93
-0.0042052456 -155.131
-0.0042050456 -155.53
-0.0042048456 -155.53
-0.0042046456 -156.73
-0.0042044456 -155.53
-0.0042042456 -155.53
-0.0042040456 -156.33
-0.0042038456 -157.929
-0.0042036456 -155.131
-0.0042034456 -155.93
-0.0042032456 -155.93
-0.0042030456 -155.131
-0.0042028456 -154.731
-0.0042026456 -155.93
-0.0042024456 -156.73
-0.0042022456 -154.331
-0.0042020456 -155.131
-0.0042018456 -156.33
-0.0042016456 -156.73
-0.0042014456 -157.13
-0.0042012456 -157.929
-0.0042010456 -155.53
-0.0042008456 -154.331
-0.0042006456 -153.531
-0.0042004456 -155.131
-0.0042002456 -155.93
-0.0042000456 -151.932
-0.0041998456 -155.131
-0.0041996456 -155.53
-0.0041994456 -155.53
-0.0041992456 -157.13
-0.0041990456 -151.132
-0.0041988456 -158.329
-0.0041986456 -154.731
-0.0041984456 -153.131
-0.0041982456 -155.131
-0.0041980456 -155.131
-0.0041978456 -154.331
-0.0041976456 -156.73
-0.0041974456 -156.33
-0.0041972456 -153.131
-0.0041970456 -155.53
-0.0041968456 -153.131
-0.0041966456 -155.53
-0.0041964456 -152.332
-0.0041962456 -153.131
-0.0041960456 -152.332
-0.0041958456 -154.731
-0.0041956456 -153.931
-0.0041954456 -154.731
-0.0041952456 -153.931
-0.0041950456 -154.331
-0.0041948456 -154.331
-0.0041946456 -154.331
-0.0041944456 -154.731
-0.0041942456 -154.331
-0.0041940456 -152.332
-0.0041938456 -154.731
-0.0041936456 -152.732
-0.0041934456 -153.531
-0.0041932456 -150.732
-0.0041930456 -154.731
-0.0041928456 -154.731
-0.0041926456 -153.931
-0.0041924456 -153.931
-0.0041922456 -154.731
-0.0041920456 -154.331
-0.0041918456 -153.531
-0.0041916456 -153.531
-0.0041914456 -154.331
-0.0041912456 -152.732
-0.0041910456 -152.732
-0.0041908456 -149.133
-0.0041906456 -153.531
-0.0041904456 -153.931
-0.0041902456 -155.53
-0.0041900456 -153.931
-0.0041898456 -153.131
-0.0041896456 -155.131
-0.0041894456 -152.732
-0.0041892456 -155.53
-0.0041890456 -151.532
-0.0041888456 -151.932
-0.0041886456 -154.731
-0.0041884456 -151.532
-0.0041882456 -151.932
-0.0041880456 -153.931
-0.0041878456 -153.131
-0.0041876456 -152.332
-0.0041874456 -153.131
-0.0041872456 -154.331
-0.0041870456 -151.532
-0.0041868456 -150.333
-0.0041866456 -149.533
-0.0041864456 -154.731
-0.0041862456 -151.532
-0.0041860456 -153.531
-0.0041858456 -149.933
-0.0041856456 -151.132
-0.0041854456 -149.533
-0.0041852456 -151.132
-0.0041850456 -152.332
-0.0041848456 -151.532
-0.0041846456 -149.933
-0.0041844456 -149.533
-0.0041842456 -151.132
-0.0041840456 -150.732
-0.0041838456 -149.533
-0.0041836456 -152.732
-0.0041834456 -152.732
-0.0041832456 -151.132
-0.0041830456 -151.532
-0.0041828456 -150.732
-0.0041826456 -153.931
-0.0041824456 -151.932
-0.0041822456 -152.732
-0.0041820456 -151.932
-0.0041818456 -153.131
-0.0041816456 -150.333
-0.0041814456 -151.532
-0.0041812456 -152.732
-0.0041810456 -152.332
-0.0041808456 -150.732
-0.0041806456 -151.932
-0.0041804456 -151.132
-0.0041802456 -150.732
-0.0041800456 -151.932
-0.0041798456 -152.332
-0.0041796456 -151.132
-0.0041794456 -151.532
-0.0041792456 -151.532
-0.0041790456 -154.331
-0.0041788456 -151.132
-0.0041786456 -152.332
-0.0041784456 -151.132
-0.0041782456 -152.332
-0.0041780456 -150.732
-0.0041778456 -149.933
-0.0041776456 -150.333
-0.0041774456 -152.732
-0.0041772456 -151.532
-0.0041770456 -149.933
-0.0041768456 -150.732
-0.0041766456 -153.131
-0.0041764456 -151.532
-0.0041762456 -149.533
-0.0041760456 -151.532
-0.0041758456 -149.533
-0.0041756456 -151.132
-0.0041754456 -149.533
-0.0041752456 -147.934
-0.0041750456 -148.733
-0.0041748456 -148.733
-0.0041746456 -149.933
-0.0041744456 -147.934
-0.0041742456 -150.732
-0.0041740456 -148.733
-0.0041738456 -150.732
-0.0041736456 -149.133
-0.0041734456 -149.933
-0.0041732456 -149.533
-0.0041730456 -149.533
-0.0041728456 -150.732
-0.0041726456 -148.334
-0.0041724456 -149.133
-0.0041722456 -147.134
-0.0041720456 -147.134
-0.0041718456 -146.334
-0.0041716456 -147.934
-0.0041714456 -150.333
-0.0041712456 -151.132
-0.0041710456 -147.134
-0.0041708456 -147.534
-0.0041706456 -151.132
-0.0041704456 -150.333
-0.0041702456 -147.534
-0.0041700456 -150.333
-0.0041698456 -150.732
-0.0041696456 -150.732
-0.0041694456 -149.133
-0.0041692456 -148.334
-0.0041690456 -148.733
-0.0041688456 -147.534
-0.0041686456 -148.334
-0.0041684456 -147.134
-0.0041682456 -151.132
-0.0041680456 -146.734
-0.0041678456 -147.134
-0.0041676456 -147.934
-0.0041674456 -148.334
-0.0041672456 -147.134
-0.0041670456 -146.734
-0.0041668456 -151.132
-0.0041666456 -147.934
-0.0041664456 -147.134
-0.0041662456 -145.935
-0.0041660456 -148.733
-0.0041658456 -149.133
-0.0041656456 -147.134
-0.0041654456 -147.134
-0.0041652456 -150.333
-0.0041650456 -147.534
-0.0041648456 -149.533
-0.0041646456 -147.934
-0.0041644456 -145.935
-0.0041642456 -148.334
-0.0041640456 -145.935
-0.0041638456 -147.134
-0.0041636456 -145.135
-0.0041634456 -149.133
-0.0041632456 -147.534
-0.0041630456 -147.934
-0.0041628456 -147.134
-0.0041626456 -147.534
-0.0041624456 -148.733
-0.0041622456 -148.733
-0.0041620456 -145.535
-0.0041618456 -146.334
-0.0041616456 -144.335
-0.0041614456 -147.534
-0.0041612456 -146.334
-0.0041610456 -147.934
-0.0041608456 -144.735
-0.0041606456 -145.935
-0.0041604456 -145.535
-0.0041602456 -144.735
-0.0041600456 -146.334
-0.0041598456 -143.536
-0.0041596456 -148.334
-0.0041594456 -144.735
-0.0041592456 -143.936
-0.0041590456 -145.535
-0.0041588456 -146.334
-0.0041586456 -145.535
-0.0041584456 -144.735
-0.0041582456 -144.735
-0.0041580456 -146.734
-0.0041578456 -145.935
-0.0041576456 -146.334
-0.0041574456 -143.136
-0.0041572456 -142.336
-0.0041570456 -143.136
-0.0041568456 -146.334
-0.0041566456 -143.536
-0.0041564456 -146.334
-0.0041562456 -144.335
-0.0041560456 -142.336
-0.0041558456 -143.936
-0.0041556456 -145.135
-0.0041554456 -144.735
-0.0041552456 -146.334
-0.0041550456 -145.135
-0.0041548456 -144.335
-0.0041546456 -145.535
-0.0041544456 -142.736
-0.0041542456 -142.736
-0.0041540456 -144.335
-0.0041538456 -145.135
-0.0041536456 -144.335
-0.0041534456 -143.136
-0.0041532456 -144.335
-0.0041530456 -143.536
-0.0041528456 -145.935
-0.0041526456 -142.736
-0.0041524456 -143.936
-0.0041522456 -144.735
-0.0041520456 -143.136
-0.0041518456 -143.536
-0.0041516456 -141.936
-0.0041514456 -142.336
-0.0041512456 -143.136
-0.0041510456 -141.137
-0.0041508456 -144.735
-0.0041506456 -140.737
-0.0041504456 -142.336
-0.0041502456 -142.736
-0.0041500456 -142.336
-0.0041498456 -142.336
-0.0041496456 -142.336
-0.0041494456 -143.936
-0.0041492456 -141.936
-0.0041490456 -143.936
-0.0041488456 -140.337
-0.0041486456 -144.335
-0.0041484456 -142.736
-0.0041482456 -140.337
-0.0041480456 -141.537
-0.0041478456 -145.535
-0.0041476456 -143.536
-0.0041474456 -142.736
-0.0041472456 -141.936
-0.0041470456 -141.137
-0.0041468456 -140.337
-0.0041466456 -139.537
-0.0041464456 -141.537
-0.0041462456 -140.337
-0.0041460456 -144.335
-0.0041458456 -141.137
-0.0041456456 -141.936
-0.0041454456 -143.136
-0.0041452456 -141.137
-0.0041450456 -142.336
-0.0041448456 -140.337
-0.0041446456 -139.138
-0.0041444456 -141.936
-0.0041442456 -144.335
-0.0041440456 -143.536
-0.0041438456 -141.137
-0.0041436456 -142.336
-0.0041434456 -142.736
-0.0041432456 -139.937
-0.0041430456 -140.737
-0.0041428456 -140.337
-0.0041426456 -141.537
-0.0041424456 -141.537
-0.0041422456 -141.936
-0.0041420456 -141.936
-0.0041418456 -141.137
-0.0041416456 -141.936
-0.0041414456 -142.336
-0.0041412456 -143.536
-0.0041410456 -142.736
-0.0041408456 -141.537
-0.0041406456 -139.937
-0.0041404456 -141.137
-0.0041402456 -141.537
-0.0041400456 -143.536
-0.0041398456 -141.537
-0.0041396456 -140.337
-0.0041394456 -141.537
-0.0041392456 -140.737
-0.0041390456 -140.337
-0.0041388456 -143.136
-0.0041386456 -141.936
-0.0041384456 -145.135
-0.0041382456 -141.537
-0.0041380456 -140.737
-0.0041378456 -141.137
-0.0041376456 -139.937
-0.0041374456 -141.936
-0.0041372456 -139.937
-0.0041370456 -139.537
-0.0041368456 -141.537
-0.0041366456 -143.136
-0.0041364456 -140.737
-0.0041362456 -140.337
-0.0041360456 -139.537
-0.0041358456 -140.337
-0.0041356456 -141.137
-0.0041354456 -139.138
-0.0041352456 -141.137
-0.0041350456 -141.537
-0.0041348456 -142.336
-0.0041346456 -140.737
-0.0041344456 -142.336
-0.0041342456 -139.937
-0.0041340456 -141.936
-0.0041338456 -140.337
-0.0041336456 -140.337
-0.0041334456 -141.137
-0.0041332456 -140.737
-0.0041330456 -139.937
-0.0041328456 -140.737
-0.0041326456 -141.537
-0.0041324456 -138.738
-0.0041322456 -140.337
-0.0041320456 -139.937
-0.0041318456 -139.537
-0.0041316456 -142.736
-0.0041314456 -139.537
-0.0041312456 -137.938
-0.0041310456 -141.137
-0.0041308456 -141.936
-0.0041306456 -137.938
-0.0041304456 -138.738
-0.0041302456 -137.538
-0.0041300456 -142.736
-0.0041298456 -140.337
-0.0041296456 -140.737
-0.0041294456 -140.737
-0.0041292456 -137.938
-0.0041290456 -139.138
-0.0041288456 -139.138
-0.0041286456 -137.938
-0.0041284456 -138.738
-0.0041282456 -141.137
-0.0041280456 -140.737
-0.0041278456 -140.337
-0.0041276456 -140.337
-0.0041274456 -142.336
-0.0041272456 -136.739
-0.0041270456 -141.137
-0.0041268456 -138.338
-0.0041266456 -138.738
-0.0041264456 -140.337
-0.0041262456 -138.738
-0.0041260456 -140.337
-0.0041258456 -139.537
-0.0041256456 -137.139
-0.0041254456 -138.738
-0.0041252456 -138.338
-0.0041250456 -138.338
-0.0041248456 -138.338
-0.0041246456 -137.538
-0.0041244456 -137.139
-0.0041242456 -137.139
-0.0041240456 -139.937
-0.0041238456 -137.938
-0.0041236456 -137.938
-0.0041234456 -135.139
-0.0041232456 -136.339
-0.0041230456 -136.739
-0.0041228456 -137.139
-0.0041226456 -137.139
-0.0041224456 -137.139
-0.0041222456 -135.539
-0.0041220456 -135.539
-0.0041218456 -138.338
-0.0041216456 -140.337
-0.0041214456 -137.538
-0.0041212456 -137.538
-0.0041210456 -137.938
-0.0041208456 -137.139
-0.0041206456 -136.339
-0.0041204456 -139.537
-0.0041202456 -135.939
-0.0041200456 -136.739
-0.0041198456 -139.937
-0.0041196456 -135.539
-0.0041194456 -135.939
-0.0041192456 -136.339
-0.0041190456 -137.139
-0.0041188456 -136.739
-0.0041186456 -137.139
-0.0041184456 -137.538
-0.0041182456 -136.339
-0.0041180456 -135.139
-0.0041178456 -137.538
-0.0041176456 -136.339
-0.0041174456 -135.139
-0.0041172456 -134.74
-0.0041170456 -137.538
-0.0041168456 -135.539
-0.0041166456 -133.14
-0.0041164456 -136.339
-0.0041162456 -135.539
-0.0041160456 -136.739
-0.0041158456 -135.539
-0.0041156456 -134.74
-0.0041154456 -135.939
-0.0041152456 -132.741
-0.0041150456 -136.339
-0.0041148456 -135.939
-0.0041146456 -134.74
-0.0041144456 -134.74
-0.0041142456 -137.538
-0.0041140456 -137.139
-0.0041138456 -137.139
-0.0041136456 -137.538
-0.0041134456 -134.74
-0.0041132456 -135.539
-0.0041130456 -134.74
-0.0041128456 -136.339
-0.0041126456 -132.741
-0.0041124456 -135.539
-0.0041122456 -136.739
-0.0041120456 -133.14
-0.0041118456 -135.139
-0.0041116456 -133.94
-0.0041114456 -133.94
-0.0041112456 -135.139
-0.0041110456 -135.139
-0.0041108456 -132.741
-0.0041106456 -134.74
-0.0041104456 -134.34
-0.0041102456 -135.139
-0.0041100456 -134.34
-0.0041098456 -138.338
-0.0041096456 -133.54
-0.0041094456 -133.94
-0.0041092456 -131.941
-0.0041090456 -134.74
-0.0041088456 -131.141
-0.0041086456 -133.94
-0.0041084456 -135.139
-0.0041082456 -133.14
-0.0041080456 -133.94
-0.0041078456 -133.14
-0.0041076456 -131.541
-0.0041074456 -130.741
-0.0041072456 -132.341
-0.0041070456 -129.142
-0.0041068456 -131.541
-0.0041066456 -131.541
-0.0041064456 -130.342
-0.0041062456 -130.342
-0.0041060456 -130.342
-0.0041058456 -132.341
-0.0041056456 -133.54
-0.0041054456 -131.541
-0.0041052456 -132.341
-0.0041050456 -131.541
-0.0041048456 -135.139
-0.0041046456 -131.141
-0.0041044456 -130.741
-0.0041042456 -133.14
-0.0041040456 -128.742
-0.0041038456 -131.941
-0.0041036456 -133.14
-0.0041034456 -133.94
-0.0041032456 -132.741
-0.0041030456 -132.341
-0.0041028456 -129.542
-0.0041026456 -133.14
-0.0041024456 -132.341
-0.0041022456 -133.94
-0.0041020456 -132.741
-0.0041018456 -131.941
-0.0041016456 -131.141
-0.0041014456 -130.741
-0.0041012456 -133.14
-0.0041010456 -131.941
-0.0041008456 -131.941
-0.0041006456 -131.941
-0.0041004456 -129.942
-0.0041002456 -131.541
-0.0041000456 -132.341
-0.0040998456 -131.941
-0.0040996456 -131.541
-0.0040994456 -132.741
-0.0040992456 -134.34
-0.0040990456 -131.941
-0.0040988456 -131.541
-0.0040986456 -132.741
-0.0040984456 -131.141
-0.0040982456 -130.741
-0.0040980456 -130.741
-0.0040978456 -133.14
-0.0040976456 -131.141
-0.0040974456 -130.741
-0.0040972456 -129.142
-0.0040970456 -131.141
-0.0040968456 -131.141
-0.0040966456 -132.741
-0.0040964456 -133.94
-0.0040962456 -133.14
-0.0040960456 -131.141
-0.0040958456 -131.541
-0.0040956456 -131.541
-0.0040954456 -131.141
-0.0040952456 -129.142
-0.0040950456 -130.342
-0.0040948456 -129.942
-0.0040946456 -130.342
-0.0040944456 -128.742
-0.0040942456 -129.542
-0.0040940456 -130.741
-0.0040938456 -130.342
-0.0040936456 -130.741
-0.0040934456 -130.741
-0.0040932456 -128.343
-0.0040930456 -130.342
-0.0040928456 -129.942
-0.0040926456 -131.941
-0.0040924456 -130.741
-0.0040922456 -128.742
-0.0040920456 -131.941
-0.0040918456 -131.941
-0.0040916456 -129.142
-0.0040914456 -127.143
-0.0040912456 -127.943
-0.0040910456 -131.541
-0.0040908456 -131.941
-0.0040906456 -129.942
-0.0040904456 -127.143
-0.0040902456 -127.943
-0.0040900456 -128.742
-0.0040898456 -129.542
-0.0040896456 -129.142
-0.0040894456 -130.342
-0.0040892456 -130.741
-0.0040890456 -129.942
-0.0040888456 -130.741
-0.0040886456 -129.942
-0.0040884456 -129.142
-0.0040882456 -131.541
-0.0040880456 -127.943
-0.0040878456 -131.941
-0.0040876456 -128.742
-0.0040874456 -131.541
-0.0040872456 -128.343
-0.0040870456 -130.741
-0.0040868456 -131.541
-0.0040866456 -130.342
-0.0040864456 -129.942
-0.0040862456 -128.742
-0.0040860456 -128.343
-0.0040858456 -133.54
-0.0040856456 -129.542
-0.0040854456 -129.142
-0.0040852456 -127.943
-0.0040850456 -129.142
-0.0040848456 -129.542
-0.0040846456 -131.941
-0.0040844456 -129.542
-0.0040842456 -128.742
-0.0040840456 -129.142
-0.0040838456 -129.542
-0.0040836456 -128.742
-0.0040834456 -128.742
-0.0040832456 -127.943
-0.0040830456 -129.142
-0.0040828456 -129.142
-0.0040826456 -127.543
-0.0040824456 -131.541
-0.0040822456 -127.543
-0.0040820456 -128.742
-0.0040818456 -129.942
-0.0040816456 -127.543
-0.0040814456 -128.742
-0.0040812456 -127.543
-0.0040810456 -128.343
-0.0040808456 -128.742
-0.0040806456 -126.743
-0.0040804456 -125.944
-0.0040802456 -129.942
-0.0040800456 -126.343
-0.0040798456 -127.543
-0.0040796456 -125.944
-0.0040794456 -126.743
-0.0040792456 -127.143
-0.0040790456 -130.741
-0.0040788456 -127.543
-0.0040786456 -125.544
-0.0040784456 -126.743
-0.0040782456 -128.343
-0.0040780456 -127.143
-0.0040778456 -127.143
-0.0040776456 -126.743
-0.0040774456 -125.544
-0.0040772456 -129.142
-0.0040770456 -129.142
-0.0040768456 -126.343
-0.0040766456 -125.544
-0.0040764456 -128.742
-0.0040762456 -126.343
-0.0040760456 -123.944
-0.0040758456 -125.944
-0.0040756456 -126.743
-0.0040754456 -123.545
-0.0040752456 -127.143
-0.0040750456 -129.142
-0.0040748456 -123.944
-0.0040746456 -125.144
-0.0040744456 -126.343
-0.0040742456 -125.544
-0.0040740456 -124.744
-0.0040738456 -124.744
-0.0040736456 -125.144
-0.0040734456 -123.145
-0.0040732456 -124.344
-0.0040730456 -125.544
-0.0040728456 -126.343
-0.0040726456 -123.545
-0.0040724456 -126.343
-0.0040722456 -124.744
-0.0040720456 -124.344
-0.0040718456 -126.743
-0.0040716456 -122.745
-0.0040714456 -127.143
-0.0040712456 -125.144
-0.0040710456 -125.144
-0.0040708456 -123.545
-0.0040706456 -124.344
-0.0040704456 -123.944
-0.0040702456 -125.144
-0.0040700456 -125.144
-0.0040698456 -125.144
-0.0040696456 -127.143
-0.0040694456 -124.344
-0.0040692456 -125.144
-0.0040690456 -121.546
-0.0040688456 -127.143
-0.0040686456 -122.745
-0.0040684456 -123.944
-0.0040682456 -123.545
-0.0040680456 -121.945
-0.0040678456 -123.545
-0.0040676456 -121.945
-0.0040674456 -123.545
-0.0040672456 -123.944
-0.0040670456 -121.945
-0.0040668456 -121.945
-0.0040666456 -121.546
-0.0040664456 -121.146
-0.0040662456 -121.945
-0.0040660456 -123.944
-0.0040658456 -122.345
-0.0040656456 -126.743
-0.0040654456 -122.745
-0.0040652456 -121.945
-0.0040650456 -123.545
-0.0040648456 -122.345
-0.0040646456 -123.944
-0.0040644456 -122.345
-0.0040642456 -120.746
-0.0040640456 -122.345
-0.0040638456 -123.545
-0.0040636456 -123.944
-0.0040634456 -123.145
-0.0040632456 -121.945
-0.0040630456 -123.545
-0.0040628456 -122.345
-0.0040626456 -122.745
-0.0040624456 -123.545
-0.0040622456 -122.345
-0.0040620456 -125.144
-0.0040618456 -124.344
-0.0040616456 -122.745
-0.0040614456 -121.146
-0.0040612456 -122.345
-0.0040610456 -122.745
-0.0040608456 -122.345
-0.0040606456 -121.945
-0.0040604456 -122.745
-0.0040602456 -123.545
-0.0040600456 -123.545
-0.0040598456 -120.346
-0.0040596456 -121.146
-0.0040594456 -125.144
-0.0040592456 -121.146
-0.0040590456 -119.946
-0.0040588456 -121.146
-0.0040586456 -122.745
-0.0040584456 -121.546
-0.0040582456 -122.345
-0.0040580456 -121.945
-0.0040578456 -121.546
-0.0040576456 -121.945
-0.0040574456 -120.746
-0.0040572456 -122.345
-0.0040570456 -123.145
-0.0040568456 -122.745
-0.0040566456 -120.346
-0.0040564456 -123.545
-0.0040562456 -121.146
-0.0040560456 -120.346
-0.0040558456 -121.146
-0.0040556456 -122.745
-0.0040554456 -121.945
-0.0040552456 -122.745
-0.0040550456 -122.745
-0.0040548456 -120.346
-0.0040546456 -123.944
-0.0040544456 -122.745
-0.0040542456 -123.545
-0.0040540456 -121.945
-0.0040538456 -123.145
-0.0040536456 -119.147
-0.0040534456 -121.546
-0.0040532456 -121.945
-0.0040530456 -119.946
-0.0040528456 -121.546
-0.0040526456 -119.946
-0.0040524456 -120.746
-0.0040522456 -121.945
-0.0040520456 -120.346
-0.0040518456 -121.146
-0.0040516456 -118.747
-0.0040514456 -118.747
-0.0040512456 -119.946
-0.0040510456 -122.345
-0.0040508456 -122.745
-0.0040506456 -119.147
-0.0040504456 -119.946
-0.0040502456 -117.947
-0.0040500456 -120.746
-0.0040498456 -121.546
-0.0040496456 -120.346
-0.0040494456 -120.346
-0.0040492456 -120.746
-0.0040490456 -119.147
-0.0040488456 -121.945
-0.0040486456 -117.148
-0.0040484456 -118.747
-0.0040482456 -120.746
-0.0040480456 -119.946
-0.0040478456 -120.746
-0.0040476456 -117.947
-0.0040474456 -119.546
-0.0040472456 -118.747
-0.0040470456 -118.747
-0.0040468456 -119.946
-0.0040466456 -119.147
-0.0040464456 -117.148
-0.0040462456 -116.748
-0.0040460456 -121.146
-0.0040458456 -117.148
-0.0040456456 -117.148
-0.0040454456 -117.547
-0.0040452456 -117.148
-0.0040450456 -120.746
-0.0040448456 -117.547
-0.0040446456 -117.547
-0.0040444456 -119.147
-0.0040442456 -117.148
-0.0040440456 -118.347
-0.0040438456 -119.946
-0.0040436456 -119.946
-0.0040434456 -119.147
-0.0040432456 -118.347
-0.0040430456 -120.346
-0.0040428456 -114.749
-0.0040426456 -119.147
-0.0040424456 -115.548
-0.0040422456 -118.747
-0.0040420456 -118.347
-0.0040418456 -115.948
-0.0040416456 -118.347
-0.0040414456 -117.148
-0.0040412456 -119.147
-0.0040410456 -119.147
-0.0040408456 -118.347
-0.0040406456 -119.546
-0.0040404456 -117.148
-0.0040402456 -117.547
-0.0040400456 -118.347
-0.0040398456 -121.945
-0.0040396456 -116.348
-0.0040394456 -119.946
-0.0040392456 -118.747
-0.0040390456 -117.547
-0.0040388456 -119.147
-0.0040386456 -119.147
-0.0040384456 -115.948
-0.0040382456 -116.748
-0.0040380456 -118.747
-0.0040378456 -116.748
-0.0040376456 -117.148
-0.0040374456 -118.347
-0.0040372456 -119.946
-0.0040370456 -118.747
-0.0040368456 -122.345
-0.0040366456 -120.346
-0.0040364456 -115.948
-0.0040362456 -117.947
-0.0040360456 -119.546
-0.0040358456 -115.548
-0.0040356456 -116.748
-0.0040354456 -120.346
-0.0040352456 -116.348
-0.0040350456 -118.347
-0.0040348456 -117.947
-0.0040346456 -119.546
-0.0040344456 -115.148
-0.0040342456 -119.946
-0.0040340456 -116.748
-0.0040338456 -113.949
-0.0040336456 -115.548
-0.0040334456 -117.148
-0.0040332456 -115.148
-0.0040330456 -116.348
-0.0040328456 -116.748
-0.0040326456 -115.148
-0.0040324456 -114.749
-0.0040322456 -116.748
-0.0040320456 -117.547
-0.0040318456 -117.547
-0.0040316456 -116.348
-0.0040314456 -114.349
-0.0040312456 -119.147
-0.0040310456 -117.547
-0.0040308456 -117.947
-0.0040306456 -115.548
-0.0040304456 -115.948
-0.0040302456 -112.749
-0.0040300456 -114.749
-0.0040298456 -118.747
-0.0040296456 -115.148
-0.0040294456 -118.347
-0.0040292456 -115.548
-0.0040290456 -117.547
-0.0040288456 -115.548
-0.0040286456 -117.148
-0.0040284456 -115.948
-0.0040282456 -117.148
-0.0040280456 -114.349
-0.0040278456 -116.348
-0.0040276456 -115.948
-0.0040274456 -113.949
-0.0040272456 -116.748
-0.0040270456 -114.749
-0.0040268456 -114.349
-0.0040266456 -115.548
-0.0040264456 -113.949
-0.0040262456 -114.749
-0.0040260456 -114.349
-0.0040258456 -112.749
-0.0040256456 -113.149
-0.0040254456 -114.749
-0.0040252456 -114.749
-0.0040250456 -117.547
-0.0040248456 -115.948
-0.0040246456 -115.148
-0.0040244456 -114.749
-0.0040242456 -115.948
-0.0040240456 -115.148
-0.0040238456 -115.548
-0.0040236456 -115.148
-0.0040234456 -115.548
-0.0040232456 -111.15
-0.0040230456 -112.35
-0.0040228456 -113.949
-0.0040226456 -111.95
-0.0040224456 -111.55
-0.0040222456 -114.749
-0.0040220456 -115.548
-0.0040218456 -113.949
-0.0040216456 -116.748
-0.0040214456 -114.349
-0.0040212456 -114.749
-0.0040210456 -113.149
-0.0040208456 -113.149
-0.0040206456 -113.149
-0.0040204456 -113.149
-0.0040202456 -114.749
-0.0040200456 -111.95
-0.0040198456 -110.75
-0.0040196456 -111.55
-0.0040194456 -112.749
-0.0040192456 -113.549
-0.0040190456 -111.15
-0.0040188456 -111.15
-0.0040186456 -113.549
-0.0040184456 -109.551
-0.0040182456 -114.349
-0.0040180456 -113.549
-0.0040178456 -110.351
-0.0040176456 -111.95
-0.0040174456 -111.95
-0.0040172456 -112.35
-0.0040170456 -111.15
-0.0040168456 -112.35
-0.0040166456 -113.149
-0.0040164456 -111.95
-0.0040162456 -111.55
-0.0040160456 -111.95
-0.0040158456 -109.151
-0.0040156456 -111.55
-0.0040154456 -111.95
-0.0040152456 -110.75
-0.0040150456 -111.15
-0.0040148456 -110.351
-0.0040146456 -109.951
-0.0040144456 -110.75
-0.0040142456 -112.35
-0.0040140456 -112.35
-0.0040138456 -113.149
-0.0040136456 -109.951
-0.0040134456 -111.55
-0.0040132456 -110.351
-0.0040130456 -113.549
-0.0040128456 -110.351
-0.0040126456 -111.15
-0.0040124456 -111.95
-0.0040122456 -111.15
-0.0040120456 -112.35
-0.0040118456 -110.75
-0.0040116456 -109.151
-0.0040114456 -110.75
-0.0040112456 -111.15
-0.0040110456 -109.551
-0.0040108456 -111.95
-0.0040106456 -111.55
-0.0040104456 -111.55
-0.0040102456 -110.75
-0.0040100456 -109.151
-0.0040098456 -109.951
-0.0040096456 -109.951
-0.0040094456 -110.351
-0.0040092456 -108.751
-0.0040090456 -110.75
-0.0040088456 -111.15
-0.0040086456 -109.151
-0.0040084456 -110.75
-0.0040082456 -109.551
-0.0040080456 -107.152
-0.0040078456 -107.952
-0.0040076456 -109.151
-0.0040074456 -109.551
-0.0040072456 -110.351
-0.0040070456 -109.551
-0.0040068456 -110.75
-0.0040066456 -112.749
-0.0040064456 -108.351
-0.0040062456 -108.351
-0.0040060456 -109.951
-0.0040058456 -109.151
-0.0040056456 -109.151
-0.0040054456 -108.751
-0.0040052456 -107.552
-0.0040050456 -108.351
-0.0040048456 -108.351
-0.0040046456 -108.751
-0.0040044456 -108.351
-0.0040042456 -109.951
-0.0040040456 -109.551
-0.0040038456 -107.152
-0.0040036456 -109.951
-0.0040034456 -107.552
-0.0040032456 -107.952
-0.0040030456 -108.351
-0.0040028456 -107.952
-0.0040026456 -109.151
-0.0040024456 -106.352
-0.0040022456 -106.752
-0.0040020456 -107.952
-0.0040018456 -107.552
-0.0040016456 -109.151
-0.0040014456 -107.552
-0.0040012456 -107.952
-0.0040010456 -106.752
-0.0040008456 -109.151
-0.0040006456 -109.951
-0.0040004456 -108.751
-0.0040002456 -107.552
-0.0040000456 -105.953
-0.0039998456 -109.151
-0.0039996456 -108.751
-0.0039994456 -106.752
-0.0039992456 -106.352
-0.0039990456 -107.552
-0.0039988456 -110.75
-0.0039986456 -105.153
-0.0039984456 -105.553
-0.0039982456 -107.152
-0.0039980456 -105.153
-0.0039978456 -105.953
-0.0039976456 -106.352
-0.0039974456 -108.351
-0.0039972456 -106.352
-0.0039970456 -107.552
-0.0039968456 -108.351
-0.0039966456 -108.751
-0.0039964456 -105.953
-0.0039962456 -105.953
-0.0039960456 -105.553
-0.0039958456 -104.753
-0.0039956456 -108.351
-0.0039954456 -107.552
-0.0039952456 -104.753
-0.0039950456 -105.953
-0.0039948456 -105.153
-0.0039946456 -106.752
-0.0039944456 -104.753
-0.0039942456 -106.352
-0.0039940456 -106.352
-0.0039938456 -104.753
-0.0039936456 -104.353
-0.0039934456 -105.953
-0.0039932456 -102.754
-0.0039930456 -106.752
-0.0039928456 -103.953
-0.0039926456 -107.152
-0.0039924456 -104.753
-0.0039922456 -106.352
-0.0039920456 -105.953
-0.0039918456 -105.553
-0.0039916456 -110.75
-0.0039914456 -105.953
-0.0039912456 -105.153
-0.0039910456 -104.753
-0.0039908456 -105.953
-0.0039906456 -102.754
-0.0039904456 -104.753
-0.0039902456 -106.352
-0.0039900456 -105.153
-0.0039898456 -103.154
-0.0039896456 -104.353
-0.0039894456 -105.153
-0.0039892456 -103.953
-0.0039890456 -105.153
-0.0039888456 -104.753
-0.0039886456 -104.753
-0.0039884456 -104.353
-0.0039882456 -106.352
-0.0039880456 -103.953
-0.0039878456 -106.352
-0.0039876456 -105.153
-0.0039874456 -103.154
-0.0039872456 -105.553
-0.0039870456 -106.352
-0.0039868456 -104.353
-0.0039866456 -103.953
-0.0039864456 -104.753
-0.0039862456 -107.552
-0.0039860456 -105.553
-0.0039858456 -104.353
-0.0039856456 -103.554
-0.0039854456 -103.953
-0.0039852456 -104.753
-0.0039850456 -102.754
-0.0039848456 -103.953
-0.0039846456 -104.353
-0.0039844456 -105.553
-0.0039842456 -103.953
-0.0039840456 -104.353
-0.0039838456 -104.753
-0.0039836456 -104.753
-0.0039834456 -104.753
-0.0039832456 -105.953
-0.0039830456 -105.153
-0.0039828456 -105.153
-0.0039826456 -105.153
-0.0039824456 -102.754
-0.0039822456 -105.153
-0.0039820456 -107.152
-0.0039818456 -106.352
-0.0039816456 -103.953
-0.0039814456 -104.353
-0.0039812456 -105.953
-0.0039810456 -105.153
-0.0039808456 -105.553
-0.0039806456 -103.953
-0.0039804456 -102.754
-0.0039802456 -103.154
-0.0039800456 -105.953
-0.0039798456 -103.554
-0.0039796456 -104.753
-0.0039794456 -104.753
-0.0039792456 -102.754
-0.0039790456 -102.354
-0.0039788456 -103.953
-0.0039786456 -103.953
-0.0039784456 -104.753
-0.0039782456 -102.354
-0.0039780456 -102.354
-0.0039778456 -103.154
-0.0039776456 -106.352
-0.0039774456 -103.953
-0.0039772456 -101.555
-0.0039770456 -105.953
-0.0039768456 -105.153
-0.0039766456 -101.954
-0.0039764456 -104.753
-0.0039762456 -102.754
-0.0039760456 -105.553
-0.0039758456 -103.154
-0.0039756456 -105.153
-0.0039754456 -103.154
-0.0039752456 -104.353
-0.0039750456 -103.554
-0.0039748456 -102.754
-0.0039746456 -102.354
-0.0039744456 -103.953
-0.0039742456 -103.154
-0.0039740456 -103.554
-0.0039738456 -103.554
-0.0039736456 -101.954
-0.0039734456 -104.353
-0.0039732456 -103.953
-0.0039730456 -104.753
-0.0039728456 -103.953
-0.0039726456 -105.953
-0.0039724456 -101.954
-0.0039722456 -103.554
-0.0039720456 -103.554
-0.0039718456 -103.953
-0.0039716456 -103.554
-0.0039714456 -102.754
-0.0039712456 -104.353
-0.0039710456 -103.154
-0.0039708456 -101.954
-0.0039706456 -104.753
-0.0039704456 -101.954
-0.0039702456 -103.154
-0.0039700456 -102.754
-0.0039698456 -103.154
-0.0039696456 -102.754
-0.0039694456 -104.753
-0.0039692456 -101.155
-0.0039690456 -101.155
-0.0039688456 -104.353
-0.0039686456 -101.555
-0.0039684456 -101.954
-0.0039682456 -99.5554
-0.0039680456 -101.555
-0.0039678456 -101.555
-0.0039676456 -103.554
-0.0039674456 -104.353
-0.0039672456 -103.953
-0.0039670456 -103.154
-0.0039668456 -103.554
-0.0039666456 -101.954
-0.0039664456 -101.155
-0.0039662456 -98.7558
-0.0039660456 -101.555
-0.0039658456 -102.354
-0.0039656456 -103.953
-0.0039654456 -101.555
-0.0039652456 -99.1556
-0.0039650456 -101.555
-0.0039648456 -103.554
-0.0039646456 -102.754
-0.0039644456 -101.954
-0.0039642456 -100.755
-0.0039640456 -101.954
-0.0039638456 -103.154
-0.0039636456 -101.155
-0.0039634456 -101.954
-0.0039632456 -101.555
-0.0039630456 -100.755
-0.0039628456 -102.754
-0.0039626456 -99.9552
-0.0039624456 -99.1556
-0.0039622456 -100.355
-0.0039620456 -101.155
-0.0039618456 -100.755
-0.0039616456 -99.9552
-0.0039614456 -101.555
-0.0039612456 -97.5563
-0.0039610456 -99.1556
-0.0039608456 -99.9552
-0.0039606456 -100.355
-0.0039604456 -97.1565
-0.0039602456 -99.5554
-0.0039600456 -99.5554
-0.0039598456 -99.5554
-0.0039596456 -99.9552
-0.0039594456 -101.155
-0.0039592456 -102.354
-0.0039590456 -99.1556
-0.0039588456 -100.755
-0.0039586456 -100.355
-0.0039584456 -100.355
-0.0039582456 -100.355
-0.0039580456 -99.9552
-0.0039578456 -97.9561
-0.0039576456 -99.9552
-0.0039574456 -98.3559
-0.0039572456 -99.9552
-0.0039570456 -98.3559
-0.0039568456 -101.954
-0.0039566456 -99.5554
-0.0039564456 -99.9552
-0.0039562456 -100.355
-0.0039560456 -102.754
-0.0039558456 -99.9552
-0.0039556456 -100.755
-0.0039554456 -101.954
-0.0039552456 -98.3559
-0.0039550456 -97.1565
-0.0039548456 -97.1565
-0.0039546456 -98.3559
-0.0039544456 -97.9561
-0.0039542456 -95.5572
-0.0039540456 -98.3559
-0.0039538456 -98.3559
-0.0039536456 -98.3559
-0.0039534456 -97.9561
-0.0039532456 -95.5572
-0.0039530456 -98.3559
-0.0039528456 -97.5563
-0.0039526456 -96.7567
-0.0039524456 -95.5572
-0.0039522456 -97.1565
-0.0039520456 -96.7567
-0.0039518456 -99.9552
-0.0039516456 -93.9579
-0.0039514456 -98.7558
-0.0039512456 -96.3568
-0.0039510456 -97.5563
-0.0039508456 -97.1565
-0.0039506456 -95.1574
-0.0039504456 -96.7567
-0.0039502456 -95.5572
-0.0039500456 -96.3568
-0.0039498456 -96.7567
-0.0039496456 -95.957
-0.0039494456 -95.957
-0.0039492456 -94.3577
-0.0039490456 -98.7558
-0.0039488456 -97.9561
-0.0039486456 -95.5572
-0.0039484456 -95.957
-0.0039482456 -93.1583
-0.0039480456 -95.1574
-0.0039478456 -97.1565
-0.0039476456 -95.957
-0.0039474456 -97.5563
-0.0039472456 -96.3568
-0.0039470456 -97.9561
-0.0039468456 -96.7567
-0.0039466456 -98.7558
-0.0039464456 -94.7575
-0.0039462456 -95.957
-0.0039460456 -94.7575
-0.0039458456 -94.7575
-0.0039456456 -92.7584
-0.0039454456 -93.9579
-0.0039452456 -95.1574
-0.0039450456 -96.7567
-0.0039448456 -96.3568
-0.0039446456 -96.3568
-0.0039444456 -95.5572
-0.0039442456 -96.7567
-0.0039440456 -95.1574
-0.0039438456 -95.5572
-0.0039436456 -93.1583
-0.0039434456 -93.9579
-0.0039432456 -93.1583
-0.0039430456 -91.9588
-0.0039428456 -98.3559
-0.0039426456 -94.3577
-0.0039424456 -94.7575
-0.0039422456 -96.3568
-0.0039420456 -95.5572
-0.0039418456 -92.3586
-0.0039416456 -95.957
-0.0039414456 -92.7584
-0.0039412456 -94.3577
-0.0039410456 -94.3577
-0.0039408456 -90.3595
-0.0039406456 -94.3577
-0.0039404456 -93.9579
-0.0039402456 -95.957
-0.0039400456 -93.9579
-0.0039398456 -93.9579
-0.0039396456 -92.3586
-0.0039394456 -95.1574
-0.0039392456 -93.5581
-0.0039390456 -93.5581
-0.0039388456 -93.5581
-0.0039386456 -93.5581
-0.0039384456 -96.3568
-0.0039382456 -91.9588
-0.0039380456 -92.3586
-0.0039378456 -93.5581
-0.0039376456 -93.9579
-0.0039374456 -95.1574
-0.0039372456 -94.3577
-0.0039370456 -94.3577
-0.0039368456 -93.9579
-0.0039366456 -95.1574
-0.0039364456 -93.9579
-0.0039362456 -94.7575
-0.0039360456 -93.1583
-0.0039358456 -93.1583
-0.0039356456 -93.9579
-0.0039354456 -91.9588
-0.0039352456 -93.9579
-0.0039350456 -91.9588
-0.0039348456 -94.7575
-0.0039346456 -93.1583
-0.0039344456 -93.9579
-0.0039342456 -91.9588
-0.0039340456 -93.5581
-0.0039338456 -94.7575
-0.0039336456 -93.1583
-0.0039334456 -95.1574
-0.0039332456 -93.1583
-0.0039330456 -92.7584
-0.0039328456 -93.9579
-0.0039326456 -91.559
-0.0039324456 -94.3577
-0.0039322456 -94.7575
-0.0039320456 -91.9588
-0.0039318456 -92.7584
-0.0039316456 -97.1565
-0.0039314456 -91.9588
-0.0039312456 -97.1565
-0.0039310456 -91.559
-0.0039308456 -92.3586
-0.0039306456 -91.559
-0.0039304456 -92.7584
-0.0039302456 -90.3595
-0.0039300456 -90.3595
-0.0039298456 -94.3577
-0.0039296456 -91.1592
-0.0039294456 -91.1592
-0.0039292456 -91.559
-0.0039290456 -89.5599
-0.0039288456 -92.3586
-0.0039286456 -93.1583
-0.0039284456 -94.3577
-0.0039282456 -92.7584
-0.0039280456 -93.1583
-0.0039278456 -92.7584
-0.0039276456 -93.1583
-0.0039274456 -91.559
-0.0039272456 -90.3595
-0.0039270456 -93.5581
-0.0039268456 -93.9579
-0.0039266456 -91.9588
-0.0039264456 -92.3586
-0.0039262456 -91.559
-0.0039260456 -91.559
-0.0039258456 -93.5581
-0.0039256456 -93.1583
-0.0039254456 -91.9588
-0.0039252456 -90.3595
-0.0039250456 -92.7584
-0.0039248456 -89.9597
-0.0039246456 -90.3595
-0.0039244456 -92.3586
-0.0039242456 -92.7584
-0.0039240456 -90.7593
-0.0039238456 -91.1592
-0.0039236456 -90.7593
-0.0039234456 -91.9588
-0.0039232456 -91.9588
-0.0039230456 -89.9597
-0.0039228456 -90.7593
-0.0039226456 -91.9588
-0.0039224456 -89.5599
-0.0039222456 -91.559
-0.0039220456 -89.5599
-0.0039218456 -91.9588
-0.0039216456 -88.3604
-0.0039214456 -91.559
-0.0039212456 -88.7602
-0.0039210456 -89.1601
-0.0039208456 -89.9597
-0.0039206456 -89.5599
-0.0039204456 -91.1592
-0.0039202456 -89.1601
-0.0039200456 -92.7584
-0.0039198456 -90.7593
-0.0039196456 -88.7602
-0.0039194456 -91.559
-0.0039192456 -91.1592
-0.0039190456 -89.5599
-0.0039188456 -89.1601
-0.0039186456 -92.7584
-0.0039184456 -91.559
-0.0039182456 -91.1592
-0.0039180456 -91.559
-0.0039178456 -87.9606
-0.0039176456 -91.559
-0.0039174456 -89.9597
-0.0039172456 -90.3595
-0.0039170456 -89.9597
-0.0039168456 -88.7602
-0.0039166456 -90.3595
-0.0039164456 -87.9606
-0.0039162456 -90.3595
-0.0039160456 -88.7602
-0.0039158456 -91.559
-0.0039156456 -89.1601
-0.0039154456 -91.559
-0.0039152456 -89.9597
-0.0039150456 -90.7593
-0.0039148456 -89.1601
-0.0039146456 -87.9606
-0.0039144456 -88.3604
-0.0039142456 -89.1601
-0.0039140456 -89.1601
-0.0039138456 -88.3604
-0.0039136456 -88.3604
-0.0039134456 -88.7602
-0.0039132456 -87.5608
-0.0039130456 -88.3604
-0.0039128456 -89.5599
-0.0039126456 -91.559
-0.0039124456 -89.5599
-0.0039122456 -90.3595
-0.0039120456 -88.3604
-0.0039118456 -89.5599
-0.0039116456 -88.3604
-0.0039114456 -87.9606
-0.0039112456 -86.3613
-0.0039110456 -89.1601
-0.0039108456 -87.9606
-0.0039106456 -87.9606
-0.0039104456 -87.161
-0.0039102456 -85.9615
-0.0039100456 -87.9606
-0.0039098456 -88.3604
-0.0039096456 -89.1601
-0.0039094456 -85.9615
-0.0039092456 -85.5617
-0.0039090456 -85.1618
-0.0039088456 -88.3604
-0.0039086456 -88.7602
-0.0039084456 -87.9606
-0.0039082456 -87.161
-0.0039080456 -87.161
-0.0039078456 -85.1618
-0.0039076456 -87.5608
-0.0039074456 -84.3622
-0.0039072456 -85.9615
-0.0039070456 -88.7602
-0.0039068456 -87.161
-0.0039066456 -86.3613
-0.0039064456 -85.5617
-0.0039062456 -84.762
-0.0039060456 -86.3613
-0.0039058456 -84.3622
-0.0039056456 -85.5617
-0.0039054456 -86.3613
-0.0039052456 -86.7611
-0.0039050456 -85.5617
-0.0039048456 -85.5617
-0.0039046456 -87.9606
-0.0039044456 -86.3613
-0.0039042456 -87.5608
-0.0039040456 -85.5617
-0.0039038456 -85.1618
-0.0039036456 -85.1618
-0.0039034456 -85.1618
-0.0039032456 -88.3604
-0.0039030456 -83.1627
-0.0039028456 -83.5626
-0.0039026456 -83.9624
-0.0039024456 -85.1618
-0.0039022456 -83.9624
-0.0039020456 -83.9624
-0.0039018456 -84.3622
-0.0039016456 -87.5608
-0.0039014456 -84.762
-0.0039012456 -84.3622
-0.0039010456 -85.5617
-0.0039008456 -83.9624
-0.0039006456 -84.3622
-0.0039004456 -84.3622
-0.0039002456 -83.9624
-0.0039000456 -83.1627
-0.0038998456 -83.9624
-0.0038996456 -87.161
-0.0038994456 -85.5617
-0.0038992456 -83.5626
-0.0038990456 -83.9624
-0.0038988456 -85.5617
-0.0038986456 -84.3622
-0.0038984456 -84.762
-0.0038982456 -83.5626
-0.0038980456 -83.5626
-0.0038978456 -83.5626
-0.0038976456 -84.3622
-0.0038974456 -85.1618
-0.0038972456 -84.3622
-0.0038970456 -82.3631
-0.0038968456 -83.5626
-0.0038966456 -83.5626
-0.0038964456 -80.7638
-0.0038962456 -81.5635
-0.0038960456 -83.1627
-0.0038958456 -80.364
-0.0038956456 -82.7629
-0.0038954456 -84.3622
-0.0038952456 -85.1618
-0.0038950456 -82.7629
-0.0038948456 -83.1627
-0.0038946456 -82.7629
-0.0038944456 -83.5626
-0.0038942456 -83.9624
-0.0038940456 -83.1627
-0.0038938456 -80.7638
-0.0038936456 -83.5626
-0.0038934456 -85.5617
-0.0038932456 -84.762
-0.0038930456 -81.5635
-0.0038928456 -82.3631
-0.0038926456 -79.5644
-0.0038924456 -82.3631
-0.0038922456 -84.762
-0.0038920456 -82.3631
-0.0038918456 -81.1636
-0.0038916456 -81.9633
-0.0038914456 -81.9633
-0.0038912456 -82.7629
-0.0038910456 -85.5617
-0.0038908456 -81.1636
-0.0038906456 -80.7638
-0.0038904456 -82.3631
-0.0038902456 -81.1636
-0.0038900456 -83.9624
-0.0038898456 -83.5626
-0.0038896456 -83.1627
-0.0038894456 -85.1618
-0.0038892456 -83.9624
-0.0038890456 -82.3631
-0.0038888456 -83.5626
-0.0038886456 -81.9633
-0.0038884456 -83.9624
-0.0038882456 -81.5635
-0.0038880456 -81.5635
-0.0038878456 -82.3631
-0.0038876456 -83.5626
-0.0038874456 -83.1627
-0.0038872456 -81.1636
-0.0038870456 -83.1627
-0.0038868456 -81.5635
-0.0038866456 -84.762
-0.0038864456 -81.1636
-0.0038862456 -81.9633
-0.0038860456 -80.364
-0.0038858456 -81.9633
-0.0038856456 -81.1636
-0.0038854456 -83.5626
-0.0038852456 -81.1636
-0.0038850456 -81.9633
-0.0038848456 -80.364
-0.0038846456 -82.7629
-0.0038844456 -81.1636
-0.0038842456 -80.7638
-0.0038840456 -81.9633
-0.0038838456 -82.3631
-0.0038836456 -80.7638
-0.0038834456 -79.1645
-0.0038832456 -80.364
-0.0038830456 -79.9642
-0.0038828456 -79.9642
-0.0038826456 -80.7638
-0.0038824456 -80.364
-0.0038822456 -81.9633
-0.0038820456 -80.364
-0.0038818456 -79.9642
-0.0038816456 -80.364
-0.0038814456 -79.5644
-0.0038812456 -80.364
-0.0038810456 -79.1645
-0.0038808456 -78.7647
-0.0038806456 -77.1654
-0.0038804456 -79.1645
-0.0038802456 -79.5644
-0.0038800456 -79.1645
-0.0038798456 -78.3649
-0.0038796456 -80.364
-0.0038794456 -80.7638
-0.0038792456 -80.7638
-0.0038790456 -79.5644
-0.0038788456 -79.1645
-0.0038786456 -76.3658
-0.0038784456 -78.7647
-0.0038782456 -79.1645
-0.0038780456 -81.1636
-0.0038778456 -78.7647
-0.0038776456 -78.7647
-0.0038774456 -78.7647
-0.0038772456 -80.7638
-0.0038770456 -79.9642
-0.0038768456 -81.1636
-0.0038766456 -78.3649
-0.0038764456 -79.1645
-0.0038762456 -79.1645
-0.0038760456 -77.5653
-0.0038758456 -79.1645
-0.0038756456 -78.7647
-0.0038754456 -77.1654
-0.0038752456 -78.3649
-0.0038750456 -75.1663
-0.0038748456 -77.5653
-0.0038746456 -80.7638
-0.0038744456 -77.5653
-0.0038742456 -77.9651
-0.0038740456 -79.1645
-0.0038738456 -77.1654
-0.0038736456 -77.5653
-0.0038734456 -75.966
-0.0038732456 -77.5653
-0.0038730456 -78.3649
-0.0038728456 -75.5661
-0.0038726456 -75.966
-0.0038724456 -76.3658
-0.0038722456 -77.9651
-0.0038720456 -77.5653
-0.0038718456 -79.1645
-0.0038716456 -77.1654
-0.0038714456 -77.5653
-0.0038712456 -77.5653
-0.0038710456 -74.7665
-0.0038708456 -76.3658
-0.0038706456 -78.7647
-0.0038704456 -75.1663
-0.0038702456 -77.5653
-0.0038700456 -76.3658
-0.0038698456 -76.7656
-0.0038696456 -74.3667
-0.0038694456 -74.7665
-0.0038692456 -78.3649
-0.0038690456 -76.3658
-0.0038688456 -77.5653
-0.0038686456 -73.1672
-0.0038684456 -74.7665
-0.0038682456 -74.3667
-0.0038680456 -75.1663
-0.0038678456 -77.9651
-0.0038676456 -75.966
-0.0038674456 -75.5661
-0.0038672456 -76.3658
-0.0038670456 -76.3658
-0.0038668456 -77.5653
-0.0038666456 -75.966
-0.0038664456 -75.5661
-0.0038662456 -77.1654
-0.0038660456 -75.966
-0.0038658456 -75.1663
-0.0038656456 -75.966
-0.0038654456 -75.1663
-0.0038652456 -77.1654
-0.0038650456 -74.7665
-0.0038648456 -75.5661
-0.0038646456 -76.3658
-0.0038644456 -75.1663
-0.0038642456 -73.9669
-0.0038640456 -73.1672
-0.0038638456 -75.5661
-0.0038636456 -77.5653
-0.0038634456 -76.3658
-0.0038632456 -73.9669
-0.0038630456 -74.3667
-0.0038628456 -75.1663
-0.0038626456 -76.3658
-0.0038624456 -74.3667
-0.0038622456 -74.3667
-0.0038620456 -71.1681
-0.0038618456 -72.7674
-0.0038616456 -73.567
-0.0038614456 -75.5661
-0.0038612456 -75.966
-0.0038610456 -72.7674
-0.0038608456 -73.567
-0.0038606456 -74.7665
-0.0038604456 -74.7665
-0.0038602456 -72.3676
-0.0038600456 -73.9669
-0.0038598456 -73.567
-0.0038596456 -74.3667
-0.0038594456 -73.9669
-0.0038592456 -71.9678
-0.0038590456 -73.1672
-0.0038588456 -74.7665
-0.0038586456 -75.1663
-0.0038584456 -74.3667
-0.0038582456 -71.5679
-0.0038580456 -71.9678
-0.0038578456 -72.3676
-0.0038576456 -71.5679
-0.0038574456 -74.7665
-0.0038572456 -71.5679
-0.0038570456 -70.7683
-0.0038568456 -71.5679
-0.0038566456 -73.1672
-0.0038564456 -70.7683
-0.0038562456 -71.5679
-0.0038560456 -69.5688
-0.0038558456 -70.7683
-0.0038556456 -71.1681
-0.0038554456 -70.7683
-0.0038552456 -71.1681
-0.0038550456 -70.3685
-0.0038548456 -68.3694
-0.0038546456 -69.9687
-0.0038544456 -70.7683
-0.0038542456 -69.5688
-0.0038540456 -69.5688
-0.0038538456 -69.9687
-0.0038536456 -70.7683
-0.0038534456 -69.5688
-0.0038532456 -71.1681
-0.0038530456 -71.9678
-0.0038528456 -71.5679
-0.0038526456 -72.7674
-0.0038524456 -69.5688
-0.0038522456 -70.7683
-0.0038520456 -71.1681
-0.0038518456 -70.3685
-0.0038516456 -69.169
-0.0038514456 -71.1681
-0.0038512456 -69.5688
-0.0038510456 -69.9687
-0.0038508456 -68.7692
-0.0038506456 -65.9704
-0.0038504456 -72.3676
-0.0038502456 -68.3694
-0.0038500456 -71.1681
-0.0038498456 -66.3703
-0.0038496456 -69.169
-0.0038494456 -70.3685
-0.0038492456 -70.7683
-0.0038490456 -67.9695
-0.0038488456 -69.169
-0.0038486456 -68.3694
-0.0038484456 -67.5697
-0.0038482456 -69.5688
-0.0038480456 -69.169
-0.0038478456 -68.3694
-0.0038476456 -69.169
-0.0038474456 -68.3694
-0.0038472456 -69.5688
-0.0038470456 -71.5679
-0.0038468456 -67.5697
-0.0038466456 -67.9695
-0.0038464456 -68.3694
-0.0038462456 -70.7683
-0.0038460456 -67.5697
-0.0038458456 -68.7692
-0.0038456456 -68.7692
-0.0038454456 -67.9695
-0.0038452456 -68.3694
-0.0038450456 -67.1699
-0.0038448456 -65.9704
-0.0038446456 -68.3694
-0.0038444456 -68.3694
-0.0038442456 -68.3694
-0.0038440456 -67.5697
-0.0038438456 -69.169
-0.0038436456 -65.9704
-0.0038434456 -68.3694
-0.0038432456 -65.1708
-0.0038430456 -67.5697
-0.0038428456 -68.3694
-0.0038426456 -66.3703
-0.0038424456 -68.7692
-0.0038422456 -67.1699
-0.0038420456 -69.169
-0.0038418456 -66.3703
-0.0038416456 -65.9704
-0.0038414456 -66.3703
-0.0038412456 -67.5697
-0.0038410456 -66.7701
-0.0038408456 -67.5697
-0.0038406456 -65.9704
-0.0038404456 -67.5697
-0.0038402456 -66.7701
-0.0038400456 -67.5697
-0.0038398456 -64.771
-0.0038396456 -67.5697
-0.0038394456 -65.5706
-0.0038392456 -67.5697
-0.0038390456 -64.771
-0.0038388456 -67.1699
-0.0038386456 -65.9704
-0.0038384456 -64.771
-0.0038382456 -65.9704
-0.0038380456 -66.3703
-0.0038378456 -68.7692
-0.0038376456 -66.3703
-0.0038374456 -64.771
-0.0038372456 -67.5697
-0.0038370456 -65.9704
-0.0038368456 -63.5715
-0.0038366456 -65.1708
-0.0038364456 -63.9713
-0.0038362456 -64.771
-0.0038360456 -63.9713
-0.0038358456 -62.7719
-0.0038356456 -63.1717
-0.0038354456 -62.3721
-0.0038352456 -62.7719
-0.0038350456 -67.1699
-0.0038348456 -66.7701
-0.0038346456 -64.3712
-0.0038344456 -63.9713
-0.0038342456 -63.1717
-0.0038340456 -61.9722
-0.0038338456 -64.3712
-0.0038336456 -65.5706
-0.0038334456 -64.771
-0.0038332456 -65.5706
-0.0038330456 -64.3712
-0.0038328456 -63.5715
-0.0038326456 -61.9722
-0.0038324456 -63.1717
-0.0038322456 -61.5724
-0.0038320456 -61.5724
-0.0038318456 -64.3712
-0.0038316456 -63.9713
-0.0038314456 -61.5724
-0.0038312456 -63.1717
-0.0038310456 -60.7728
-0.0038308456 -59.9731
-0.0038306456 -61.9722
-0.0038304456 -60.373
-0.0038302456 -60.7728
-0.0038300456 -60.7728
-0.0038298456 -59.9731
-0.0038296456 -60.373
-0.0038294456 -61.5724
-0.0038292456 -61.9722
-0.0038290456 -60.373
-0.0038288456 -62.3721
-0.0038286456 -60.373
-0.0038284456 -62.7719
-0.0038282456 -64.3712
-0.0038280456 -62.7719
-0.0038278456 -61.1726
-0.0038276456 -59.9731
-0.0038274456 -59.9731
-0.0038272456 -62.3721
-0.0038270456 -60.373
-0.0038268456 -60.373
-0.0038266456 -63.5715
-0.0038264456 -62.7719
-0.0038262456 -63.5715
-0.0038260456 -62.3721
-0.0038258456 -60.373
-0.0038256456 -61.5724
-0.0038254456 -59.1735
-0.0038252456 -58.7737
-0.0038250456 -57.974
-0.0038248456 -61.1726
-0.0038246456 -60.373
-0.0038244456 -62.3721
-0.0038242456 -59.5733
-0.0038240456 -58.7737
-0.0038238456 -59.9731
-0.0038236456 -58.7737
-0.0038234456 -61.1726
-0.0038232456 -57.974
-0.0038230456 -58.3738
-0.0038228456 -59.9731
-0.0038226456 -57.5742
-0.0038224456 -59.5733
-0.0038222456 -60.373
-0.0038220456 -59.1735
-0.0038218456 -59.9731
-0.0038216456 -55.9749
-0.0038214456 -61.1726
-0.0038212456 -56.7746
-0.0038210456 -61.1726
-0.0038208456 -58.3738
-0.0038206456 -57.5742
-0.0038204456 -57.974
-0.0038202456 -56.3747
-0.0038200456 -55.5751
-0.0038198456 -58.7737
-0.0038196456 -57.974
-0.0038194456 -58.3738
-0.0038192456 -59.9731
-0.0038190456 -57.1744
-0.0038188456 -59.1735
-0.0038186456 -58.3738
-0.0038184456 -59.5733
-0.0038182456 -57.1744
-0.0038180456 -60.7728
-0.0038178456 -57.974
-0.0038176456 -58.3738
-0.0038174456 -57.1744
-0.0038172456 -56.3747
-0.0038170456 -57.5742
-0.0038168456 -57.974
-0.0038166456 -55.5751
-0.0038164456 -56.3747
-0.0038162456 -57.5742
-0.0038160456 -55.9749
-0.0038158456 -54.3756
-0.0038156456 -54.7755
-0.0038154456 -57.5742
-0.0038152456 -55.5751
-0.0038150456 -55.9749
-0.0038148456 -54.3756
-0.0038146456 -54.7755
-0.0038144456 -57.5742
-0.0038142456 -56.3747
-0.0038140456 -55.1753
-0.0038138456 -53.9758
-0.0038136456 -56.3747
-0.0038134456 -49.178
-0.0038132456 -55.1753
-0.0038130456 -55.1753
-0.0038128456 -55.9749
-0.0038126456 -55.5751
-0.0038124456 -55.5751
-0.0038122456 -54.3756
-0.0038120456 -54.3756
-0.0038118456 -56.3747
-0.0038116456 -53.576
-0.0038114456 -52.7764
-0.0038112456 -55.1753
-0.0038110456 -53.9758
-0.0038108456 -51.9767
-0.0038106456 -54.7755
-0.0038104456 -54.7755
-0.0038102456 -54.7755
-0.0038100456 -53.576
-0.0038098456 -55.9749
-0.0038096456 -54.3756
-0.0038094456 -53.1762
-0.0038092456 -52.7764
-0.0038090456 -51.9767
-0.0038088456 -51.1771
-0.0038086456 -53.576
-0.0038084456 -54.7755
-0.0038082456 -54.7755
-0.0038080456 -54.7755
-0.0038078456 -51.1771
-0.0038076456 -50.7773
-0.0038074456 -55.1753
-0.0038072456 -51.9767
-0.0038070456 -50.7773
-0.0038068456 -51.5769
-0.0038066456 -52.3765
-0.0038064456 -51.9767
-0.0038062456 -53.1762
-0.0038060456 -52.7764
-0.0038058456 -52.3765
-0.0038056456 -54.7755
-0.0038054456 -51.9767
-0.0038052456 -51.1771
-0.0038050456 -48.7781
-0.0038048456 -51.5769
-0.0038046456 -50.3774
-0.0038044456 -52.7764
-0.0038042456 -49.9776
-0.0038040456 -49.9776
-0.0038038456 -51.1771
-0.0038036456 -48.7781
-0.0038034456 -53.576
-0.0038032456 -50.7773
-0.0038030456 -50.3774
-0.0038028456 -50.3774
-0.0038026456 -52.7764
-0.0038024456 -51.9767
-0.0038022456 -50.3774
-0.0038020456 -48.3783
-0.0038018456 -49.178
-0.0038016456 -49.178
-0.0038014456 -47.1789
-0.0038012456 -49.178
-0.0038010456 -46.779
-0.0038008456 -48.3783
-0.0038006456 -50.3774
-0.0038004456 -46.3792
-0.0038002456 -50.7773
-0.0038000456 -48.3783
-0.0037998456 -49.9776
-0.0037996456 -48.3783
-0.0037994456 -49.9776
-0.0037992456 -48.7781
-0.0037990456 -47.1789
-0.0037988456 -47.9785
-0.0037986456 -46.779
-0.0037984456 -50.3774
-0.0037982456 -49.9776
-0.0037980456 -51.1771
-0.0037978456 -47.5787
-0.0037976456 -51.5769
-0.0037974456 -45.5796
-0.0037972456 -48.7781
-0.0037970456 -47.9785
-0.0037968456 -48.3783
-0.0037966456 -49.178
-0.0037964456 -48.7781
-0.0037962456 -45.1798
-0.0037960456 -43.5805
-0.0037958456 -47.9785
-0.0037956456 -46.3792
-0.0037954456 -49.178
-0.0037952456 -45.9794
-0.0037950456 -46.3792
-0.0037948456 -46.779
-0.0037946456 -47.5787
-0.0037944456 -47.1789
-0.0037942456 -45.9794
-0.0037940456 -45.5796
-0.0037938456 -45.1798
-0.0037936456 -45.9794
-0.0037934456 -47.1789
-0.0037932456 -44.3801
-0.0037930456 -45.1798
-0.0037928456 -45.5796
-0.0037926456 -46.3792
-0.0037924456 -45.5796
-0.0037922456 -45.9794
-0.0037920456 -43.9803
-0.0037918456 -45.1798
-0.0037916456 -43.1807
-0.0037914456 -45.1798
-0.0037912456 -46.779
-0.0037910456 -45.1798
-0.0037908456 -43.9803
-0.0037906456 -45.5796
-0.0037904456 -44.7799
-0.0037902456 -44.3801
-0.0037900456 -41.9812
-0.0037898456 -44.3801
-0.0037896456 -45.1798
-0.0037894456 -44.3801
-0.0037892456 -42.7808
-0.0037890456 -43.9803
-0.0037888456 -45.9794
-0.0037886456 -44.7799
-0.0037884456 -43.1807
-0.0037882456 -44.3801
-0.0037880456 -43.5805
-0.0037878456 -42.7808
-0.0037876456 -43.5805
-0.0037874456 -43.1807
-0.0037872456 -43.9803
-0.0037870456 -45.5796
-0.0037868456 -42.7808
-0.0037866456 -44.7799
-0.0037864456 -42.7808
-0.0037862456 -43.5805
-0.0037860456 -43.9803
-0.0037858456 -41.9812
-0.0037856456 -45.1798
-0.0037854456 -42.7808
-0.0037852456 -44.7799
-0.0037850456 -43.5805
-0.0037848456 -44.3801
-0.0037846456 -42.381
-0.0037844456 -39.5823
-0.0037842456 -42.381
-0.0037840456 -41.1816
-0.0037838456 -41.9812
-0.0037836456 -40.7817
-0.0037834456 -43.9803
-0.0037832456 -41.5814
-0.0037830456 -39.1824
-0.0037828456 -44.3801
-0.0037826456 -42.7808
-0.0037824456 -43.1807
-0.0037822456 -43.1807
-0.0037820456 -41.1816
-0.0037818456 -43.1807
-0.0037816456 -44.7799
-0.0037814456 -41.5814
-0.0037812456 -43.9803
-0.0037810456 -41.5814
-0.0037808456 -43.9803
-0.0037806456 -44.7799
-0.0037804456 -39.1824
-0.0037802456 -39.9821
-0.0037800456 -43.1807
-0.0037798456 -40.7817
-0.0037796456 -41.5814
-0.0037794456 -39.5823
-0.0037792456 -41.1816
-0.0037790456 -42.381
-0.0037788456 -40.7817
-0.0037786456 -41.1816
-0.0037784456 -42.7808
-0.0037782456 -40.7817
-0.0037780456 -41.5814
-0.0037778456 -39.5823
-0.0037776456 -37.5832
-0.0037774456 -37.5832
-0.0037772456 -43.5805
-0.0037770456 -41.9812
-0.0037768456 -41.5814
-0.0037766456 -40.3819
-0.0037764456 -39.5823
-0.0037762456 -39.9821
-0.0037760456 -41.5814
-0.0037758456 -37.1833
-0.0037756456 -41.1816
-0.0037754456 -39.9821
-0.0037752456 -40.3819
-0.0037750456 -41.5814
-0.0037748456 -39.9821
-0.0037746456 -39.9821
-0.0037744456 -39.5823
-0.0037742456 -41.9812
-0.0037740456 -39.9821
-0.0037738456 -38.3828
-0.0037736456 -38.7826
-0.0037734456 -37.5832
-0.0037732456 -37.983
-0.0037730456 -37.1833
-0.0037728456 -39.1824
-0.0037726456 -40.7817
-0.0037724456 -38.3828
-0.0037722456 -40.3819
-0.0037720456 -39.9821
-0.0037718456 -36.7835
-0.0037716456 -37.1833
-0.0037714456 -35.9839
-0.0037712456 -37.1833
-0.0037710456 -39.1824
-0.0037708456 -35.5841
-0.0037706456 -36.3837
-0.0037704456 -39.5823
-0.0037702456 -36.3837
-0.0037700456 -36.7835
-0.0037698456 -37.5832
-0.0037696456 -37.983
-0.0037694456 -38.3828
-0.0037692456 -37.5832
-0.0037690456 -35.5841
-0.0037688456 -36.7835
-0.0037686456 -35.9839
-0.0037684456 -38.3828
-0.0037682456 -39.5823
-0.0037680456 -34.3846
-0.0037678456 -37.983
-0.0037676456 -35.9839
-0.0037674456 -36.3837
-0.0037672456 -37.5832
-0.0037670456 -37.1833
-0.0037668456 -38.3828
-0.0037666456 -36.3837
-0.0037664456 -39.1824
-0.0037662456 -37.1833
-0.0037660456 -37.1833
-0.0037658456 -34.7844
-0.0037656456 -34.3846
-0.0037654456 -36.3837
-0.0037652456 -35.9839
-0.0037650456 -36.3837
-0.0037648456 -35.5841
-0.0037646456 -35.9839
-0.0037644456 -35.9839
-0.0037642456 -34.3846
-0.0037640456 -35.9839
-0.0037638456 -34.3846
-0.0037636456 -33.585
-0.0037634456 -34.7844
-0.0037632456 -35.1842
-0.0037630456 -35.1842
-0.0037628456 -35.5841
-0.0037626456 -35.5841
-0.0037624456 -34.3846
-0.0037622456 -35.9839
-0.0037620456 -35.9839
-0.0037618456 -37.5832
-0.0037616456 -34.3846
-0.0037614456 -35.1842
-0.0037612456 -32.7853
-0.0037610456 -34.3846
-0.0037608456 -33.9848
-0.0037606456 -33.9848
-0.0037604456 -37.1833
-0.0037602456 -31.9857
-0.0037600456 -31.9857
-0.0037598456 -35.5841
-0.0037596456 -35.5841
-0.0037594456 -32.3855
-0.0037592456 -31.9857
-0.0037590456 -33.9848
-0.0037588456 -31.186
-0.0037586456 -35.1842
-0.0037584456 -32.3855
-0.0037582456 -30.7862
-0.0037580456 -32.7853
-0.0037578456 -30.3864
-0.0037576456 -33.1851
-0.0037574456 -34.3846
-0.0037572456 -32.7853
-0.0037570456 -30.3864
-0.0037568456 -32.3855
-0.0037566456 -31.186
-0.0037564456 -31.9857
-0.0037562456 -30.7862
-0.0037560456 -31.5858
-0.0037558456 -32.7853
-0.0037556456 -29.5867
-0.0037554456 -31.5858
-0.0037552456 -29.9866
-0.0037550456 -30.7862
-0.0037548456 -33.585
-0.0037546456 -29.9866
-0.0037544456 -29.9866
-0.0037542456 -30.7862
-0.0037540456 -32.3855
-0.0037538456 -30.3864
-0.0037536456 -31.5858
-0.0037534456 -30.7862
-0.0037532456 -30.3864
-0.0037530456 -30.7862
-0.0037528456 -33.1851
-0.0037526456 -30.3864
-0.0037524456 -31.9857
-0.0037522456 -30.7862
-0.0037520456 -32.3855
-0.0037518456 -32.7853
-0.0037516456 -31.9857
-0.0037514456 -32.7853
-0.0037512456 -29.5867
-0.0037510456 -30.3864
-0.0037508456 -33.1851
-0.0037506456 -29.1869
-0.0037504456 -30.3864
-0.0037502456 -29.5867
-0.0037500456 -29.5867
-0.0037498456 -30.3864
-0.0037496456 -30.3864
-0.0037494456 -29.1869
-0.0037492456 -29.5867
-0.0037490456 -31.186
-0.0037488456 -29.1869
-0.0037486456 -30.3864
-0.0037484456 -30.3864
-0.0037482456 -28.3873
-0.0037480456 -28.7871
-0.0037478456 -29.9866
-0.0037476456 -28.3873
-0.0037474456 -30.3864
-0.0037472456 -27.1878
-0.0037470456 -30.3864
-0.0037468456 -30.7862
-0.0037466456 -27.5876
-0.0037464456 -24.3891
-0.0037462456 -28.7871
-0.0037460456 -29.1869
-0.0037458456 -27.9875
-0.0037456456 -29.5867
-0.0037454456 -28.7871
-0.0037452456 -29.9866
-0.0037450456 -27.1878
-0.0037448456 -27.5876
-0.0037446456 -28.3873
-0.0037444456 -26.3882
-0.0037442456 -28.3873
-0.0037440456 -26.788
-0.0037438456 -26.3882
-0.0037436456 -26.788
-0.0037434456 -25.9884
-0.0037432456 -29.1869
-0.0037430456 -27.5876
-0.0037428456 -27.5876
-0.0037426456 -26.3882
-0.0037424456 -29.9866
-0.0037422456 -27.5876
-0.0037420456 -25.5885
-0.0037418456 -27.9875
-0.0037416456 -25.9884
-0.0037414456 -26.788
-0.0037412456 -27.9875
-0.0037410456 -24.3891
-0.0037408456 -27.1878
-0.0037406456 -27.5876
-0.0037404456 -27.9875
-0.0037402456 -27.1878
-0.0037400456 -26.3882
-0.0037398456 -26.3882
-0.0037396456 -25.1887
-0.0037394456 -27.1878
-0.0037392456 -25.9884
-0.0037390456 -23.9893
-0.0037388456 -24.3891
-0.0037386456 -27.1878
-0.0037384456 -23.9893
-0.0037382456 -27.9875
-0.0037380456 -24.3891
-0.0037378456 -25.1887
-0.0037376456 -27.5876
-0.0037374456 -22.7898
-0.0037372456 -25.5885
-0.0037370456 -25.5885
-0.0037368456 -26.3882
-0.0037366456 -22.7898
-0.0037364456 -25.9884
-0.0037362456 -25.1887
-0.0037360456 -25.5885
-0.0037358456 -25.1887
-0.0037356456 -25.9884
-0.0037354456 -24.3891
-0.0037352456 -25.5885
-0.0037350456 -22.39
-0.0037348456 -21.5903
-0.0037346456 -24.7889
-0.0037344456 -23.5894
-0.0037342456 -23.5894
-0.0037340456 -23.9893
-0.0037338456 -21.9901
-0.0037336456 -22.39
-0.0037334456 -24.3891
-0.0037332456 -23.9893
-0.0037330456 -17.1923
-0.0037328456 -23.9893
-0.0037326456 -22.39
-0.0037324456 -19.1914
-0.0037322456 -23.9893
-0.0037320456 -21.9901
-0.0037318456 -21.9901
-0.0037316456 -21.5903
-0.0037314456 -24.7889
-0.0037312456 -21.1905
-0.0037310456 -23.5894
-0.0037308456 -20.7907
-0.0037306456 -21.1905
-0.0037304456 -17.9919
-0.0037302456 -24.3891
-0.0037300456 -21.1905
-0.0037298456 -21.9901
-0.0037296456 -20.7907
-0.0037294456 -19.5912
-0.0037292456 -21.5903
-0.0037290456 -18.3918
-0.0037288456 -19.991
-0.0037286456 -20.7907
-0.0037284456 -22.39
-0.0037282456 -21.1905
-0.0037280456 -19.991
-0.0037278456 -18.3918
-0.0037276456 -17.5921
-0.0037274456 -19.1914
-0.0037272456 -18.3918
-0.0037270456 -18.7916
-0.0037268456 -17.5921
-0.0037266456 -17.9919
-0.0037264456 -19.991
-0.0037262456 -20.3909
-0.0037260456 -17.9919
-0.0037258456 -20.3909
-0.0037256456 -17.9919
-0.0037254456 -19.5912
-0.0037252456 -21.1905
-0.0037250456 -18.7916
-0.0037248456 -17.5921
-0.0037246456 -17.9919
-0.0037244456 -17.9919
-0.0037242456 -17.1923
-0.0037240456 -17.9919
-0.0037238456 -15.593
-0.0037236456 -16.7925
-0.0037234456 -17.5921
-0.0037232456 -14.3936
-0.0037230456 -15.1932
-0.0037228456 -15.593
-0.0037226456 -17.1923
-0.0037224456 -16.7925
-0.0037222456 -17.1923
-0.0037220456 -17.1923
-0.0037218456 -15.9928
-0.0037216456 -15.1932
-0.0037214456 -17.1923
-0.0037212456 -15.9928
-0.0037210456 -13.9937
-0.0037208456 -15.9928
-0.0037206456 -14.7934
-0.0037204456 -19.5912
-0.0037202456 -16.3927
-0.0037200456 -16.3927
-0.0037198456 -15.593
-0.0037196456 -16.3927
-0.0037194456 -15.1932
-0.0037192456 -13.1941
-0.0037190456 -16.3927
-0.0037188456 -17.1923
-0.0037186456 -12.7943
-0.0037184456 -15.9928
-0.0037182456 -15.593
-0.0037180456 -16.7925
-0.0037178456 -15.9928
-0.0037176456 -13.5939
-0.0037174456 -14.7934
-0.0037172456 -17.5921
-0.0037170456 -13.1941
-0.0037168456 -15.9928
-0.0037166456 -14.3936
-0.0037164456 -14.3936
-0.0037162456 -13.5939
-0.0037160456 -14.3936
-0.0037158456 -13.9937
-0.0037156456 -13.1941
-0.0037154456 -15.593
-0.0037152456 -13.5939
-0.0037150456 -11.9946
-0.0037148456 -10.3953
-0.0037146456 -15.593
-0.0037144456 -13.5939
-0.0037142456 -14.7934
-0.0037140456 -14.3936
-0.0037138456 -11.5948
-0.0037136456 -12.3944
-0.0037134456 -12.3944
-0.0037132456 -13.5939
-0.0037130456 -13.5939
-0.0037128456 -15.1932
-0.0037126456 -12.3944
-0.0037124456 -11.9946
-0.0037122456 -13.1941
-0.0037120456 -13.5939
-0.0037118456 -13.5939
-0.0037116456 -10.7952
-0.0037114456 -11.195
-0.0037112456 -12.7943
-0.0037110456 -12.3944
-0.0037108456 -13.5939
-0.0037106456 -13.5939
-0.0037104456 -13.1941
-0.0037102456 -13.1941
-0.0037100456 -10.7952
-0.0037098456 -13.5939
-0.0037096456 -10.7952
-0.0037094456 -13.5939
-0.0037092456 -11.9946
-0.0037090456 -9.99552
-0.0037088456 -11.9946
-0.0037086456 -9.5957
-0.0037084456 -11.9946
-0.0037082456 -11.195
-0.0037080456 -11.9946
-0.0037078456 -9.19588
-0.0037076456 -8.39624
-0.0037074456 -8.79606
-0.0037072456 -7.99642
-0.0037070456 -8.39624
-0.0037068456 -10.3953
-0.0037066456 -9.5957
-0.0037064456 -10.7952
-0.0037062456 -7.5966
-0.0037060456 -10.7952
-0.0037058456 -8.39624
-0.0037056456 -11.5948
-0.0037054456 -11.195
-0.0037052456 -8.39624
-0.0037050456 -11.5948
-0.0037048456 -7.5966
-0.0037046456 -10.7952
-0.0037044456 -9.99552
-0.0037042456 -9.5957
-0.0037040456 -10.7952
-0.0037038456 -9.99552
-0.0037036456 -9.5957
-0.0037034456 -8.39624
-0.0037032456 -8.39624
-0.0037030456 -8.79606
-0.0037028456 -9.99552
-0.0037026456 -7.5966
-0.0037024456 -8.39624
-0.0037022456 -9.99552
-0.0037020456 -7.5966
-0.0037018456 -6.39713
-0.0037016456 -6.79695
-0.0037014456 -6.79695
-0.0037012456 -9.19588
-0.0037010456 -8.79606
-0.0037008456 -8.39624
-0.0037006456 -7.99642
-0.0037004456 -8.39624
-0.0037002456 -7.19678
-0.0037000456 -7.99642
-0.0036998456 -7.19678
-0.0036996456 -7.99642
-0.0036994456 -6.39713
-0.0036992456 -5.19767
-0.0036990456 -4.79785
-0.0036988456 -6.79695
-0.0036986456 -7.5966
-0.0036984456 -7.19678
-0.0036982456 -7.19678
-0.0036980456 -5.99731
-0.0036978456 -7.99642
-0.0036976456 -5.59749
-0.0036974456 -5.19767
-0.0036972456 -7.5966
-0.0036970456 -5.19767
-0.0036968456 -7.5966
-0.0036966456 -5.19767
-0.0036964456 -6.79695
-0.0036962456 -7.19678
-0.0036960456 -5.99731
-0.0036958456 -3.59839
-0.0036956456 -2.39893
-0.0036954456 -6.39713
-0.0036952456 -5.99731
-0.0036950456 -7.19678
-0.0036948456 -4.79785
-0.0036946456 -4.79785
-0.0036944456 -5.19767
-0.0036942456 -3.99821
-0.0036940456 -5.59749
-0.0036938456 -5.19767
-0.0036936456 -5.99731
-0.0036934456 -5.19767
-0.0036932456 -4.79785
-0.0036930456 -3.19857
-0.0036928456 -5.99731
-0.0036926456 -5.99731
-0.0036924456 -2.39893
-0.0036922456 -3.19857
-0.0036920456 -5.19767
-0.0036918456 -2.79875
-0.0036916456 -5.99731
-0.0036914456 -3.19857
-0.0036912456 -1.59928
-0.0036910456 -5.99731
-0.0036908456 -4.39803
-0.0036906456 -2.79875
-0.0036904456 -2.79875
-0.0036902456 -1.9991
-0.0036900456 -1.19946
-0.0036898456 -1.19946
-0.0036896456 -4.39803
-0.0036894456 -1.9991
-0.0036892456 -0.799642
-0.0036890456 -3.59839
-0.0036888456 -1.19946
-0.0036886456 -2.39893
-0.0036884456 -2.39893
-0.0036882456 -0.799642
-0.0036880456 -2.79875
-0.0036878456 -0.399821
-0.0036876456 -3.59839
-0.0036874456 -0.799642
-0.0036872456 -1.59928
-0.0036870456 -2.39893
-0.0036868456 -0.399821
-0.0036866456 -0.399821
-0.0036864456 0.399821
-0.0036862456 -0.799642
-0.0036860456 -1.59928
-0.0036858456 -2.39893
-0.0036856456 -0.399821
-0.0036854456 -2.39893
-0.0036852456 2.79875
-0.0036850456 1.59928
-0.0036848456 -1.19946
-0.0036846456 0.799642
-0.0036844456 -1.9991
-0.0036842456 -0.399821
-0.0036840456 -1.59928
-0.0036838456 -1.9991
-0.0036836456 0
-0.0036834456 2.79875
-0.0036832456 -0.399821
-0.0036830456 0
-0.0036828456 0.799642
-0.0036826456 2.39893
-0.0036824456 0
-0.0036822456 -1.19946
-0.0036820456 1.19946
-0.0036818456 1.19946
-0.0036816456 -0.399821
-0.0036814456 0.799642
-0.0036812456 0.799642
-0.0036810456 -0.799642
-0.0036808456 0.799642
-0.0036806456 2.79875
-0.0036804456 1.19946
-0.0036802456 3.59839
-0.0036800456 0.799642
-0.0036798456 -1.19946
-0.0036796456 1.9991
-0.0036794456 0.399821
-0.0036792456 0.399821
-0.0036790456 1.59928
-0.0036788456 2.79875
-0.0036786456 0.799642
-0.0036784456 0.799642
-0.0036782456 2.39893
-0.0036780456 0.399821
-0.0036778456 4.39803
-0.0036776456 3.19857
-0.0036774456 -0.399821
-0.0036772456 1.9991
-0.0036770456 1.19946
-0.0036768456 -0.399821
-0.0036766456 2.39893
-0.0036764456 4.39803
-0.0036762456 3.19857
-0.0036760456 3.19857
-0.0036758456 1.9991
-0.0036756456 1.59928
-0.0036754456 4.39803
-0.0036752456 2.79875
-0.0036750456 2.79875
-0.0036748456 5.99731
-0.0036746456 1.9991
-0.0036744456 0.799642
-0.0036742456 3.19857
-0.0036740456 3.59839
-0.0036738456 4.39803
-0.0036736456 3.99821
-0.0036734456 5.59749
-0.0036732456 2.39893
-0.0036730456 4.39803
-0.0036728456 3.19857
-0.0036726456 4.79785
-0.0036724456 5.99731
-0.0036722456 2.39893
-0.0036720456 3.19857
-0.0036718456 6.39713
-0.0036716456 1.59928
-0.0036714456 6.39713
-0.0036712456 4.39803
-0.0036710456 5.59749
-0.0036708456 5.99731
-0.0036706456 4.39803
-0.0036704456 4.39803
-0.0036702456 3.59839
-0.0036700456 4.39803
-0.0036698456 5.19767
-0.0036696456 7.99642
-0.0036694456 6.79695
-0.0036692456 7.99642
-0.0036690456 3.19857
-0.0036688456 6.39713
-0.0036686456 6.79695
-0.0036684456 6.79695
-0.0036682456 4.79785
-0.0036680456 7.99642
-0.0036678456 4.79785
-0.0036676456 7.19678
-0.0036674456 5.59749
-0.0036672456 6.39713
-0.0036670456 6.39713
-0.0036668456 8.79606
-0.0036666456 7.19678
-0.0036664456 3.59839
-0.0036662456 8.39624
-0.0036660456 3.99821
-0.0036658456 8.39624
-0.0036656456 9.19588
-0.0036654456 7.5966
-0.0036652456 10.3953
-0.0036650456 8.39624
-0.0036648456 7.19678
-0.0036646456 6.79695
-0.0036644456 7.5966
-0.0036642456 8.79606
-0.0036640456 5.59749
-0.0036638456 7.5966
-0.0036636456 8.39624
-0.0036634456 5.59749
-0.0036632456 9.19588
-0.0036630456 7.5966
-0.0036628456 9.19588
-0.0036626456 7.19678
-0.0036624456 8.39624
-0.0036622456 12.3944
-0.0036620456 9.19588
-0.0036618456 10.3953
-0.0036616456 8.79606
-0.0036614456 6.79695
-0.0036612456 7.5966
-0.0036610456 8.39624
-0.0036608456 8.39624
-0.0036606456 8.39624
-0.0036604456 7.99642
-0.0036602456 8.39624
-0.0036600456 6.79695
-0.0036598456 9.5957
-0.0036596456 11.195
-0.0036594456 9.5957
-0.0036592456 11.195
-0.0036590456 11.5948
-0.0036588456 8.39624
-0.0036586456 10.3953
-0.0036584456 12.7943
-0.0036582456 10.7952
-0.0036580456 13.1941
-0.0036578456 11.9946
-0.0036576456 9.5957
-0.0036574456 11.195
-0.0036572456 11.195
-0.0036570456 12.7943
-0.0036568456 10.3953
-0.0036566456 10.7952
-0.0036564456 13.1941
-0.0036562456 9.99552
-0.0036560456 10.3953
-0.0036558456 11.5948
-0.0036556456 12.3944
-0.0036554456 12.3944
-0.0036552456 12.7943
-0.0036550456 12.7943
-0.0036548456 11.5948
-0.0036546456 11.9946
-0.0036544456 12.3944
-0.0036542456 11.195
-0.0036540456 13.5939
-0.0036538456 12.3944
-0.0036536456 13.5939
-0.0036534456 10.3953
-0.0036532456 15.9928
-0.0036530456 12.7943
-0.0036528456 13.5939
-0.0036526456 14.7934
-0.0036524456 12.3944
-0.0036522456 13.9937
-0.0036520456 13.9937
-0.0036518456 14.3936
-0.0036516456 13.9937
-0.0036514456 16.3927
-0.0036512456 13.5939
-0.0036510456 12.7943
-0.0036508456 16.3927
-0.0036506456 12.3944
-0.0036504456 13.9937
-0.0036502456 13.9937
-0.0036500456 14.3936
-0.0036498456 12.7943
-0.0036496456 14.3936
-0.0036494456 12.3944
-0.0036492456 15.1932
-0.0036490456 15.593
-0.0036488456 13.1941
-0.0036486456 14.3936
-0.0036484456 14.7934
-0.0036482456 15.593
-0.0036480456 13.9937
-0.0036478456 15.593
-0.0036476456 17.1923
-0.0036474456 17.1923
-0.0036472456 17.1923
-0.0036470456 13.9937
-0.0036468456 14.7934
-0.0036466456 13.9937
-0.0036464456 14.3936
-0.0036462456 16.3927
-0.0036460456 15.593
-0.0036458456 15.1932
-0.0036456456 13.1941
-0.0036454456 14.7934
-0.0036452456 16.3927
-0.0036450456 13.5939
-0.0036448456 15.1932
-0.0036446456 17.5921
-0.0036444456 16.3927
-0.0036442456 17.5921
-0.0036440456 17.1923
-0.0036438456 17.9919
-0.0036436456 15.1932
-0.0036434456 17.5921
-0.0036432456 18.3918
-0.0036430456 17.1923
-0.0036428456 17.1923
-0.0036426456 17.9919
-0.0036424456 20.7907
-0.0036422456 17.5921
-0.0036420456 20.7907
-0.0036418456 15.593
-0.0036416456 17.1923
-0.0036414456 17.5921
-0.0036412456 17.9919
-0.0036410456 18.7916
-0.0036408456 16.3927
-0.0036406456 17.9919
-0.0036404456 16.7925
-0.0036402456 19.991
-0.0036400456 16.7925
-0.0036398456 19.991
-0.0036396456 17.5921
-0.0036394456 19.5912
-0.0036392456 17.9919
-0.0036390456 20.7907
-0.0036388456 18.3918
-0.0036386456 19.1914
-0.0036384456 17.9919
-0.0036382456 19.5912
-0.0036380456 19.5912
-0.0036378456 19.1914
-0.0036376456 17.5921
-0.0036374456 21.9901
-0.0036372456 19.5912
-0.0036370456 17.5921
-0.0036368456 18.3918
-0.0036366456 18.3918
-0.0036364456 16.7925
-0.0036362456 17.9919
-0.0036360456 19.991
-0.0036358456 17.9919
-0.0036356456 20.3909
-0.0036354456 18.7916
-0.0036352456 17.9919
-0.0036350456 19.991
-0.0036348456 19.1914
-0.0036346456 21.5903
-0.0036344456 21.9901
-0.0036342456 20.3909
-0.0036340456 19.991
-0.0036338456 18.7916
-0.0036336456 17.5921
-0.0036334456 22.39
-0.0036332456 20.3909
-0.0036330456 20.3909
-0.0036328456 21.9901
-0.0036326456 19.991
-0.0036324456 22.39
-0.0036322456 22.7898
-0.0036320456 21.5903
-0.0036318456 21.1905
-0.0036316456 21.1905
-0.0036314456 23.1896
-0.0036312456 22.39
-0.0036310456 23.1896
-0.0036308456 21.1905
-0.0036306456 20.3909
-0.0036304456 21.1905
-0.0036302456 19.5912
-0.0036300456 20.7907
-0.0036298456 20.3909
-0.0036296456 21.1905
-0.0036294456 23.1896
-0.0036292456 22.7898
-0.0036290456 23.1896
-0.0036288456 21.9901
-0.0036286456 23.1896
-0.0036284456 24.3891
-0.0036282456 23.5894
-0.0036280456 21.9901
-0.0036278456 22.7898
-0.0036276456 23.5894
-0.0036274456 22.7898
-0.0036272456 24.3891
-0.0036270456 23.9893
-0.0036268456 23.5894
-0.0036266456 20.7907
-0.0036264456 25.1887
-0.0036262456 23.5894
-0.0036260456 24.3891
-0.0036258456 21.9901
-0.0036256456 24.7889
-0.0036254456 25.5885
-0.0036252456 23.1896
-0.0036250456 24.7889
-0.0036248456 23.5894
-0.0036246456 25.9884
-0.0036244456 23.5894
-0.0036242456 23.5894
-0.0036240456 25.9884
-0.0036238456 27.1878
-0.0036236456 24.7889
-0.0036234456 25.5885
-0.0036232456 26.788
-0.0036230456 25.5885
-0.0036228456 27.1878
-0.0036226456 27.5876
-0.0036224456 25.9884
-0.0036222456 22.7898
-0.0036220456 27.5876
-0.0036218456 27.1878
-0.0036216456 27.1878
-0.0036214456 27.1878
-0.0036212456 27.1878
-0.0036210456 23.1896
-0.0036208456 25.5885
-0.0036206456 28.3873
-0.0036204456 27.9875
-0.0036202456 23.9893
-0.0036200456 27.9875
-0.0036198456 27.5876
-0.0036196456 26.788
-0.0036194456 24.3891
-0.0036192456 25.9884
-0.0036190456 27.9875
-0.0036188456 23.9893
-0.0036186456 27.9875
-0.0036184456 26.3882
-0.0036182456 27.1878
-0.0036180456 27.1878
-0.0036178456 29.5867
-0.0036176456 27.9875
-0.0036174456 28.7871
-0.0036172456 27.1878
-0.0036170456 28.7871
-0.0036168456 29.1869
-0.0036166456 28.7871
-0.0036164456 29.5867
-0.0036162456 28.3873
-0.0036160456 27.5876
-0.0036158456 29.9866
-0.0036156456 28.3873
-0.0036154456 27.5876
-0.0036152456 31.5858
-0.0036150456 29.1869
-0.0036148456 29.5867
-0.0036146456 27.1878
-0.0036144456 29.1869
-0.0036142456 29.5867
-0.0036140456 29.1869
-0.0036138456 30.7862
-0.0036136456 29.5867
-0.0036134456 29.1869
-0.0036132456 27.5876
-0.0036130456 28.7871
-0.0036128456 27.1878
-0.0036126456 28.7871
-0.0036124456 29.5867
-0.0036122456 30.3864
-0.0036120456 29.9866
-0.0036118456 30.3864
-0.0036116456 31.186
-0.0036114456 30.7862
-0.0036112456 30.7862
-0.0036110456 32.3855
-0.0036108456 29.9866
-0.0036106456 31.186
-0.0036104456 33.1851
-0.0036102456 29.5867
-0.0036100456 30.7862
-0.0036098456 31.5858
-0.0036096456 33.1851
-0.0036094456 30.7862
-0.0036092456 29.5867
-0.0036090456 31.186
-0.0036088456 34.7844
-0.0036086456 29.9866
-0.0036084456 31.9857
-0.0036082456 32.7853
-0.0036080456 34.7844
-0.0036078456 32.7853
-0.0036076456 35.9839
-0.0036074456 33.1851
-0.0036072456 33.9848
-0.0036070456 32.7853
-0.0036068456 32.3855
-0.0036066456 32.3855
-0.0036064456 33.585
-0.0036062456 34.3846
-0.0036060456 31.9857
-0.0036058456 33.585
-0.0036056456 34.7844
-0.0036054456 32.3855
-0.0036052456 34.3846
-0.0036050456 34.3846
-0.0036048456 34.3846
-0.0036046456 35.1842
-0.0036044456 33.9848
-0.0036042456 35.5841
-0.0036040456 33.9848
-0.0036038456 31.186
-0.0036036456 31.9857
-0.0036034456 34.3846
-0.0036032456 34.7844
-0.0036030456 33.585
-0.0036028456 35.1842
-0.0036026456 32.7853
-0.0036024456 31.186
-0.0036022456 33.585
-0.0036020456 33.1851
-0.0036018456 35.5841
-0.0036016456 34.3846
-0.0036014456 33.1851
-0.0036012456 31.9857
-0.0036010456 35.5841
-0.0036008456 37.1833
-0.0036006456 34.3846
-0.0036004456 33.585
-0.0036002456 35.9839
-0.0036000456 37.5832
-0.0035998456 38.3828
-0.0035996456 35.1842
-0.0035994456 35.9839
-0.0035992456 36.7835
-0.0035990456 37.1833
-0.0035988456 37.1833
-0.0035986456 35.9839
-0.0035984456 34.3846
-0.0035982456 35.5841
-0.0035980456 35.1842
-0.0035978456 33.9848
-0.0035976456 34.7844
-0.0035974456 38.7826
-0.0035972456 37.983
-0.0035970456 36.7835
-0.0035968456 35.5841
-0.0035966456 39.1824
-0.0035964456 36.3837
-0.0035962456 40.3819
-0.0035960456 37.5832
-0.0035958456 37.5832
-0.0035956456 36.3837
-0.0035954456 34.3846
-0.0035952456 38.3828
-0.0035950456 35.1842
-0.0035948456 36.3837
-0.0035946456 39.5823
-0.0035944456 36.3837
-0.0035942456 37.983
-0.0035940456 37.5832
-0.0035938456 36.3837
-0.0035936456 35.5841
-0.0035934456 37.983
-0.0035932456 36.3837
-0.0035930456 37.5832
-0.0035928456 39.1824
-0.0035926456 39.1824
-0.0035924456 37.5832
-0.0035922456 38.7826
-0.0035920456 39.5823
-0.0035918456 37.5832
-0.0035916456 37.5832
-0.0035914456 37.5832
-0.0035912456 37.983
-0.0035910456 39.9821
-0.0035908456 39.1824
-0.0035906456 37.5832
-0.0035904456 39.9821
-0.0035902456 37.983
-0.0035900456 41.1816
-0.0035898456 39.9821
-0.0035896456 41.1816
-0.0035894456 37.5832
-0.0035892456 38.3828
-0.0035890456 39.9821
-0.0035888456 36.3837
-0.0035886456 40.3819
-0.0035884456 37.5832
-0.0035882456 40.7817
-0.0035880456 39.9821
-0.0035878456 39.9821
-0.0035876456 39.1824
-0.0035874456 37.5832
-0.0035872456 40.7817
-0.0035870456 39.5823
-0.0035868456 40.3819
-0.0035866456 39.9821
-0.0035864456 38.7826
-0.0035862456 40.7817
-0.0035860456 39.1824
-0.0035858456 37.983
-0.0035856456 40.3819
-0.0035854456 38.7826
-0.0035852456 41.5814
-0.0035850456 40.7817
-0.0035848456 41.9812
-0.0035846456 39.9821
-0.0035844456 39.9821
-0.0035842456 38.3828
-0.0035840456 41.1816
-0.0035838456 39.1824
-0.0035836456 39.9821
-0.0035834456 39.5823
-0.0035832456 42.7808
-0.0035830456 43.1807
-0.0035828456 42.381
-0.0035826456 40.7817
-0.0035824456 41.1816
-0.0035822456 43.9803
-0.0035820456 41.5814
-0.0035818456 42.7808
-0.0035816456 42.381
-0.0035814456 40.7817
-0.0035812456 43.1807
-0.0035810456 41.9812
-0.0035808456 43.9803
-0.0035806456 41.1816
-0.0035804456 42.381
-0.0035802456 41.5814
-0.0035800456 42.7808
-0.0035798456 40.7817
-0.0035796456 43.5805
-0.0035794456 43.5805
-0.0035792456 42.381
-0.0035790456 42.381
-0.0035788456 41.9812
-0.0035786456 40.7817
-0.0035784456 43.5805
-0.0035782456 44.3801
-0.0035780456 42.381
-0.0035778456 40.7817
-0.0035776456 43.1807
-0.0035774456 40.7817
-0.0035772456 43.5805
-0.0035770456 42.7808
-0.0035768456 43.5805
-0.0035766456 45.5796
-0.0035764456 44.7799
-0.0035762456 45.1798
-0.0035760456 41.5814
-0.0035758456 41.5814
-0.0035756456 43.1807
-0.0035754456 45.9794
-0.0035752456 43.9803
-0.0035750456 42.7808
-0.0035748456 43.5805
-0.0035746456 42.7808
-0.0035744456 43.1807
-0.0035742456 45.9794
-0.0035740456 43.9803
-0.0035738456 44.7799
-0.0035736456 42.381
-0.0035734456 43.9803
-0.0035732456 43.1807
-0.0035730456 42.381
-0.0035728456 43.1807
-0.0035726456 43.5805
-0.0035724456 45.9794
-0.0035722456 43.5805
-0.0035720456 42.7808
-0.0035718456 45.5796
-0.0035716456 43.9803
-0.0035714456 42.7808
-0.0035712456 46.3792
-0.0035710456 45.5796
-0.0035708456 45.1798
-0.0035706456 41.9812
-0.0035704456 45.5796
-0.0035702456 45.5796
-0.0035700456 43.9803
-0.0035698456 44.7799
-0.0035696456 47.5787
-0.0035694456 47.5787
-0.0035692456 44.3801
-0.0035690456 46.779
-0.0035688456 45.5796
-0.0035686456 43.5805
-0.0035684456 45.9794
-0.0035682456 45.9794
-0.0035680456 49.178
-0.0035678456 45.9794
-0.0035676456 46.779
-0.0035674456 45.9794
-0.0035672456 45.1798
-0.0035670456 46.3792
-0.0035668456 43.9803
-0.0035666456 47.5787
-0.0035664456 49.178
-0.0035662456 45.9794
-0.0035660456 44.3801
-0.0035658456 44.7799
-0.0035656456 44.7799
-0.0035654456 45.5796
-0.0035652456 46.3792
-0.0035650456 46.3792
-0.0035648456 44.7799
-0.0035646456 43.9803
-0.0035644456 48.7781
-0.0035642456 47.1789
-0.0035640456 47.1789
-0.0035638456 45.5796
-0.0035636456 48.7781
-0.0035634456 45.5796
-0.0035632456 47.1789
-0.0035630456 46.3792
-0.0035628456 48.3783
-0.0035626456 46.3792
-0.0035624456 50.3774
-0.0035622456 48.7781
-0.0035620456 45.1798
-0.0035618456 50.3774
-0.0035616456 45.9794
-0.0035614456 49.178
-0.0035612456 46.3792
-0.0035610456 48.3783
-0.0035608456 49.9776
-0.0035606456 45.9794
-0.0035604456 50.7773
-0.0035602456 45.9794
-0.0035600456 50.3774
-0.0035598456 49.5778
-0.0035596456 49.178
-0.0035594456 49.178
-0.0035592456 47.9785
-0.0035590456 50.3774
-0.0035588456 49.9776
-0.0035586456 51.1771
-0.0035584456 49.5778
-0.0035582456 50.7773
-0.0035580456 47.9785
-0.0035578456 49.9776
-0.0035576456 50.3774
-0.0035574456 51.1771
-0.0035572456 47.5787
-0.0035570456 48.3783
-0.0035568456 49.5778
-0.0035566456 49.178
-0.0035564456 49.5778
-0.0035562456 49.5778
-0.0035560456 48.3783
-0.0035558456 48.7781
-0.0035556456 51.5769
-0.0035554456 50.3774
-0.0035552456 51.1771
-0.0035550456 47.1789
-0.0035548456 49.178
-0.0035546456 49.5778
-0.0035544456 48.3783
-0.0035542456 47.1789
-0.0035540456 51.1771
-0.0035538456 47.9785
-0.0035536456 52.7764
-0.0035534456 49.9776
-0.0035532456 51.9767
-0.0035530456 49.9776
-0.0035528456 49.178
-0.0035526456 53.1762
-0.0035524456 50.7773
-0.0035522456 54.7755
-0.0035520456 52.3765
-0.0035518456 51.9767
-0.0035516456 52.7764
-0.0035514456 52.7764
-0.0035512456 51.9767
-0.0035510456 53.576
-0.0035508456 52.7764
-0.0035506456 51.9767
-0.0035504456 53.1762
-0.0035502456 52.3765
-0.0035500456 52.7764
-0.0035498456 53.1762
-0.0035496456 54.3756
-0.0035494456 51.9767
-0.0035492456 53.1762
-0.0035490456 51.9767
-0.0035488456 54.7755
-0.0035486456 48.7781
-0.0035484456 48.3783
-0.0035482456 53.9758
-0.0035480456 54.7755
-0.0035478456 54.7755
-0.0035476456 53.9758
-0.0035474456 55.5751
-0.0035472456 51.9767
-0.0035470456 52.7764
-0.0035468456 55.1753
-0.0035466456 51.5769
-0.0035464456 53.576
-0.0035462456 55.9749
-0.0035460456 53.1762
-0.0035458456 53.9758
-0.0035456456 52.7764
-0.0035454456 55.5751
-0.0035452456 55.1753
-0.0035450456 53.576
-0.0035448456 54.3756
-0.0035446456 53.9758
-0.0035444456 53.1762
-0.0035442456 53.1762
-0.0035440456 54.3756
-0.0035438456 52.3765
-0.0035436456 52.3765
-0.0035434456 54.3756
-0.0035432456 55.1753
-0.0035430456 54.7755
-0.0035428456 53.1762
-0.0035426456 54.7755
-0.0035424456 55.9749
-0.0035422456 57.974
-0.0035420456 56.3747
-0.0035418456 55.9749
-0.0035416456 55.9749
-0.0035414456 55.1753
-0.0035412456 55.1753
-0.0035410456 54.3756
-0.0035408456 52.7764
-0.0035406456 55.9749
-0.0035404456 54.7755
-0.0035402456 57.1744
-0.0035400456 55.1753
-0.0035398456 55.9749
-0.0035396456 57.5742
-0.0035394456 57.5742
-0.0035392456 56.3747
-0.0035390456 56.3747
-0.0035388456 54.7755
-0.0035386456 53.1762
-0.0035384456 54.3756
-0.0035382456 55.5751
-0.0035380456 55.5751
-0.0035378456 55.1753
-0.0035376456 55.5751
-0.0035374456 57.1744
-0.0035372456 57.1744
-0.0035370456 57.974
-0.0035368456 57.5742
-0.0035366456 55.9749
-0.0035364456 55.9749
-0.0035362456 57.5742
-0.0035360456 56.3747
-0.0035358456 57.974
-0.0035356456 57.5742
-0.0035354456 56.3747
-0.0035352456 59.5733
-0.0035350456 58.7737
-0.0035348456 57.1744
-0.0035346456 53.576
-0.0035344456 55.1753
-0.0035342456 55.1753
-0.0035340456 57.974
-0.0035338456 57.974
-0.0035336456 57.1744
-0.0035334456 58.3738
-0.0035332456 57.1744
-0.0035330456 57.974
-0.0035328456 58.7737
-0.0035326456 55.1753
-0.0035324456 58.3738
-0.0035322456 57.974
-0.0035320456 57.1744
-0.0035318456 58.3738
-0.0035316456 59.5733
-0.0035314456 58.3738
-0.0035312456 55.5751
-0.0035310456 56.3747
-0.0035308456 55.5751
-0.0035306456 59.9731
-0.0035304456 59.1735
-0.0035302456 58.7737
-0.0035300456 58.3738
-0.0035298456 59.1735
-0.0035296456 59.9731
-0.0035294456 55.9749
-0.0035292456 58.7737
-0.0035290456 58.3738
-0.0035288456 56.7746
-0.0035286456 58.7737
-0.0035284456 58.7737
-0.0035282456 57.974
-0.0035280456 57.974
-0.0035278456 58.3738
-0.0035276456 58.3738
-0.0035274456 57.974
-0.0035272456 59.9731
-0.0035270456 58.3738
-0.0035268456 59.9731
-0.0035266456 59.9731
-0.0035264456 57.974
-0.0035262456 60.373
-0.0035260456 61.5724
-0.0035258456 59.5733
-0.0035256456 59.9731
-0.0035254456 60.7728
-0.0035252456 59.5733
-0.0035250456 60.373
-0.0035248456 57.5742
-0.0035246456 60.373
-0.0035244456 61.9722
-0.0035242456 61.9722
-0.0035240456 58.3738
-0.0035238456 59.9731
-0.0035236456 60.373
-0.0035234456 58.3738
-0.0035232456 59.1735
-0.0035230456 60.373
-0.0035228456 59.9731
-0.0035226456 60.7728
-0.0035224456 60.373
-0.0035222456 60.373
-0.0035220456 60.7728
-0.0035218456 61.1726
-0.0035216456 60.373
-0.0035214456 60.7728
-0.0035212456 62.3721
-0.0035210456 63.5715
-0.0035208456 61.9722
-0.0035206456 63.5715
-0.0035204456 61.9722
-0.0035202456 61.9722
-0.0035200456 62.7719
-0.0035198456 61.5724
-0.0035196456 63.9713
-0.0035194456 62.3721
-0.0035192456 63.1717
-0.0035190456 61.5724
-0.0035188456 61.5724
-0.0035186456 62.3721
-0.0035184456 65.1708
-0.0035182456 61.5724
-0.0035180456 63.1717
-0.0035178456 63.5715
-0.0035176456 63.5715
-0.0035174456 62.3721
-0.0035172456 61.5724
-0.0035170456 62.3721
-0.0035168456 61.9722
-0.0035166456 64.3712
-0.0035164456 61.9722
-0.0035162456 64.771
-0.0035160456 63.1717
-0.0035158456 62.7719
-0.0035156456 63.9713
-0.0035154456 60.7728
-0.0035152456 60.7728
-0.0035150456 61.9722
-0.0035148456 63.5715
-0.0035146456 61.9722
-0.0035144456 62.7719
-0.0035142456 62.7719
-0.0035140456 63.1717
-0.0035138456 63.9713
-0.0035136456 61.9722
-0.0035134456 62.3721
-0.0035132456 61.1726
-0.0035130456 65.1708
-0.0035128456 64.771
-0.0035126456 64.771
-0.0035124456 61.9722
-0.0035122456 62.3721
-0.0035120456 64.771
-0.0035118456 62.3721
-0.0035116456 61.5724
-0.0035114456 63.9713
-0.0035112456 61.9722
-0.0035110456 63.1717
-0.0035108456 65.5706
-0.0035106456 61.9722
-0.0035104456 62.3721
-0.0035102456 63.1717
-0.0035100456 65.5706
-0.0035098456 64.3712
-0.0035096456 64.771
-0.0035094456 66.3703
-0.0035092456 65.1708
-0.0035090456 63.9713
-0.0035088456 67.9695
-0.0035086456 63.5715
-0.0035084456 63.1717
-0.0035082456 63.5715
-0.0035080456 66.3703
-0.0035078456 63.5715
-0.0035076456 62.3721
-0.0035074456 65.1708
-0.0035072456 65.1708
-0.0035070456 63.5715
-0.0035068456 65.1708
-0.0035066456 65.5706
-0.0035064456 64.3712
-0.0035062456 63.9713
-0.0035060456 65.9704
-0.0035058456 63.5715
-0.0035056456 63.1717
-0.0035054456 67.5697
-0.0035052456 65.1708
-0.0035050456 63.5715
-0.0035048456 63.9713
-0.0035046456 63.9713
-0.0035044456 66.7701
-0.0035042456 65.5706
-0.0035040456 64.3712
-0.0035038456 65.5706
-0.0035036456 65.9704
-0.0035034456 63.9713
-0.0035032456 66.3703
-0.0035030456 65.5706
-0.0035028456 64.3712
-0.0035026456 63.9713
-0.0035024456 65.1708
-0.0035022456 65.5706
-0.0035020456 67.1699
-0.0035018456 64.3712
-0.0035016456 68.3694
-0.0035014456 66.3703
-0.0035012456 65.5706
-0.0035010456 65.5706
-0.0035008456 64.771
-0.0035006456 67.5697
-0.0035004456 65.1708
-0.0035002456 68.3694
-0.0035000456 66.7701
-0.0034998456 65.1708
-0.0034996456 69.9687
-0.0034994456 64.771
-0.0034992456 68.7692
-0.0034990456 64.771
-0.0034988456 66.7701
-0.0034986456 65.1708
-0.0034984456 66.7701
-0.0034982456 67.1699
-0.0034980456 65.1708
-0.0034978456 68.7692
-0.0034976456 67.9695
-0.0034974456 67.1699
-0.0034972456 69.169
-0.0034970456 70.7683
-0.0034968456 65.1708
-0.0034966456 67.5697
-0.0034964456 67.5697
-0.0034962456 66.7701
-0.0034960456 67.1699
-0.0034958456 68.7692
-0.0034956456 68.3694
-0.0034954456 66.7701
-0.0034952456 69.169
-0.0034950456 66.7701
-0.0034948456 68.3694
-0.0034946456 69.5688
-0.0034944456 68.3694
-0.0034942456 66.7701
-0.0034940456 65.5706
-0.0034938456 69.5688
-0.0034936456 66.7701
-0.0034934456 69.169
-0.0034932456 68.7692
-0.0034930456 69.9687
-0.0034928456 68.3694
-0.0034926456 69.9687
-0.0034924456 67.9695
-0.0034922456 69.9687
-0.0034920456 69.5688
-0.0034918456 70.3685
-0.0034916456 69.9687
-0.0034914456 66.7701
-0.0034912456 68.3694
-0.0034910456 69.169
-0.0034908456 70.3685
-0.0034906456 70.3685
-0.0034904456 69.9687
-0.0034902456 69.5688
-0.0034900456 69.5688
-0.0034898456 71.5679
-0.0034896456 69.5688
-0.0034894456 69.9687
-0.0034892456 70.3685
-0.0034890456 68.7692
-0.0034888456 69.5688
-0.0034886456 71.5679
-0.0034884456 69.9687
-0.0034882456 69.5688
-0.0034880456 68.7692
-0.0034878456 71.1681
-0.0034876456 69.169
-0.0034874456 71.9678
-0.0034872456 69.5688
-0.0034870456 70.3685
-0.0034868456 71.5679
-0.0034866456 73.1672
-0.0034864456 70.7683
-0.0034862456 69.5688
-0.0034860456 70.3685
-0.0034858456 69.9687
-0.0034856456 68.7692
-0.0034854456 71.5679
-0.0034852456 70.7683
-0.0034850456 71.5679
-0.0034848456 71.5679
-0.0034846456 74.3667
-0.0034844456 71.5679
-0.0034842456 70.3685
-0.0034840456 73.1672
-0.0034838456 73.1672
-0.0034836456 74.3667
-0.0034834456 71.9678
-0.0034832456 72.7674
-0.0034830456 69.5688
-0.0034828456 70.3685
-0.0034826456 70.3685
-0.0034824456 71.9678
-0.0034822456 73.567
-0.0034820456 71.5679
-0.0034818456 72.3676
-0.0034816456 71.9678
-0.0034814456 72.7674
-0.0034812456 74.7665
-0.0034810456 70.7683
-0.0034808456 73.567
-0.0034806456 71.5679
-0.0034804456 72.7674
-0.0034802456 70.7683
-0.0034800456 71.9678
-0.0034798456 73.1672
-0.0034796456 75.966
-0.0034794456 73.1672
-0.0034792456 72.3676
-0.0034790456 71.9678
-0.0034788456 73.1672
-0.0034786456 72.3676
-0.0034784456 74.3667
-0.0034782456 72.7674
-0.0034780456 73.9669
-0.0034778456 71.5679
-0.0034776456 76.7656
-0.0034774456 72.3676
-0.0034772456 73.567
-0.0034770456 73.1672
-0.0034768456 73.9669
-0.0034766456 73.9669
-0.0034764456 72.3676
-0.0034762456 73.9669
-0.0034760456 72.7674
-0.0034758456 72.7674
-0.0034756456 73.9669
-0.0034754456 75.5661
-0.0034752456 73.9669
-0.0034750456 73.567
-0.0034748456 74.3667
-0.0034746456 73.9669
-0.0034744456 75.966
-0.0034742456 75.5661
-0.0034740456 72.7674
-0.0034738456 74.3667
-0.0034736456 74.3667
-0.0034734456 73.1672
-0.0034732456 75.1663
-0.0034730456 72.7674
-0.0034728456 73.9669
-0.0034726456 77.5653
-0.0034724456 74.7665
-0.0034722456 74.3667
-0.0034720456 72.3676
-0.0034718456 76.3658
-0.0034716456 75.966
-0.0034714456 76.3658
-0.0034712456 75.966
-0.0034710456 77.1654
-0.0034708456 74.7665
-0.0034706456 74.3667
-0.0034704456 73.567
-0.0034702456 74.3667
-0.0034700456 73.1672
-0.0034698456 77.1654
-0.0034696456 75.966
-0.0034694456 75.1663
-0.0034692456 74.7665
-0.0034690456 75.966
-0.0034688456 75.966
-0.0034686456 75.1663
-0.0034684456 75.1663
-0.0034682456 76.7656
-0.0034680456 75.1663
-0.0034678456 76.7656
-0.0034676456 73.567
-0.0034674456 75.966
-0.0034672456 76.3658
-0.0034670456 74.3667
-0.0034668456 75.1663
-0.0034666456 74.3667
-0.0034664456 78.3649
-0.0034662456 75.5661
-0.0034660456 77.9651
-0.0034658456 75.1663
-0.0034656456 74.3667
-0.0034654456 78.7647
-0.0034652456 78.7647
-0.0034650456 76.7656
-0.0034648456 76.3658
-0.0034646456 77.9651
-0.0034644456 75.5661
-0.0034642456 76.3658
-0.0034640456 77.1654
-0.0034638456 76.3658
-0.0034636456 79.1645
-0.0034634456 77.1654
-0.0034632456 77.1654
-0.0034630456 79.5644
-0.0034628456 75.5661
-0.0034626456 78.7647
-0.0034624456 77.9651
-0.0034622456 75.966
-0.0034620456 76.3658
-0.0034618456 76.3658
-0.0034616456 73.9669
-0.0034614456 78.3649
-0.0034612456 77.5653
-0.0034610456 78.3649
-0.0034608456 79.5644
-0.0034606456 76.7656
-0.0034604456 77.9651
-0.0034602456 79.5644
-0.0034600456 77.5653
-0.0034598456 79.1645
-0.0034596456 76.7656
-0.0034594456 80.364
-0.0034592456 78.7647
-0.0034590456 77.1654
-0.0034588456 75.5661
-0.0034586456 76.3658
-0.0034584456 76.7656
-0.0034582456 77.1654
-0.0034580456 75.1663
-0.0034578456 78.7647
-0.0034576456 77.1654
-0.0034574456 77.9651
-0.0034572456 77.5653
-0.0034570456 79.5644
-0.0034568456 79.1645
-0.0034566456 77.5653
-0.0034564456 79.1645
-0.0034562456 77.9651
-0.0034560456 77.9651
-0.0034558456 77.5653
-0.0034556456 77.9651
-0.0034554456 77.1654
-0.0034552456 77.5653
-0.0034550456 76.3658
-0.0034548456 80.364
-0.0034546456 79.1645
-0.0034544456 78.3649
-0.0034542456 81.5635
-0.0034540456 77.9651
-0.0034538456 79.9642
-0.0034536456 78.3649
-0.0034534456 80.7638
-0.0034532456 79.1645
-0.0034530456 81.9633
-0.0034528456 79.5644
-0.0034526456 76.3658
-0.0034524456 77.1654
-0.0034522456 79.5644
-0.0034520456 76.7656
-0.0034518456 77.9651
-0.0034516456 77.5653
-0.0034514456 77.5653
-0.0034512456 80.364
-0.0034510456 79.1645
-0.0034508456 80.364
-0.0034506456 80.364
-0.0034504456 79.1645
-0.0034502456 77.1654
-0.0034500456 76.3658
-0.0034498456 77.5653
-0.0034496456 77.1654
-0.0034494456 79.1645
-0.0034492456 76.3658
-0.0034490456 78.3649
-0.0034488456 80.364
-0.0034486456 80.7638
-0.0034484456 78.7647
-0.0034482456 78.3649
-0.0034480456 78.7647
-0.0034478456 79.9642
-0.0034476456 78.7647
-0.0034474456 79.9642
-0.0034472456 81.1636
-0.0034470456 78.7647
-0.0034468456 79.9642
-0.0034466456 81.1636
-0.0034464456 77.9651
-0.0034462456 79.9642
-0.0034460456 80.364
-0.0034458456 79.1645
-0.0034456456 79.1645
-0.0034454456 79.5644
-0.0034452456 81.1636
-0.0034450456 81.9633
-0.0034448456 78.3649
-0.0034446456 80.7638
-0.0034444456 80.7638
-0.0034442456 79.5644
-0.0034440456 79.1645
-0.0034438456 78.7647
-0.0034436456 79.9642
-0.0034434456 78.7647
-0.0034432456 81.1636
-0.0034430456 79.5644
-0.0034428456 79.9642
-0.0034426456 80.7638
-0.0034424456 81.1636
-0.0034422456 79.9642
-0.0034420456 83.5626
-0.0034418456 80.364
-0.0034416456 79.1645
-0.0034414456 77.9651
-0.0034412456 83.1627
-0.0034410456 82.7629
-0.0034408456 81.9633
-0.0034406456 79.5644
-0.0034404456 82.3631
-0.0034402456 77.5653
-0.0034400456 79.1645
-0.0034398456 78.7647
-0.0034396456 81.1636
-0.0034394456 81.5635
-0.0034392456 81.9633
-0.0034390456 81.9633
-0.0034388456 81.9633
-0.0034386456 83.1627
-0.0034384456 80.7638
-0.0034382456 83.1627
-0.0034380456 79.9642
-0.0034378456 80.364
-0.0034376456 79.5644
-0.0034374456 80.7638
-0.0034372456 83.9624
-0.0034370456 79.1645
-0.0034368456 82.3631
-0.0034366456 80.7638
-0.0034364456 84.3622
-0.0034362456 79.9642
-0.0034360456 80.7638
-0.0034358456 81.5635
-0.0034356456 83.5626
-0.0034354456 80.7638
-0.0034352456 79.5644
-0.0034350456 79.1645
-0.0034348456 81.9633
-0.0034346456 83.5626
-0.0034344456 83.9624
-0.0034342456 81.9633
-0.0034340456 84.3622
-0.0034338456 81.5635
-0.0034336456 88.3604
-0.0034334456 83.5626
-0.0034332456 81.5635
-0.0034330456 81.1636
-0.0034328456 83.5626
-0.0034326456 81.9633
-0.0034324456 84.3622
-0.0034322456 81.1636
-0.0034320456 83.5626
-0.0034318456 83.9624
-0.0034316456 82.3631
-0.0034314456 83.5626
-0.0034312456 86.3613
-0.0034310456 85.5617
-0.0034308456 82.7629
-0.0034306456 83.1627
-0.0034304456 81.5635
-0.0034302456 83.1627
-0.0034300456 82.7629
-0.0034298456 83.9624
-0.0034296456 81.1636
-0.0034294456 80.364
-0.0034292456 84.3622
-0.0034290456 83.1627
-0.0034288456 85.1618
-0.0034286456 84.3622
-0.0034284456 85.1618
-0.0034282456 86.3613
-0.0034280456 83.1627
-0.0034278456 84.762
-0.0034276456 82.3631
-0.0034274456 83.1627
-0.0034272456 84.3622
-0.0034270456 85.5617
-0.0034268456 83.5626
-0.0034266456 85.5617
-0.0034264456 85.5617
-0.0034262456 83.1627
-0.0034260456 84.762
-0.0034258456 85.5617
-0.0034256456 85.9615
-0.0034254456 84.3622
-0.0034252456 82.7629
-0.0034250456 84.762
-0.0034248456 82.7629
-0.0034246456 80.364
-0.0034244456 84.762
-0.0034242456 84.3622
-0.0034240456 85.5617
-0.0034238456 86.3613
-0.0034236456 85.1618
-0.0034234456 84.762
-0.0034232456 85.9615
-0.0034230456 86.3613
-0.0034228456 85.1618
-0.0034226456 86.3613
-0.0034224456 84.762
-0.0034222456 83.9624
-0.0034220456 86.7611
-0.0034218456 85.9615
-0.0034216456 85.9615
-0.0034214456 86.7611
-0.0034212456 84.762
-0.0034210456 85.9615
-0.0034208456 86.3613
-0.0034206456 83.9624
-0.0034204456 87.161
-0.0034202456 84.762
-0.0034200456 84.3622
-0.0034198456 86.7611
-0.0034196456 86.3613
-0.0034194456 85.1618
-0.0034192456 85.9615
-0.0034190456 86.3613
-0.0034188456 85.1618
-0.0034186456 89.1601
-0.0034184456 87.161
-0.0034182456 84.3622
-0.0034180456 87.161
-0.0034178456 88.7602
-0.0034176456 90.3595
-0.0034174456 87.5608
-0.0034172456 89.5599
-0.0034170456 89.1601
-0.0034168456 89.1601
-0.0034166456 86.7611
-0.0034164456 88.3604
-0.0034162456 88.7602
-0.0034160456 90.7593
-0.0034158456 89.1601
-0.0034156456 91.9588
-0.0034154456 87.5608
-0.0034152456 86.7611
-0.0034150456 86.3613
-0.0034148456 87.9606
-0.0034146456 88.3604
-0.0034144456 87.9606
-0.0034142456 91.9588
-0.0034140456 88.7602
-0.0034138456 88.7602
-0.0034136456 89.9597
-0.0034134456 88.3604
-0.0034132456 89.5599
-0.0034130456 88.3604
-0.0034128456 89.1601
-0.0034126456 92.7584
-0.0034124456 90.3595
-0.0034122456 85.9615
-0.0034120456 87.5608
-0.0034118456 88.7602
-0.0034116456 87.5608
-0.0034114456 86.7611
-0.0034112456 89.1601
-0.0034110456 87.5608
-0.0034108456 88.7602
-0.0034106456 89.5599
-0.0034104456 89.1601
-0.0034102456 88.3604
-0.0034100456 89.5599
-0.0034098456 90.3595
-0.0034096456 89.9597
-0.0034094456 91.9588
-0.0034092456 89.5599
-0.0034090456 88.3604
-0.0034088456 89.1601
-0.0034086456 89.5599
-0.0034084456 90.3595
-0.0034082456 89.9597
-0.0034080456 91.559
-0.0034078456 90.3595
-0.0034076456 89.1601
-0.0034074456 90.7593
-0.0034072456 89.9597
-0.0034070456 90.3595
-0.0034068456 89.9597
-0.0034066456 87.161
-0.0034064456 90.7593
-0.0034062456 89.1601
-0.0034060456 92.7584
-0.0034058456 88.7602
-0.0034056456 91.1592
-0.0034054456 90.7593
-0.0034052456 89.1601
-0.0034050456 89.1601
-0.0034048456 92.3586
-0.0034046456 88.7602
-0.0034044456 90.3595
-0.0034042456 87.9606
-0.0034040456 91.559
-0.0034038456 90.3595
-0.0034036456 88.3604
-0.0034034456 90.7593
-0.0034032456 90.3595
-0.0034030456 93.1583
-0.0034028456 88.7602
-0.0034026456 91.1592
-0.0034024456 91.1592
-0.0034022456 91.9588
-0.0034020456 90.3595
-0.0034018456 90.7593
-0.0034016456 89.9597
-0.0034014456 90.3595
-0.0034012456 91.1592
-0.0034010456 92.3586
-0.0034008456 93.5581
-0.0034006456 91.9588
-0.0034004456 94.3577
-0.0034002456 89.1601
-0.0034000456 89.1601
-0.0033998456 93.5581
-0.0033996456 91.9588
-0.0033994456 91.1592
-0.0033992456 94.3577
-0.0033990456 92.3586
-0.0033988456 93.1583
-0.0033986456 91.559
-0.0033984456 92.7584
-0.0033982456 90.7593
-0.0033980456 91.9588
-0.0033978456 94.3577
-0.0033976456 93.5581
-0.0033974456 92.7584
-0.0033972456 92.7584
-0.0033970456 91.9588
-0.0033968456 89.9597
-0.0033966456 91.9588
-0.0033964456 93.5581
-0.0033962456 92.3586
-0.0033960456 91.1592
-0.0033958456 94.7575
-0.0033956456 93.5581
-0.0033954456 95.1574
-0.0033952456 95.5572
-0.0033950456 93.5581
-0.0033948456 95.957
-0.0033946456 92.3586
-0.0033944456 93.9579
-0.0033942456 92.3586
-0.0033940456 96.3568
-0.0033938456 95.1574
-0.0033936456 95.5572
-0.0033934456 95.5572
-0.0033932456 93.9579
-0.0033930456 95.5572
-0.0033928456 95.1574
-0.0033926456 92.3586
-0.0033924456 95.1574
-0.0033922456 93.9579
-0.0033920456 96.3568
-0.0033918456 95.1574
-0.0033916456 94.7575
-0.0033914456 92.3586
-0.0033912456 93.9579
-0.0033910456 96.7567
-0.0033908456 91.559
-0.0033906456 93.5581
-0.0033904456 93.9579
-0.0033902456 92.7584
-0.0033900456 93.5581
-0.0033898456 95.1574
-0.0033896456 93.5581
-0.0033894456 95.1574
-0.0033892456 94.7575
-0.0033890456 94.3577
-0.0033888456 96.7567
-0.0033886456 97.9561
-0.0033884456 94.7575
-0.0033882456 94.7575
-0.0033880456 94.3577
-0.0033878456 96.3568
-0.0033876456 95.1574
-0.0033874456 96.3568
-0.0033872456 95.957
-0.0033870456 96.7567
-0.0033868456 95.1574
-0.0033866456 96.7567
-0.0033864456 94.3577
-0.0033862456 93.5581
-0.0033860456 96.7567
-0.0033858456 96.3568
-0.0033856456 97.1565
-0.0033854456 93.9579
-0.0033852456 95.957
-0.0033850456 95.5572
-0.0033848456 98.7558
-0.0033846456 95.957
-0.0033844456 98.7558
-0.0033842456 95.957
-0.0033840456 92.7584
-0.0033838456 95.5572
-0.0033836456 95.1574
-0.0033834456 95.1574
-0.0033832456 96.3568
-0.0033830456 95.957
-0.0033828456 95.5572
-0.0033826456 96.7567
-0.0033824456 95.957
-0.0033822456 97.1565
-0.0033820456 97.5563
-0.0033818456 97.1565
-0.0033816456 95.5572
-0.0033814456 93.9579
-0.0033812456 95.957
-0.0033810456 95.5572
-0.0033808456 96.7567
-0.0033806456 95.957
-0.0033804456 96.7567
-0.0033802456 94.7575
-0.0033800456 96.7567
-0.0033798456 99.1556
-0.0033796456 96.7567
-0.0033794456 93.5581
-0.0033792456 95.5572
-0.0033790456 97.5563
-0.0033788456 98.3559
-0.0033786456 94.3577
-0.0033784456 97.9561
-0.0033782456 98.3559
-0.0033780456 95.5572
-0.0033778456 98.3559
-0.0033776456 97.5563
-0.0033774456 97.9561
-0.0033772456 96.3568
-0.0033770456 99.5554
-0.0033768456 97.1565
-0.0033766456 96.7567
-0.0033764456 97.5563
-0.0033762456 98.3559
-0.0033760456 96.7567
-0.0033758456 98.3559
-0.0033756456 97.9561
-0.0033754456 97.1565
-0.0033752456 96.7567
-0.0033750456 97.5563
-0.0033748456 97.5563
-0.0033746456 98.3559
-0.0033744456 97.9561
-0.0033742456 98.3559
-0.0033740456 97.5563
-0.0033738456 98.3559
-0.0033736456 98.3559
-0.0033734456 98.3559
-0.0033732456 99.9552
-0.0033730456 99.1556
-0.0033728456 99.9552
-0.0033726456 97.9561
-0.0033724456 99.9552
-0.0033722456 97.1565
-0.0033720456 97.5563
-0.0033718456 97.5563
-0.0033716456 99.5554
-0.0033714456 99.1556
-0.0033712456 97.9561
-0.0033710456 99.5554
-0.0033708456 100.355
-0.0033706456 99.1556
-0.0033704456 98.3559
-0.0033702456 98.7558
-0.0033700456 97.1565
-0.0033698456 98.7558
-0.0033696456 99.9552
-0.0033694456 99.5554
-0.0033692456 98.7558
-0.0033690456 100.355
-0.0033688456 98.7558
-0.0033686456 99.5554
-0.0033684456 100.355
-0.0033682456 103.154
-0.0033680456 101.155
-0.0033678456 102.354
-0.0033676456 97.5563
-0.0033674456 97.5563
-0.0033672456 98.7558
-0.0033670456 99.1556
-0.0033668456 99.5554
-0.0033666456 100.355
-0.0033664456 99.1556
-0.0033662456 97.9561
-0.0033660456 101.954
-0.0033658456 100.355
-0.0033656456 97.9561
-0.0033654456 99.5554
-0.0033652456 101.954
-0.0033650456 100.755
-0.0033648456 100.755
-0.0033646456 101.155
-0.0033644456 100.355
-0.0033642456 101.155
-0.0033640456 100.355
-0.0033638456 100.355
-0.0033636456 101.954
-0.0033634456 101.155
-0.0033632456 99.5554
-0.0033630456 101.954
-0.0033628456 102.754
-0.0033626456 100.355
-0.0033624456 101.155
-0.0033622456 103.554
-0.0033620456 100.755
-0.0033618456 102.354
-0.0033616456 100.755
-0.0033614456 101.555
-0.0033612456 101.555
-0.0033610456 101.155
-0.0033608456 99.9552
-0.0033606456 101.155
-0.0033604456 100.755
-0.0033602456 103.154
-0.0033600456 102.354
-0.0033598456 99.9552
-0.0033596456 101.155
-0.0033594456 101.555
-0.0033592456 102.354
-0.0033590456 99.5554
-0.0033588456 99.5554
-0.0033586456 101.954
-0.0033584456 103.953
-0.0033582456 101.954
-0.0033580456 103.554
-0.0033578456 103.953
-0.0033576456 97.9561
-0.0033574456 102.754
-0.0033572456 101.954
-0.0033570456 103.953
-0.0033568456 103.554
-0.0033566456 101.555
-0.0033564456 102.354
-0.0033562456 103.953
-0.0033560456 104.753
-0.0033558456 102.754
-0.0033556456 105.953
-0.0033554456 102.754
-0.0033552456 99.5554
-0.0033550456 100.755
-0.0033548456 102.754
-0.0033546456 105.153
-0.0033544456 104.353
-0.0033542456 104.353
-0.0033540456 101.954
-0.0033538456 102.754
-0.0033536456 102.754
-0.0033534456 103.554
-0.0033532456 104.353
-0.0033530456 104.353
-0.0033528456 101.954
-0.0033526456 103.953
-0.0033524456 105.153
-0.0033522456 101.954
-0.0033520456 106.752
-0.0033518456 102.754
-0.0033516456 102.754
-0.0033514456 104.753
-0.0033512456 107.152
-0.0033510456 103.554
-0.0033508456 103.554
-0.0033506456 104.353
-0.0033504456 101.155
-0.0033502456 104.753
-0.0033500456 104.353
-0.0033498456 104.753
-0.0033496456 103.953
-0.0033494456 107.952
-0.0033492456 102.354
-0.0033490456 105.153
-0.0033488456 103.953
-0.0033486456 106.752
-0.0033484456 105.153
-0.0033482456 105.553
-0.0033480456 107.152
-0.0033478456 106.352
-0.0033476456 105.153
-0.0033474456 105.153
-0.0033472456 106.752
-0.0033470456 107.952
-0.0033468456 106.752
-0.0033466456 104.353
-0.0033464456 107.952
-0.0033462456 104.753
-0.0033460456 106.352
-0.0033458456 105.153
-0.0033456456 108.351
-0.0033454456 107.152
-0.0033452456 105.153
-0.0033450456 108.751
-0.0033448456 104.753
-0.0033446456 107.152
-0.0033444456 104.753
-0.0033442456 107.152
-0.0033440456 105.553
-0.0033438456 107.552
-0.0033436456 108.351
-0.0033434456 106.352
-0.0033432456 102.754
-0.0033430456 106.352
-0.0033428456 105.153
-0.0033426456 106.752
-0.0033424456 109.551
-0.0033422456 108.751
-0.0033420456 107.952
-0.0033418456 106.752
-0.0033416456 108.351
-0.0033414456 105.953
-0.0033412456 105.153
-0.0033410456 107.952
-0.0033408456 107.952
-0.0033406456 106.352
-0.0033404456 105.153
-0.0033402456 106.752
-0.0033400456 109.151
-0.0033398456 110.351
-0.0033396456 105.953
-0.0033394456 104.753
-0.0033392456 105.953
-0.0033390456 108.751
-0.0033388456 105.153
-0.0033386456 110.351
-0.0033384456 110.351
-0.0033382456 107.152
-0.0033380456 104.353
-0.0033378456 108.751
-0.0033376456 108.751
-0.0033374456 106.752
-0.0033372456 107.552
-0.0033370456 106.752
-0.0033368456 107.552
-0.0033366456 107.952
-0.0033364456 109.151
-0.0033362456 109.151
-0.0033360456 110.75
-0.0033358456 107.952
-0.0033356456 109.951
-0.0033354456 107.952
-0.0033352456 109.151
-0.0033350456 107.952
-0.0033348456 108.351
-0.0033346456 110.75
-0.0033344456 109.551
-0.0033342456 107.952
-0.0033340456 107.552
-0.0033338456 109.551
-0.0033336456 108.751
-0.0033334456 109.151
-0.0033332456 109.551
-0.0033330456 109.951
-0.0033328456 107.152
-0.0033326456 109.151
-0.0033324456 111.15
-0.0033322456 109.551
-0.0033320456 109.551
-0.0033318456 110.351
-0.0033316456 110.351
-0.0033314456 108.751
-0.0033312456 109.951
-0.0033310456 109.551
-0.0033308456 107.552
-0.0033306456 108.751
-0.0033304456 111.55
-0.0033302456 109.151
-0.0033300456 109.951
-0.0033298456 108.351
-0.0033296456 106.352
-0.0033294456 107.552
-0.0033292456 110.351
-0.0033290456 107.552
-0.0033288456 109.151
-0.0033286456 106.752
-0.0033284456 109.551
-0.0033282456 110.75
-0.0033280456 110.75
-0.0033278456 110.75
-0.0033276456 109.951
-0.0033274456 112.749
-0.0033272456 109.951
-0.0033270456 110.351
-0.0033268456 110.351
-0.0033266456 111.55
-0.0033264456 110.351
-0.0033262456 110.75
-0.0033260456 107.952
-0.0033258456 109.951
-0.0033256456 109.151
-0.0033254456 109.551
-0.0033252456 112.35
-0.0033250456 110.351
-0.0033248456 107.952
-0.0033246456 109.951
-0.0033244456 111.15
-0.0033242456 109.551
-0.0033240456 108.751
-0.0033238456 107.952
-0.0033236456 107.552
-0.0033234456 111.55
-0.0033232456 111.55
-0.0033230456 109.951
-0.0033228456 109.951
-0.0033226456 110.351
-0.0033224456 109.951
-0.0033222456 111.95
-0.0033220456 110.351
-0.0033218456 109.951
-0.0033216456 110.351
-0.0033214456 113.149
-0.0033212456 111.15
-0.0033210456 109.951
-0.0033208456 109.951
-0.0033206456 111.95
-0.0033204456 112.35
-0.0033202456 111.15
-0.0033200456 109.951
-0.0033198456 113.549
-0.0033196456 109.951
-0.0033194456 113.549
-0.0033192456 112.749
-0.0033190456 109.151
-0.0033188456 111.95
-0.0033186456 113.549
-0.0033184456 112.749
-0.0033182456 113.149
-0.0033180456 113.949
-0.0033178456 112.749
-0.0033176456 113.149
-0.0033174456 110.75
-0.0033172456 111.15
-0.0033170456 112.749
-0.0033168456 112.749
-0.0033166456 111.95
-0.0033164456 112.35
-0.0033162456 113.149
-0.0033160456 115.148
-0.0033158456 109.551
-0.0033156456 113.149
-0.0033154456 111.15
-0.0033152456 108.751
-0.0033150456 111.15
-0.0033148456 112.749
-0.0033146456 112.749
-0.0033144456 116.348
-0.0033142456 113.149
-0.0033140456 113.149
-0.0033138456 111.55
-0.0033136456 109.951
-0.0033134456 113.149
-0.0033132456 114.349
-0.0033130456 113.549
-0.0033128456 112.35
-0.0033126456 111.95
-0.0033124456 113.949
-0.0033122456 114.749
-0.0033120456 113.149
-0.0033118456 115.148
-0.0033116456 115.948
-0.0033114456 112.35
-0.0033112456 113.949
-0.0033110456 114.349
-0.0033108456 113.149
-0.0033106456 113.949
-0.0033104456 113.149
-0.0033102456 113.949
-0.0033100456 111.55
-0.0033098456 114.349
-0.0033096456 112.749
-0.0033094456 114.749
-0.0033092456 111.55
-0.0033090456 114.749
-0.0033088456 114.749
-0.0033086456 113.949
-0.0033084456 115.548
-0.0033082456 113.549
-0.0033080456 114.349
-0.0033078456 115.548
-0.0033076456 113.549
-0.0033074456 112.749
-0.0033072456 115.148
-0.0033070456 115.548
-0.0033068456 113.149
-0.0033066456 114.349
-0.0033064456 116.348
-0.0033062456 116.348
-0.0033060456 114.349
-0.0033058456 115.548
-0.0033056456 115.148
-0.0033054456 115.948
-0.0033052456 115.148
-0.0033050456 116.348
-0.0033048456 116.748
-0.0033046456 118.347
-0.0033044456 114.349
-0.0033042456 117.148
-0.0033040456 114.349
-0.0033038456 116.348
-0.0033036456 113.549
-0.0033034456 114.349
-0.0033032456 114.349
-0.0033030456 113.949
-0.0033028456 113.949
-0.0033026456 118.747
-0.0033024456 117.947
-0.0033022456 115.948
-0.0033020456 118.347
-0.0033018456 116.748
-0.0033016456 117.947
-0.0033014456 116.348
-0.0033012456 116.748
-0.0033010456 119.147
-0.0033008456 117.547
-0.0033006456 117.547
-0.0033004456 116.348
-0.0033002456 117.148
-0.0033000456 117.547
-0.0032998456 115.948
-0.0032996456 115.948
-0.0032994456 115.548
-0.0032992456 117.947
-0.0032990456 116.348
-0.0032988456 116.748
-0.0032986456 118.347
-0.0032984456 119.946
-0.0032982456 115.548
-0.0032980456 116.348
-0.0032978456 114.349
-0.0032976456 117.547
-0.0032974456 116.748
-0.0032972456 118.347
-0.0032970456 117.947
-0.0032968456 117.547
-0.0032966456 118.747
-0.0032964456 115.948
-0.0032962456 118.347
-0.0032960456 117.547
-0.0032958456 117.547
-0.0032956456 116.348
-0.0032954456 118.747
-0.0032952456 116.348
-0.0032950456 119.147
-0.0032948456 117.947
-0.0032946456 117.148
-0.0032944456 117.947
-0.0032942456 117.148
-0.0032940456 116.348
-0.0032938456 117.148
-0.0032936456 117.947
-0.0032934456 119.546
-0.0032932456 115.548
-0.0032930456 119.946
-0.0032928456 118.747
-0.0032926456 117.947
-0.0032924456 120.746
-0.0032922456 120.746
-0.0032920456 117.547
-0.0032918456 118.747
-0.0032916456 118.747
-0.0032914456 117.947
-0.0032912456 119.946
-0.0032910456 118.347
-0.0032908456 120.746
-0.0032906456 118.347
-0.0032904456 117.547
-0.0032902456 117.947
-0.0032900456 119.546
-0.0032898456 120.746
-0.0032896456 119.147
-0.0032894456 122.745
-0.0032892456 119.147
-0.0032890456 121.146
-0.0032888456 120.346
-0.0032886456 121.546
-0.0032884456 119.147
-0.0032882456 120.746
-0.0032880456 119.946
-0.0032878456 119.946
-0.0032876456 118.747
-0.0032874456 117.547
-0.0032872456 116.748
-0.0032870456 124.344
-0.0032868456 120.346
-0.0032866456 118.347
-0.0032864456 121.146
-0.0032862456 120.346
-0.0032860456 121.546
-0.0032858456 120.346
-0.0032856456 119.946
-0.0032854456 119.147
-0.0032852456 121.945
-0.0032850456 123.944
-0.0032848456 120.746
-0.0032846456 119.147
-0.0032844456 122.345
-0.0032842456 121.146
-0.0032840456 121.146
-0.0032838456 122.745
-0.0032836456 122.345
-0.0032834456 119.946
-0.0032832456 123.145
-0.0032830456 121.945
-0.0032828456 122.345
-0.0032826456 121.945
-0.0032824456 122.345
-0.0032822456 121.945
-0.0032820456 123.145
-0.0032818456 122.745
-0.0032816456 119.946
-0.0032814456 122.745
-0.0032812456 123.545
-0.0032810456 122.745
-0.0032808456 119.147
-0.0032806456 123.944
-0.0032804456 122.745
-0.0032802456 121.546
-0.0032800456 123.145
-0.0032798456 122.345
-0.0032796456 122.745
-0.0032794456 123.545
-0.0032792456 122.345
-0.0032790456 123.145
-0.0032788456 120.746
-0.0032786456 122.345
-0.0032784456 122.745
-0.0032782456 121.945
-0.0032780456 121.146
-0.0032778456 123.545
-0.0032776456 121.146
-0.0032774456 120.346
-0.0032772456 123.545
-0.0032770456 122.345
-0.0032768456 124.744
-0.0032766456 122.345
-0.0032764456 119.546
-0.0032762456 123.545
-0.0032760456 123.944
-0.0032758456 124.344
-0.0032756456 121.945
-0.0032754456 120.746
-0.0032752456 124.344
-0.0032750456 122.345
-0.0032748456 122.745
-0.0032746456 124.344
-0.0032744456 123.145
-0.0032742456 124.744
-0.0032740456 123.145
-0.0032738456 123.944
-0.0032736456 124.744
-0.0032734456 123.145
-0.0032732456 123.145
-0.0032730456 123.944
-0.0032728456 122.745
-0.0032726456 121.546
-0.0032724456 122.745
-0.0032722456 126.343
-0.0032720456 123.944
-0.0032718456 124.344
-0.0032716456 124.344
-0.0032714456 125.544
-0.0032712456 122.745
-0.0032710456 123.145
-0.0032708456 120.746
-0.0032706456 122.745
-0.0032704456 122.345
-0.0032702456 125.144
-0.0032700456 123.944
-0.0032698456 125.544
-0.0032696456 123.145
-0.0032694456 123.545
-0.0032692456 124.344
-0.0032690456 123.145
-0.0032688456 125.944
-0.0032686456 123.944
-0.0032684456 125.944
-0.0032682456 123.944
-0.0032680456 125.944
-0.0032678456 121.546
-0.0032676456 123.944
-0.0032674456 126.343
-0.0032672456 124.344
-0.0032670456 124.344
-0.0032668456 125.544
-0.0032666456 126.743
-0.0032664456 124.344
-0.0032662456 121.945
-0.0032660456 124.344
-0.0032658456 126.343
-0.0032656456 124.344
-0.0032654456 123.545
-0.0032652456 123.545
-0.0032650456 123.944
-0.0032648456 122.745
-0.0032646456 122.745
-0.0032644456 125.144
-0.0032642456 125.544
-0.0032640456 126.343
-0.0032638456 125.944
-0.0032636456 126.343
-0.0032634456 122.745
-0.0032632456 127.543
-0.0032630456 126.743
-0.0032628456 127.143
-0.0032626456 124.344
-0.0032624456 125.944
-0.0032622456 126.343
-0.0032620456 123.145
-0.0032618456 127.943
-0.0032616456 127.143
-0.0032614456 124.744
-0.0032612456 130.741
-0.0032610456 124.344
-0.0032608456 125.944
-0.0032606456 124.744
-0.0032604456 127.543
-0.0032602456 127.943
-0.0032600456 123.944
-0.0032598456 125.944
-0.0032596456 127.143
-0.0032594456 127.143
-0.0032592456 127.143
-0.0032590456 128.343
-0.0032588456 124.344
-0.0032586456 127.143
-0.0032584456 127.143
-0.0032582456 125.144
-0.0032580456 127.143
-0.0032578456 125.144
-0.0032576456 128.742
-0.0032574456 125.944
-0.0032572456 129.942
-0.0032570456 128.742
-0.0032568456 125.544
-0.0032566456 125.144
-0.0032564456 127.943
-0.0032562456 126.343
-0.0032560456 125.544
-0.0032558456 127.143
-0.0032556456 125.144
-0.0032554456 127.143
-0.0032552456 127.543
-0.0032550456 126.343
-0.0032548456 127.143
-0.0032546456 127.143
-0.0032544456 127.543
-0.0032542456 127.543
-0.0032540456 127.543
-0.0032538456 127.543
-0.0032536456 128.343
-0.0032534456 128.742
-0.0032532456 126.743
-0.0032530456 127.143
-0.0032528456 129.142
-0.0032526456 129.942
-0.0032524456 127.543
-0.0032522456 125.944
-0.0032520456 127.943
-0.0032518456 127.143
-0.0032516456 128.343
-0.0032514456 127.943
-0.0032512456 127.543
-0.0032510456 127.943
-0.0032508456 129.142
-0.0032506456 129.142
-0.0032504456 127.543
-0.0032502456 128.343
-0.0032500456 127.543
-0.0032498456 129.142
-0.0032496456 128.742
-0.0032494456 127.543
-0.0032492456 130.741
-0.0032490456 131.541
-0.0032488456 128.343
-0.0032486456 126.743
-0.0032484456 129.142
-0.0032482456 128.343
-0.0032480456 130.741
-0.0032478456 130.342
-0.0032476456 130.342
-0.0032474456 131.541
-0.0032472456 129.142
-0.0032470456 127.143
-0.0032468456 131.941
-0.0032466456 128.742
-0.0032464456 130.741
-0.0032462456 131.141
-0.0032460456 132.741
-0.0032458456 128.343
-0.0032456456 129.142
-0.0032454456 128.343
-0.0032452456 131.541
-0.0032450456 129.142
-0.0032448456 131.941
-0.0032446456 130.342
-0.0032444456 130.342
-0.0032442456 128.742
-0.0032440456 130.741
-0.0032438456 129.542
-0.0032436456 131.141
-0.0032434456 131.141
-0.0032432456 131.941
-0.0032430456 133.94
-0.0032428456 131.541
-0.0032426456 131.141
-0.0032424456 129.142
-0.0032422456 131.941
-0.0032420456 131.941
-0.0032418456 130.342
-0.0032416456 130.342
-0.0032414456 133.94
-0.0032412456 132.341
-0.0032410456 132.741
-0.0032408456 131.541
-0.0032406456 130.741
-0.0032404456 131.541
-0.0032402456 133.54
-0.0032400456 132.341
-0.0032398456 133.54
-0.0032396456 133.14
-0.0032394456 131.941
-0.0032392456 132.741
-0.0032390456 131.941
-0.0032388456 132.741
-0.0032386456 133.14
-0.0032384456 134.34
-0.0032382456 133.14
-0.0032380456 132.741
-0.0032378456 130.342
-0.0032376456 134.34
-0.0032374456 132.341
-0.0032372456 131.941
-0.0032370456 131.941
-0.0032368456 131.141
-0.0032366456 133.14
-0.0032364456 133.54
-0.0032362456 130.741
-0.0032360456 135.539
-0.0032358456 132.341
-0.0032356456 132.741
-0.0032354456 133.14
-0.0032352456 133.54
-0.0032350456 131.141
-0.0032348456 132.341
-0.0032346456 135.939
-0.0032344456 136.739
-0.0032342456 134.34
-0.0032340456 133.14
-0.0032338456 133.94
-0.0032336456 135.139
-0.0032334456 136.339
-0.0032332456 132.341
-0.0032330456 132.741
-0.0032328456 136.739
-0.0032326456 134.34
-0.0032324456 132.341
-0.0032322456 133.94
-0.0032320456 135.139
-0.0032318456 131.541
-0.0032316456 135.139
-0.0032314456 132.341
-0.0032312456 133.94
-0.0032310456 133.54
-0.0032308456 135.139
-0.0032306456 135.539
-0.0032304456 133.54
-0.0032302456 133.94
-0.0032300456 135.539
-0.0032298456 134.34
-0.0032296456 133.54
-0.0032294456 133.14
-0.0032292456 134.34
-0.0032290456 136.339
-0.0032288456 134.74
-0.0032286456 135.939
-0.0032284456 133.54
-0.0032282456 134.34
-0.0032280456 131.941
-0.0032278456 135.939
-0.0032276456 135.939
-0.0032274456 132.341
-0.0032272456 134.34
-0.0032270456 135.539
-0.0032268456 134.74
-0.0032266456 135.139
-0.0032264456 135.139
-0.0032262456 136.339
-0.0032260456 133.14
-0.0032258456 136.339
-0.0032256456 134.34
-0.0032254456 133.54
-0.0032252456 135.939
-0.0032250456 132.341
-0.0032248456 134.34
-0.0032246456 134.74
-0.0032244456 134.34
-0.0032242456 135.539
-0.0032240456 133.54
-0.0032238456 131.941
-0.0032236456 136.739
-0.0032234456 133.54
-0.0032232456 135.139
-0.0032230456 133.94
-0.0032228456 133.94
-0.0032226456 133.14
-0.0032224456 134.34
-0.0032222456 135.539
-0.0032220456 133.54
-0.0032218456 134.34
-0.0032216456 132.741
-0.0032214456 135.139
-0.0032212456 135.539
-0.0032210456 133.54
-0.0032208456 136.739
-0.0032206456 135.539
-0.0032204456 136.339
-0.0032202456 135.939
-0.0032200456 133.14
-0.0032198456 133.14
-0.0032196456 136.739
-0.0032194456 133.54
-0.0032192456 134.34
-0.0032190456 133.94
-0.0032188456 135.939
-0.0032186456 134.74
-0.0032184456 137.538
-0.0032182456 133.94
-0.0032180456 135.539
-0.0032178456 135.539
-0.0032176456 134.34
-0.0032174456 136.339
-0.0032172456 136.339
-0.0032170456 133.14
-0.0032168456 133.94
-0.0032166456 135.139
-0.0032164456 134.74
-0.0032162456 136.739
-0.0032160456 134.34
-0.0032158456 136.339
-0.0032156456 134.34
-0.0032154456 137.139
-0.0032152456 136.739
-0.0032150456 135.139
-0.0032148456 137.938
-0.0032146456 137.139
-0.0032144456 137.139
-0.0032142456 136.739
-0.0032140456 135.539
-0.0032138456 135.539
-0.0032136456 136.339
-0.0032134456 136.739
-0.0032132456 138.738
-0.0032130456 137.538
-0.0032128456 135.939
-0.0032126456 137.938
-0.0032124456 139.937
-0.0032122456 137.139
-0.0032120456 139.138
-0.0032118456 137.139
-0.0032116456 135.939
-0.0032114456 137.139
-0.0032112456 138.338
-0.0032110456 135.539
-0.0032108456 136.339
-0.0032106456 137.938
-0.0032104456 137.139
-0.0032102456 137.538
-0.0032100456 139.937
-0.0032098456 139.937
-0.0032096456 136.739
-0.0032094456 138.338
-0.0032092456 135.139
-0.0032090456 135.939
-0.0032088456 137.139
-0.0032086456 139.537
-0.0032084456 136.739
-0.0032082456 137.139
-0.0032080456 140.337
-0.0032078456 141.137
-0.0032076456 137.139
-0.0032074456 136.339
-0.0032072456 137.938
-0.0032070456 139.138
-0.0032068456 137.139
-0.0032066456 138.738
-0.0032064456 139.937
-0.0032062456 137.538
-0.0032060456 139.138
-0.0032058456 138.338
-0.0032056456 141.137
-0.0032054456 139.937
-0.0032052456 138.338
-0.0032050456 139.537
-0.0032048456 139.138
-0.0032046456 137.139
-0.0032044456 139.537
-0.0032042456 142.336
-0.0032040456 138.338
-0.0032038456 139.537
-0.0032036456 139.138
-0.0032034456 139.537
-0.0032032456 137.538
-0.0032030456 139.138
-0.0032028456 137.538
-0.0032026456 141.137
-0.0032024456 139.138
-0.0032022456 139.937
-0.0032020456 141.936
-0.0032018456 141.537
-0.0032016456 141.137
-0.0032014456 138.338
-0.0032012456 139.138
-0.0032010456 137.938
-0.0032008456 141.537
-0.0032006456 139.537
-0.0032004456 139.537
-0.0032002456 140.737
-0.0032000456 141.936
-0.0031998456 139.138
-0.0031996456 140.337
-0.0031994456 141.936
-0.0031992456 138.738
-0.0031990456 141.936
-0.0031988456 138.338
-0.0031986456 141.936
-0.0031984456 143.136
-0.0031982456 141.537
-0.0031980456 140.337
-0.0031978456 141.137
-0.0031976456 139.937
-0.0031974456 140.337
-0.0031972456 140.737
-0.0031970456 141.137
-0.0031968456 142.336
-0.0031966456 141.936
-0.0031964456 139.537
-0.0031962456 142.336
-0.0031960456 141.936
-0.0031958456 140.737
-0.0031956456 142.336
-0.0031954456 144.735
-0.0031952456 138.738
-0.0031950456 137.938
-0.0031948456 141.936
-0.0031946456 143.936
-0.0031944456 141.936
-0.0031942456 143.136
-0.0031940456 142.736
-0.0031938456 143.136
-0.0031936456 141.137
-0.0031934456 141.137
-0.0031932456 142.736
-0.0031930456 141.537
-0.0031928456 143.536
-0.0031926456 141.537
-0.0031924456 141.137
-0.0031922456 142.736
-0.0031920456 143.136
-0.0031918456 142.336
-0.0031916456 142.336
-0.0031914456 143.536
-0.0031912456 141.537
-0.0031910456 142.336
-0.0031908456 143.936
-0.0031906456 139.937
-0.0031904456 143.136
-0.0031902456 142.336
-0.0031900456 141.936
-0.0031898456 143.536
-0.0031896456 141.137
-0.0031894456 143.136
-0.0031892456 143.536
-0.0031890456 143.536
-0.0031888456 143.936
-0.0031886456 142.336
-0.0031884456 143.536
-0.0031882456 143.136
-0.0031880456 141.936
-0.0031878456 141.137
-0.0031876456 142.736
-0.0031874456 142.336
-0.0031872456 143.936
-0.0031870456 145.135
-0.0031868456 143.136
-0.0031866456 142.736
-0.0031864456 144.735
-0.0031862456 143.136
-0.0031860456 142.736
-0.0031858456 143.136
-0.0031856456 143.136
-0.0031854456 142.336
-0.0031852456 145.535
-0.0031850456 143.536
-0.0031848456 143.136
-0.0031846456 146.734
-0.0031844456 143.536
-0.0031842456 141.936
-0.0031840456 142.336
-0.0031838456 145.135
-0.0031836456 141.936
-0.0031834456 144.735
-0.0031832456 143.936
-0.0031830456 143.536
-0.0031828456 144.735
-0.0031826456 142.336
-0.0031824456 145.135
-0.0031822456 143.136
-0.0031820456 143.136
-0.0031818456 143.136
-0.0031816456 144.335
-0.0031814456 141.936
-0.0031812456 141.537
-0.0031810456 145.935
-0.0031808456 144.735
-0.0031806456 143.936
-0.0031804456 145.935
-0.0031802456 143.936
-0.0031800456 145.535
-0.0031798456 147.934
-0.0031796456 145.935
-0.0031794456 147.134
-0.0031792456 147.134
-0.0031790456 144.335
-0.0031788456 146.734
-0.0031786456 144.735
-0.0031784456 145.535
-0.0031782456 145.935
-0.0031780456 144.335
-0.0031778456 144.735
-0.0031776456 145.535
-0.0031774456 146.734
-0.0031772456 146.734
-0.0031770456 148.334
-0.0031768456 146.334
-0.0031766456 144.335
-0.0031764456 147.934
-0.0031762456 144.335
-0.0031760456 145.935
-0.0031758456 146.734
-0.0031756456 146.334
-0.0031754456 148.334
-0.0031752456 148.733
-0.0031750456 145.535
-0.0031748456 148.733
-0.0031746456 149.133
-0.0031744456 146.734
-0.0031742456 147.534
-0.0031740456 147.134
-0.0031738456 146.734
-0.0031736456 147.134
-0.0031734456 146.334
-0.0031732456 147.934
-0.0031730456 147.134
-0.0031728456 145.535
-0.0031726456 146.734
-0.0031724456 147.534
-0.0031722456 146.734
-0.0031720456 150.732
-0.0031718456 149.533
-0.0031716456 146.734
-0.0031714456 147.934
-0.0031712456 146.334
-0.0031710456 149.533
-0.0031708456 148.733
-0.0031706456 147.934
-0.0031704456 151.532
-0.0031702456 148.334
-0.0031700456 149.533
-0.0031698456 145.935
-0.0031696456 146.734
-0.0031694456 150.732
-0.0031692456 149.533
-0.0031690456 149.533
-0.0031688456 149.533
-0.0031686456 151.132
-0.0031684456 149.933
-0.0031682456 150.732
-0.0031680456 148.334
-0.0031678456 148.733
-0.0031676456 149.533
-0.0031674456 148.334
-0.0031672456 148.334
-0.0031670456 150.732
-0.0031668456 149.933
-0.0031666456 147.134
-0.0031664456 149.533
-0.0031662456 153.931
-0.0031660456 148.733
-0.0031658456 151.932
-0.0031656456 150.732
-0.0031654456 150.732
-0.0031652456 149.533
-0.0031650456 150.732
-0.0031648456 151.932
-0.0031646456 151.932
-0.0031644456 149.133
-0.0031642456 149.933
-0.0031640456 151.532
-0.0031638456 147.934
-0.0031636456 150.333
-0.0031634456 152.332
-0.0031632456 148.733
-0.0031630456 146.734
-0.0031628456 149.533
-0.0031626456 148.334
-0.0031624456 150.732
-0.0031622456 149.133
-0.0031620456 147.934
-0.0031618456 151.132
-0.0031616456 150.333
-0.0031614456 147.534
-0.0031612456 152.332
-0.0031610456 148.733
-0.0031608456 151.132
-0.0031606456 150.333
-0.0031604456 154.331
-0.0031602456 147.934
-0.0031600456 152.332
-0.0031598456 150.732
-0.0031596456 151.532
-0.0031594456 149.133
-0.0031592456 151.132
-0.0031590456 148.334
-0.0031588456 151.932
-0.0031586456 149.533
-0.0031584456 150.333
-0.0031582456 150.732
-0.0031580456 150.333
-0.0031578456 151.932
-0.0031576456 150.732
-0.0031574456 153.131
-0.0031572456 152.732
-0.0031570456 149.533
-0.0031568456 151.532
-0.0031566456 147.934
-0.0031564456 150.732
-0.0031562456 151.132
-0.0031560456 149.533
-0.0031558456 151.532
-0.0031556456 153.531
-0.0031554456 153.131
-0.0031552456 152.332
-0.0031550456 154.331
-0.0031548456 151.932
-0.0031546456 152.332
-0.0031544456 150.333
-0.0031542456 150.333
-0.0031540456 151.932
-0.0031538456 150.333
-0.0031536456 150.333
-0.0031534456 154.731
-0.0031532456 154.331
-0.0031530456 151.532
-0.0031528456 150.732
-0.0031526456 153.131
-0.0031524456 149.533
-0.0031522456 153.531
-0.0031520456 151.532
-0.0031518456 151.132
-0.0031516456 151.132
-0.0031514456 154.331
-0.0031512456 152.332
-0.0031510456 150.333
-0.0031508456 151.132
-0.0031506456 153.131
-0.0031504456 153.531
-0.0031502456 152.732
-0.0031500456 150.732
-0.0031498456 152.732
-0.0031496456 152.332
-0.0031494456 153.131
-0.0031492456 152.732
-0.0031490456 154.331
-0.0031488456 152.732
-0.0031486456 153.531
-0.0031484456 151.532
-0.0031482456 153.931
-0.0031480456 153.531
-0.0031478456 154.731
-0.0031476456 148.334
-0.0031474456 153.131
-0.0031472456 153.131
-0.0031470456 151.932
-0.0031468456 155.53
-0.0031466456 155.131
-0.0031464456 150.333
-0.0031462456 152.732
-0.0031460456 154.731
-0.0031458456 155.131
-0.0031456456 151.532
-0.0031454456 152.732
-0.0031452456 153.531
-0.0031450456 153.931
-0.0031448456 155.53
-0.0031446456 152.732
-0.0031444456 155.131
-0.0031442456 154.331
-0.0031440456 154.331
-0.0031438456 153.131
-0.0031436456 150.732
-0.0031434456 154.731
-0.0031432456 153.931
-0.0031430456 153.531
-0.0031428456 154.331
-0.0031426456 152.732
-0.0031424456 154.731
-0.0031422456 153.931
-0.0031420456 154.731
-0.0031418456 155.53
-0.0031416456 151.532
-0.0031414456 154.731
-0.0031412456 153.931
-0.0031410456 154.731
-0.0031408456 155.131
-0.0031406456 155.93
-0.0031404456 155.131
-0.0031402456 152.732
-0.0031400456 157.13
-0.0031398456 155.131
-0.0031396456 153.131
-0.0031394456 153.531
-0.0031392456 153.931
-0.0031390456 153.931
-0.0031388456 154.331
-0.0031386456 151.532
-0.0031384456 155.93
-0.0031382456 153.931
-0.0031380456 154.731
-0.0031378456 154.731
-0.0031376456 155.131
-0.0031374456 154.331
-0.0031372456 153.931
-0.0031370456 154.731
-0.0031368456 153.931
-0.0031366456 154.731
-0.0031364456 154.331
-0.0031362456 156.33
-0.0031360456 153.531
-0.0031358456 155.93
-0.0031356456 153.531
-0.0031354456 154.731
-0.0031352456 156.33
-0.0031350456 154.331
-0.0031348456 155.93
-0.0031346456 154.331
-0.0031344456 155.53
-0.0031342456 151.932
-0.0031340456 155.131
-0.0031338456 155.131
-0.0031336456 153.131
-0.0031334456 154.331
-0.0031332456 157.529
-0.0031330456 155.93
-0.0031328456 155.93
-0.0031326456 155.93
-0.0031324456 155.131
-0.0031322456 153.931
-0.0031320456 154.731
-0.0031318456 155.93
-0.0031316456 158.329
-0.0031314456 156.73
-0.0031312456 157.529
-0.0031310456 157.13
-0.0031308456 157.529
-0.0031306456 157.929
-0.0031304456 157.929
-0.0031302456 157.529
-0.0031300456 156.33
-0.0031298456 158.729
-0.0031296456 157.929
-0.0031294456 157.529
-0.0031292456 156.33
-0.0031290456 157.929
-0.0031288456 157.929
-0.0031286456 157.929
-0.0031284456 158.729
-0.0031282456 155.53
-0.0031280456 158.329
-0.0031278456 159.928
-0.0031276456 159.129
-0.0031274456 156.33
-0.0031272456 159.529
-0.0031270456 158.329
-0.0031268456 158.729
-0.0031266456 159.129
-0.0031264456 157.13
-0.0031262456 156.33
-0.0031260456 158.729
-0.0031258456 156.33
-0.0031256456 160.328
-0.0031254456 159.529
-0.0031252456 158.729
-0.0031250456 157.13
-0.0031248456 158.329
-0.0031246456 159.529
-0.0031244456 160.328
-0.0031242456 159.529
-0.0031240456 158.729
-0.0031238456 160.328
-0.0031236456 158.729
-0.0031234456 159.529
-0.0031232456 160.728
-0.0031230456 157.13
-0.0031228456 162.327
-0.0031226456 160.728
-0.0031224456 163.527
-0.0031222456 161.128
-0.0031220456 157.13
-0.0031218456 160.728
-0.0031216456 159.529
-0.0031214456 160.728
-0.0031212456 161.128
-0.0031210456 161.927
-0.0031208456 160.328
-0.0031206456 159.129
-0.0031204456 159.529
-0.0031202456 160.728
-0.0031200456 161.128
-0.0031198456 159.928
-0.0031196456 161.128
-0.0031194456 159.129
-0.0031192456 159.529
-0.0031190456 160.728
-0.0031188456 161.528
-0.0031186456 161.128
-0.0031184456 159.129
-0.0031182456 161.128
-0.0031180456 159.928
-0.0031178456 159.529
-0.0031176456 159.129
-0.0031174456 157.529
-0.0031172456 162.327
-0.0031170456 161.528
-0.0031168456 161.128
-0.0031166456 163.127
-0.0031164456 159.529
-0.0031162456 159.129
-0.0031160456 163.127
-0.0031158456 161.128
-0.0031156456 162.327
-0.0031154456 161.927
-0.0031152456 161.128
-0.0031150456 162.727
-0.0031148456 160.728
-0.0031146456 158.329
-0.0031144456 160.328
-0.0031142456 159.129
-0.0031140456 160.328
-0.0031138456 161.528
-0.0031136456 161.528
-0.0031134456 159.529
-0.0031132456 161.927
-0.0031130456 159.529
-0.0031128456 163.127
-0.0031126456 160.728
-0.0031124456 159.928
-0.0031122456 160.328
-0.0031120456 159.928
-0.0031118456 160.328
-0.0031116456 161.128
-0.0031114456 162.727
-0.0031112456 161.927
-0.0031110456 160.328
-0.0031108456 159.928
-0.0031106456 161.128
-0.0031104456 159.529
-0.0031102456 160.328
-0.0031100456 163.127
-0.0031098456 161.528
-0.0031096456 161.128
-0.0031094456 160.728
-0.0031092456 160.328
-0.0031090456 164.726
-0.0031088456 160.728
-0.0031086456 162.327
-0.0031084456 161.927
-0.0031082456 162.727
-0.0031080456 161.128
-0.0031078456 159.928
-0.0031076456 161.927
-0.0031074456 161.128
-0.0031072456 159.529
-0.0031070456 160.328
-0.0031068456 159.529
-0.0031066456 161.927
-0.0031064456 163.927
-0.0031062456 161.128
-0.0031060456 160.328
-0.0031058456 159.529
-0.0031056456 162.327
-0.0031054456 164.326
-0.0031052456 157.929
-0.0031050456 163.127
-0.0031048456 161.128
-0.0031046456 161.128
-0.0031044456 162.727
-0.0031042456 161.927
-0.0031040456 164.726
-0.0031038456 164.726
-0.0031036456 161.927
-0.0031034456 162.727
-0.0031032456 159.529
-0.0031030456 160.328
-0.0031028456 160.728
-0.0031026456 161.528
-0.0031024456 163.127
-0.0031022456 163.527
-0.0031020456 165.126
-0.0031018456 161.128
-0.0031016456 164.326
-0.0031014456 161.128
-0.0031012456 163.127
-0.0031010456 164.326
-0.0031008456 161.528
-0.0031006456 160.728
-0.0031004456 163.127
-0.0031002456 166.325
-0.0031000456 163.927
-0.0030998456 163.927
-0.0030996456 162.727
-0.0030994456 162.727
-0.0030992456 162.727
-0.0030990456 164.326
-0.0030988456 165.526
-0.0030986456 162.727
-0.0030984456 165.526
-0.0030982456 162.727
-0.0030980456 160.328
-0.0030978456 165.126
-0.0030976456 164.326
-0.0030974456 162.727
-0.0030972456 162.727
-0.0030970456 164.726
-0.0030968456 165.926
-0.0030966456 161.927
-0.0030964456 167.125
-0.0030962456 165.526
-0.0030960456 165.126
-0.0030958456 165.126
-0.0030956456 166.725
-0.0030954456 167.125
-0.0030952456 162.727
-0.0030950456 163.927
-0.0030948456 164.726
-0.0030946456 164.726
-0.0030944456 166.725
-0.0030942456 163.127
-0.0030940456 165.926
-0.0030938456 165.126
-0.0030936456 165.126
-0.0030934456 167.125
-0.0030932456 163.527
-0.0030930456 166.725
-0.0030928456 166.325
-0.0030926456 165.926
-0.0030924456 166.325
-0.0030922456 167.125
-0.0030920456 166.725
-0.0030918456 164.326
-0.0030916456 165.526
-0.0030914456 165.926
-0.0030912456 164.726
-0.0030910456 167.925
-0.0030908456 167.125
-0.0030906456 165.926
-0.0030904456 166.725
-0.0030902456 167.125
-0.0030900456 167.125
-0.0030898456 167.125
-0.0030896456 165.526
-0.0030894456 165.526
-0.0030892456 167.125
-0.0030890456 165.526
-0.0030888456 166.325
-0.0030886456 169.124
-0.0030884456 166.325
-0.0030882456 165.126
-0.0030880456 166.725
-0.0030878456 164.326
-0.0030876456 165.926
-0.0030874456 167.525
-0.0030872456 167.125
-0.0030870456 165.926
-0.0030868456 169.524
-0.0030866456 167.925
-0.0030864456 167.525
-0.0030862456 167.525
-0.0030860456 165.926
-0.0030858456 168.325
-0.0030856456 166.325
-0.0030854456 165.926
-0.0030852456 168.724
-0.0030850456 165.926
-0.0030848456 167.925
-0.0030846456 167.125
-0.0030844456 166.325
-0.0030842456 166.325
-0.0030840456 168.724
-0.0030838456 168.325
-0.0030836456 167.525
-0.0030834456 166.325
-0.0030832456 167.925
-0.0030830456 168.325
-0.0030828456 166.325
-0.0030826456 170.324
-0.0030824456 167.525
-0.0030822456 169.124
-0.0030820456 166.725
-0.0030818456 167.525
-0.0030816456 167.925
-0.0030814456 168.325
-0.0030812456 169.924
-0.0030810456 166.325
-0.0030808456 167.125
-0.0030806456 169.124
-0.0030804456 165.126
-0.0030802456 164.726
-0.0030800456 170.724
-0.0030798456 168.724
-0.0030796456 169.924
-0.0030794456 167.525
-0.0030792456 169.924
-0.0030790456 166.725
-0.0030788456 168.325
-0.0030786456 167.525
-0.0030784456 170.724
-0.0030782456 172.723
-0.0030780456 168.724
-0.0030778456 168.325
-0.0030776456 171.123
-0.0030774456 170.324
-0.0030772456 167.925
-0.0030770456 170.324
-0.0030768456 169.924
-0.0030766456 168.724
-0.0030764456 171.123
-0.0030762456 169.924
-0.0030760456 170.324
-0.0030758456 169.924
-0.0030756456 171.523
-0.0030754456 169.924
-0.0030752456 170.724
-0.0030750456 169.524
-0.0030748456 171.123
-0.0030746456 170.724
-0.0030744456 171.123
-0.0030742456 171.123
-0.0030740456 169.124
-0.0030738456 171.523
-0.0030736456 171.523
-0.0030734456 169.924
-0.0030732456 171.923
-0.0030730456 169.524
-0.0030728456 173.922
-0.0030726456 169.924
-0.0030724456 170.724
-0.0030722456 171.523
-0.0030720456 171.123
-0.0030718456 170.324
-0.0030716456 171.923
-0.0030714456 171.123
-0.0030712456 171.123
-0.0030710456 171.523
-0.0030708456 173.922
-0.0030706456 170.724
-0.0030704456 170.724
-0.0030702456 171.523
-0.0030700456 170.724
-0.0030698456 173.522
-0.0030696456 168.724
-0.0030694456 172.323
-0.0030692456 171.923
-0.0030690456 175.122
-0.0030688456 173.922
-0.0030686456 173.122
-0.0030684456 172.323
-0.0030682456 172.723
-0.0030680456 171.923
-0.0030678456 173.122
-0.0030676456 171.923
-0.0030674456 170.724
-0.0030672456 172.323
-0.0030670456 172.323
-0.0030668456 171.523
-0.0030666456 171.523
-0.0030664456 173.922
-0.0030662456 173.122
-0.0030660456 172.723
-0.0030658456 169.524
-0.0030656456 172.723
-0.0030654456 169.524
-0.0030652456 173.522
-0.0030650456 170.724
-0.0030648456 173.522
-0.0030646456 173.522
-0.0030644456 172.323
-0.0030642456 173.922
-0.0030640456 171.123
-0.0030638456 173.122
-0.0030636456 172.323
-0.0030634456 171.923
-0.0030632456 172.723
-0.0030630456 173.922
-0.0030628456 174.722
-0.0030626456 171.923
-0.0030624456 175.521
-0.0030622456 172.323
-0.0030620456 171.923
-0.0030618456 175.122
-0.0030616456 172.323
-0.0030614456 173.522
-0.0030612456 172.323
-0.0030610456 172.323
-0.0030608456 174.322
-0.0030606456 173.522
-0.0030604456 170.324
-0.0030602456 173.522
-0.0030600456 173.922
-0.0030598456 173.122
-0.0030596456 171.923
-0.0030594456 173.522
-0.0030592456 174.722
-0.0030590456 170.324
-0.0030588456 172.723
-0.0030586456 172.723
-0.0030584456 171.123
-0.0030582456 172.723
-0.0030580456 173.122
-0.0030578456 171.523
-0.0030576456 172.323
-0.0030574456 171.923
-0.0030572456 171.923
-0.0030570456 175.122
-0.0030568456 172.723
-0.0030566456 171.123
-0.0030564456 174.322
-0.0030562456 173.522
-0.0030560456 173.522
-0.0030558456 175.921
-0.0030556456 174.322
-0.0030554456 173.922
-0.0030552456 171.923
-0.0030550456 173.122
-0.0030548456 171.923
-0.0030546456 171.923
-0.0030544456 173.522
-0.0030542456 176.721
-0.0030540456 170.724
-0.0030538456 173.122
-0.0030536456 173.522
-0.0030534456 173.922
-0.0030532456 175.122
-0.0030530456 173.522
-0.0030528456 175.122
-0.0030526456 175.122
-0.0030524456 174.322
-0.0030522456 173.522
-0.0030520456 173.122
-0.0030518456 176.721
-0.0030516456 172.723
-0.0030514456 173.922
-0.0030512456 177.121
-0.0030510456 174.722
-0.0030508456 175.521
-0.0030506456 176.321
-0.0030504456 173.522
-0.0030502456 173.522
-0.0030500456 175.122
-0.0030498456 175.122
-0.0030496456 172.323
-0.0030494456 172.323
-0.0030492456 175.122
-0.0030490456 175.521
-0.0030488456 173.122
-0.0030486456 175.122
-0.0030484456 173.922
-0.0030482456 177.121
-0.0030480456 173.922
-0.0030478456 176.321
-0.0030476456 174.322
-0.0030474456 173.522
-0.0030472456 174.722
-0.0030470456 177.121
-0.0030468456 175.122
-0.0030466456 175.122
-0.0030464456 176.721
-0.0030462456 178.32
-0.0030460456 174.722
-0.0030458456 175.921
-0.0030456456 176.721
-0.0030454456 177.121
-0.0030452456 178.32
-0.0030450456 175.122
-0.0030448456 175.521
-0.0030446456 175.921
-0.0030444456 175.921
-0.0030442456 175.921
-0.0030440456 176.721
-0.0030438456 173.522
-0.0030436456 177.121
-0.0030434456 175.521
-0.0030432456 176.721
-0.0030430456 176.321
-0.0030428456 176.721
-0.0030426456 177.92
-0.0030424456 174.722
-0.0030422456 176.321
-0.0030420456 177.52
-0.0030418456 175.521
-0.0030416456 179.52
-0.0030414456 177.92
-0.0030412456 175.521
-0.0030410456 175.921
-0.0030408456 175.521
-0.0030406456 178.72
-0.0030404456 176.721
-0.0030402456 179.12
-0.0030400456 179.12
-0.0030398456 178.32
-0.0030396456 175.921
-0.0030394456 176.321
-0.0030392456 179.919
-0.0030390456 178.32
-0.0030388456 176.321
-0.0030386456 177.121
-0.0030384456 177.52
-0.0030382456 178.32
-0.0030380456 175.122
-0.0030378456 179.919
-0.0030376456 174.722
-0.0030374456 177.92
-0.0030372456 178.32
-0.0030370456 179.12
-0.0030368456 176.321
-0.0030366456 175.521
-0.0030364456 177.52
-0.0030362456 177.121
-0.0030360456 177.121
-0.0030358456 179.52
-0.0030356456 179.12
-0.0030354456 177.52
-0.0030352456 177.52
-0.0030350456 179.52
-0.0030348456 179.52
-0.0030346456 177.52
-0.0030344456 180.319
-0.0030342456 180.719
-0.0030340456 179.12
-0.0030338456 180.319
-0.0030336456 177.92
-0.0030334456 178.72
-0.0030332456 180.319
-0.0030330456 179.12
-0.0030328456 180.719
-0.0030326456 179.12
-0.0030324456 181.519
-0.0030322456 179.919
-0.0030320456 179.919
-0.0030318456 177.92
-0.0030316456 181.119
-0.0030314456 177.52
-0.0030312456 179.919
-0.0030310456 179.52
-0.0030308456 181.119
-0.0030306456 180.719
-0.0030304456 179.919
-0.0030302456 179.919
-0.0030300456 180.719
-0.0030298456 179.52
-0.0030296456 179.919
-0.0030294456 179.919
-0.0030292456 179.919
-0.0030290456 179.12
-0.0030288456 177.92
-0.0030286456 178.72
-0.0030284456 177.52
-0.0030282456 179.52
-0.0030280456 179.12
-0.0030278456 183.518
-0.0030276456 179.919
-0.0030274456 181.919
-0.0030272456 179.919
-0.0030270456 181.919
-0.0030268456 180.319
-0.0030266456 180.319
-0.0030264456 181.919
-0.0030262456 181.519
-0.0030260456 182.718
-0.0030258456 180.319
-0.0030256456 182.718
-0.0030254456 180.719
-0.0030252456 184.317
-0.0030250456 180.319
-0.0030248456 183.518
-0.0030246456 180.719
-0.0030244456 181.519
-0.0030242456 183.518
-0.0030240456 183.518
-0.0030238456 179.919
-0.0030236456 182.318
-0.0030234456 179.919
-0.0030232456 181.919
-0.0030230456 180.319
-0.0030228456 178.72
-0.0030226456 180.319
-0.0030224456 181.519
-0.0030222456 183.518
-0.0030220456 180.319
-0.0030218456 183.118
-0.0030216456 182.318
-0.0030214456 182.718
-0.0030212456 184.717
-0.0030210456 182.318
-0.0030208456 181.119
-0.0030206456 183.518
-0.0030204456 179.919
-0.0030202456 181.919
-0.0030200456 183.518
-0.0030198456 183.118
-0.0030196456 183.918
-0.0030194456 182.318
-0.0030192456 180.319
-0.0030190456 181.519
-0.0030188456 180.719
-0.0030186456 183.918
-0.0030184456 183.118
-0.0030182456 180.719
-0.0030180456 183.118
-0.0030178456 185.117
-0.0030176456 181.519
-0.0030174456 180.719
-0.0030172456 182.318
-0.0030170456 183.118
-0.0030168456 182.318
-0.0030166456 181.919
-0.0030164456 183.518
-0.0030162456 182.318
-0.0030160456 182.318
-0.0030158456 183.118
-0.0030156456 181.919
-0.0030154456 184.317
-0.0030152456 181.519
-0.0030150456 179.919
-0.0030148456 182.318
-0.0030146456 182.318
-0.0030144456 184.317
-0.0030142456 181.119
-0.0030140456 180.719
-0.0030138456 182.318
-0.0030136456 182.318
-0.0030134456 185.917
-0.0030132456 185.117
-0.0030130456 182.718
-0.0030128456 181.119
-0.0030126456 181.119
-0.0030124456 185.917
-0.0030122456 181.919
-0.0030120456 182.318
-0.0030118456 183.918
-0.0030116456 183.518
-0.0030114456 180.719
-0.0030112456 182.318
-0.0030110456 182.318
-0.0030108456 182.718
-0.0030106456 184.717
-0.0030104456 182.718
-0.0030102456 184.717
-0.0030100456 183.518
-0.0030098456 186.716
-0.0030096456 183.118
-0.0030094456 185.117
-0.0030092456 181.119
-0.0030090456 183.518
-0.0030088456 182.718
-0.0030086456 182.318
-0.0030084456 185.117
-0.0030082456 185.517
-0.0030080456 184.717
-0.0030078456 185.917
-0.0030076456 185.117
-0.0030074456 183.118
-0.0030072456 185.517
-0.0030070456 183.918
-0.0030068456 184.717
-0.0030066456 185.117
-0.0030064456 185.517
-0.0030062456 186.716
-0.0030060456 183.918
-0.0030058456 183.918
-0.0030056456 187.516
-0.0030054456 186.317
-0.0030052456 183.518
-0.0030050456 185.917
-0.0030048456 185.517
-0.0030046456 184.717
-0.0030044456 184.717
-0.0030042456 185.117
-0.0030040456 187.116
-0.0030038456 183.918
-0.0030036456 185.517
-0.0030034456 185.117
-0.0030032456 184.717
-0.0030030456 183.918
-0.0030028456 184.717
-0.0030026456 187.516
-0.0030024456 187.116
-0.0030022456 184.717
-0.0030020456 186.317
-0.0030018456 185.117
-0.0030016456 186.317
-0.0030014456 187.916
-0.0030012456 186.716
-0.0030010456 185.117
-0.0030008456 185.517
-0.0030006456 184.717
-0.0030004456 186.317
-0.0030002456 184.317
-0.0030000456 186.716
-0.0029998456 185.517
-0.0029996456 186.716
-0.0029994456 185.917
-0.0029992456 185.117
-0.0029990456 186.317
-0.0029988456 184.717
-0.0029986456 188.715
-0.0029984456 185.917
-0.0029982456 185.917
-0.0029980456 185.117
-0.0029978456 186.317
-0.0029976456 187.916
-0.0029974456 186.716
-0.0029972456 186.317
-0.0029970456 185.117
-0.0029968456 185.917
-0.0029966456 187.516
-0.0029964456 188.316
-0.0029962456 185.917
-0.0029960456 187.916
-0.0029958456 188.316
-0.0029956456 186.716
-0.0029954456 185.517
-0.0029952456 187.916
-0.0029950456 186.317
-0.0029948456 187.916
-0.0029946456 188.715
-0.0029944456 187.116
-0.0029942456 185.517
-0.0029940456 187.916
-0.0029938456 187.116
-0.0029936456 187.916
-0.0029934456 187.916
-0.0029932456 188.715
-0.0029930456 187.116
-0.0029928456 189.515
-0.0029926456 187.516
-0.0029924456 188.316
-0.0029922456 185.917
-0.0029920456 189.115
-0.0029918456 187.916
-0.0029916456 189.915
-0.0029914456 187.916
-0.0029912456 188.316
-0.0029910456 190.315
-0.0029908456 187.916
-0.0029906456 186.317
-0.0029904456 190.715
-0.0029902456 187.116
-0.0029900456 187.916
-0.0029898456 189.515
-0.0029896456 187.516
-0.0029894456 188.715
-0.0029892456 186.317
-0.0029890456 187.916
-0.0029888456 189.515
-0.0029886456 189.115
-0.0029884456 189.915
-0.0029882456 188.316
-0.0029880456 188.316
-0.0029878456 187.516
-0.0029876456 189.515
-0.0029874456 187.916
-0.0029872456 187.116
-0.0029870456 188.715
-0.0029868456 188.316
-0.0029866456 189.515
-0.0029864456 189.515
-0.0029862456 190.715
-0.0029860456 189.515
-0.0029858456 189.915
-0.0029856456 188.715
-0.0029854456 188.715
-0.0029852456 188.715
-0.0029850456 189.915
-0.0029848456 191.914
-0.0029846456 188.316
-0.0029844456 187.916
-0.0029842456 190.715
-0.0029840456 188.316
-0.0029838456 188.715
-0.0029836456 188.316
-0.0029834456 189.515
-0.0029832456 188.316
-0.0029830456 190.315
-0.0029828456 191.114
-0.0029826456 190.315
-0.0029824456 188.715
-0.0029822456 187.516
-0.0029820456 189.115
-0.0029818456 189.915
-0.0029816456 189.515
-0.0029814456 190.315
-0.0029812456 189.115
-0.0029810456 190.715
-0.0029808456 189.515
-0.0029806456 189.915
-0.0029804456 189.115
-0.0029802456 192.714
-0.0029800456 187.916
-0.0029798456 191.514
-0.0029796456 187.516
-0.0029794456 189.115
-0.0029792456 190.715
-0.0029790456 192.314
-0.0029788456 189.915
-0.0029786456 189.115
-0.0029784456 190.715
-0.0029782456 191.114
-0.0029780456 189.915
-0.0029778456 190.315
-0.0029776456 189.115
-0.0029774456 191.114
-0.0029772456 190.715
-0.0029770456 191.114
-0.0029768456 190.715
-0.0029766456 191.514
-0.0029764456 190.715
-0.0029762456 191.914
-0.0029760456 191.114
-0.0029758456 196.712
-0.0029756456 190.315
-0.0029754456 189.915
-0.0029752456 191.114
-0.0029750456 189.915
-0.0029748456 193.113
-0.0029746456 191.114
-0.0029744456 192.314
-0.0029742456 189.115
-0.0029740456 191.514
-0.0029738456 191.514
-0.0029736456 193.113
-0.0029734456 193.113
-0.0029732456 192.714
-0.0029730456 194.713
-0.0029728456 193.513
-0.0029726456 191.514
-0.0029724456 193.113
-0.0029722456 193.113
-0.0029720456 190.315
-0.0029718456 194.713
-0.0029716456 191.514
-0.0029714456 191.514
-0.0029712456 190.715
-0.0029710456 193.913
-0.0029708456 193.513
-0.0029706456 190.715
-0.0029704456 193.113
-0.0029702456 194.313
-0.0029700456 193.113
-0.0029698456 192.714
-0.0029696456 192.314
-0.0029694456 194.713
-0.0029692456 193.513
-0.0029690456 192.714
-0.0029688456 194.313
-0.0029686456 190.715
-0.0029684456 193.113
-0.0029682456 197.112
-0.0029680456 192.714
-0.0029678456 191.114
-0.0029676456 194.713
-0.0029674456 193.913
-0.0029672456 195.912
-0.0029670456 195.113
-0.0029668456 193.513
-0.0029666456 193.513
-0.0029664456 193.913
-0.0029662456 195.912
-0.0029660456 193.113
-0.0029658456 195.512
-0.0029656456 195.912
-0.0029654456 193.913
-0.0029652456 194.313
-0.0029650456 194.313
-0.0029648456 195.512
-0.0029646456 193.913
-0.0029644456 192.714
-0.0029642456 195.113
-0.0029640456 196.712
-0.0029638456 194.713
-0.0029636456 194.313
-0.0029634456 195.912
-0.0029632456 196.712
-0.0029630456 194.313
-0.0029628456 195.912
-0.0029626456 193.113
-0.0029624456 193.113
-0.0029622456 193.513
-0.0029620456 194.313
-0.0029618456 194.313
-0.0029616456 194.713
-0.0029614456 197.512
-0.0029612456 193.913
-0.0029610456 196.712
-0.0029608456 195.912
-0.0029606456 194.313
-0.0029604456 194.713
-0.0029602456 196.712
-0.0029600456 195.113
-0.0029598456 192.714
-0.0029596456 197.911
-0.0029594456 195.113
-0.0029592456 195.912
-0.0029590456 194.713
-0.0029588456 195.512
-0.0029586456 193.913
-0.0029584456 195.912
-0.0029582456 197.112
-0.0029580456 194.713
-0.0029578456 194.713
-0.0029576456 197.112
-0.0029574456 195.113
-0.0029572456 196.712
-0.0029570456 195.912
-0.0029568456 194.313
-0.0029566456 196.312
-0.0029564456 193.513
-0.0029562456 196.712
-0.0029560456 195.912
-0.0029558456 195.912
-0.0029556456 197.911
-0.0029554456 195.113
-0.0029552456 197.911
-0.0029550456 196.712
-0.0029548456 195.912
-0.0029546456 195.512
-0.0029544456 196.312
-0.0029542456 195.912
-0.0029540456 194.713
-0.0029538456 193.913
-0.0029536456 194.713
-0.0029534456 196.312
-0.0029532456 196.312
-0.0029530456 194.713
-0.0029528456 197.512
-0.0029526456 195.512
-0.0029524456 197.112
-0.0029522456 197.112
-0.0029520456 195.113
-0.0029518456 195.912
-0.0029516456 197.512
-0.0029514456 195.512
-0.0029512456 196.712
-0.0029510456 195.912
-0.0029508456 197.911
-0.0029506456 197.911
-0.0029504456 198.311
-0.0029502456 197.512
-0.0029500456 196.712
-0.0029498456 195.512
-0.0029496456 196.712
-0.0029494456 193.913
-0.0029492456 195.912
-0.0029490456 195.912
-0.0029488456 193.913
-0.0029486456 197.512
-0.0029484456 197.112
-0.0029482456 199.111
-0.0029480456 196.712
-0.0029478456 195.912
-0.0029476456 193.913
-0.0029474456 197.512
-0.0029472456 197.911
-0.0029470456 199.111
-0.0029468456 199.511
-0.0029466456 197.112
-0.0029464456 195.912
-0.0029462456 195.912
-0.0029460456 195.912
-0.0029458456 197.112
-0.0029456456 196.312
-0.0029454456 198.311
-0.0029452456 196.312
-0.0029450456 195.912
-0.0029448456 198.311
-0.0029446456 197.911
-0.0029444456 197.512
-0.0029442456 194.713
-0.0029440456 198.711
-0.0029438456 197.112
-0.0029436456 199.111
-0.0029434456 197.911
-0.0029432456 199.111
-0.0029430456 199.91
-0.0029428456 197.911
-0.0029426456 195.912
-0.0029424456 198.711
-0.0029422456 198.311
-0.0029420456 199.91
-0.0029418456 197.512
-0.0029416456 197.512
-0.0029414456 198.711
-0.0029412456 198.311
-0.0029410456 197.112
-0.0029408456 199.91
-0.0029406456 202.309
-0.0029404456 201.11
-0.0029402456 199.91
-0.0029400456 199.511
-0.0029398456 197.512
-0.0029396456 197.512
-0.0029394456 199.111
-0.0029392456 198.311
-0.0029390456 199.111
-0.0029388456 198.711
-0.0029386456 198.711
-0.0029384456 195.912
-0.0029382456 199.511
-0.0029380456 199.511
-0.0029378456 201.91
-0.0029376456 198.711
-0.0029374456 199.111
-0.0029372456 198.311
-0.0029370456 199.111
-0.0029368456 199.511
-0.0029366456 201.11
-0.0029364456 198.311
-0.0029362456 199.511
-0.0029360456 197.112
-0.0029358456 199.91
-0.0029356456 199.511
-0.0029354456 199.111
-0.0029352456 198.311
-0.0029350456 201.51
-0.0029348456 199.511
-0.0029346456 199.91
-0.0029344456 200.71
-0.0029342456 201.51
-0.0029340456 198.311
-0.0029338456 201.91
-0.0029336456 201.51
-0.0029334456 200.71
-0.0029332456 201.51
-0.0029330456 202.309
-0.0029328456 199.91
-0.0029326456 200.71
-0.0029324456 199.511
-0.0029322456 202.709
-0.0029320456 201.11
-0.0029318456 201.11
-0.0029316456 200.71
-0.0029314456 201.11
-0.0029312456 201.51
-0.0029310456 201.91
-0.0029308456 202.709
-0.0029306456 199.91
-0.0029304456 199.511
-0.0029302456 200.31
-0.0029300456 203.109
-0.0029298456 201.11
-0.0029296456 200.31
-0.0029294456 201.51
-0.0029292456 202.709
-0.0029290456 201.91
-0.0029288456 200.71
-0.0029286456 204.308
-0.0029284456 201.11
-0.0029282456 201.11
-0.0029280456 202.309
-0.0029278456 201.91
-0.0029276456 202.709
-0.0029274456 202.309
-0.0029272456 200.31
-0.0029270456 202.309
-0.0029268456 203.109
-0.0029266456 202.709
-0.0029264456 201.91
-0.0029262456 203.509
-0.0029260456 201.91
-0.0029258456 201.91
-0.0029256456 203.909
-0.0029254456 200.31
-0.0029252456 201.91
-0.0029250456 204.308
-0.0029248456 203.509
-0.0029246456 202.709
-0.0029244456 203.109
-0.0029242456 204.308
-0.0029240456 204.308
-0.0029238456 202.709
-0.0029236456 202.709
-0.0029234456 205.908
-0.0029232456 203.909
-0.0029230456 202.309
-0.0029228456 205.508
-0.0029226456 203.909
-0.0029224456 205.508
-0.0029222456 202.309
-0.0029220456 202.309
-0.0029218456 203.509
-0.0029216456 203.109
-0.0029214456 204.308
-0.0029212456 204.708
-0.0029210456 204.308
-0.0029208456 203.509
-0.0029206456 203.509
-0.0029204456 204.308
-0.0029202456 203.509
-0.0029200456 204.708
-0.0029198456 205.508
-0.0029196456 205.108
-0.0029194456 203.909
-0.0029192456 205.508
-0.0029190456 207.907
-0.0029188456 203.109
-0.0029186456 203.509
-0.0029184456 204.308
-0.0029182456 206.707
-0.0029180456 204.308
-0.0029178456 205.508
-0.0029176456 203.909
-0.0029174456 205.908
-0.0029172456 203.909
-0.0029170456 205.908
-0.0029168456 203.909
-0.0029166456 204.308
-0.0029164456 207.107
-0.0029162456 206.308
-0.0029160456 204.708
-0.0029158456 206.308
-0.0029156456 207.107
-0.0029154456 203.509
-0.0029152456 205.508
-0.0029150456 207.107
-0.0029148456 205.908
-0.0029146456 205.908
-0.0029144456 207.507
-0.0029142456 206.707
-0.0029140456 205.908
-0.0029138456 205.108
-0.0029136456 208.307
-0.0029134456 206.707
-0.0029132456 206.308
-0.0029130456 207.507
-0.0029128456 207.907
-0.0029126456 206.308
-0.0029124456 205.508
-0.0029122456 206.707
-0.0029120456 207.107
-0.0029118456 205.908
-0.0029116456 204.708
-0.0029114456 207.107
-0.0029112456 204.308
-0.0029110456 205.508
-0.0029108456 205.108
-0.0029106456 205.108
-0.0029104456 206.308
-0.0029102456 207.907
-0.0029100456 205.108
-0.0029098456 208.706
-0.0029096456 207.507
-0.0029094456 205.908
-0.0029092456 207.507
-0.0029090456 207.107
-0.0029088456 205.908
-0.0029086456 206.308
-0.0029084456 207.107
-0.0029082456 206.707
-0.0029080456 205.508
-0.0029078456 207.107
-0.0029076456 205.908
-0.0029074456 207.107
-0.0029072456 208.307
-0.0029070456 206.707
-0.0029068456 205.108
-0.0029066456 207.907
-0.0029064456 207.907
-0.0029062456 208.706
-0.0029060456 207.507
-0.0029058456 205.908
-0.0029056456 205.908
-0.0029054456 206.308
-0.0029052456 208.307
-0.0029050456 207.507
-0.0029048456 207.907
-0.0029046456 206.308
-0.0029044456 206.707
-0.0029042456 207.507
-0.0029040456 210.306
-0.0029038456 209.506
-0.0029036456 213.504
-0.0029034456 208.706
-0.0029032456 207.107
-0.0029030456 208.706
-0.0029028456 211.505
-0.0029026456 209.506
-0.0029024456 207.907
-0.0029022456 207.907
-0.0029020456 208.307
-0.0029018456 210.306
-0.0029016456 209.506
-0.0029014456 209.906
-0.0029012456 210.306
-0.0029010456 206.308
-0.0029008456 208.307
-0.0029006456 210.306
-0.0029004456 210.706
-0.0029002456 208.706
-0.0029000456 208.706
-0.0028998456 212.705
-0.0028996456 207.907
-0.0028994456 208.307
-0.0028992456 207.907
-0.0028990456 211.505
-0.0028988456 209.106
-0.0028986456 209.106
-0.0028984456 209.506
-0.0028982456 209.906
-0.0028980456 211.905
-0.0028978456 207.907
-0.0028976456 209.506
-0.0028974456 212.305
-0.0028972456 212.305
-0.0028970456 210.706
-0.0028968456 208.307
-0.0028966456 208.706
-0.0028964456 210.706
-0.0028962456 211.505
-0.0028960456 209.906
-0.0028958456 211.505
-0.0028956456 213.105
-0.0028954456 210.306
-0.0028952456 209.506
-0.0028950456 209.506
-0.0028948456 210.706
-0.0028946456 209.906
-0.0028944456 211.105
-0.0028942456 209.506
-0.0028940456 211.905
-0.0028938456 213.504
-0.0028936456 211.905
-0.0028934456 213.105
-0.0028932456 209.906
-0.0028930456 208.307
-0.0028928456 208.706
-0.0028926456 211.105
-0.0028924456 209.906
-0.0028922456 210.306
-0.0028920456 210.706
-0.0028918456 211.105
-0.0028916456 212.305
-0.0028914456 210.706
-0.0028912456 208.307
-0.0028910456 211.505
-0.0028908456 211.905
-0.0028906456 211.505
-0.0028904456 213.504
-0.0028902456 212.305
-0.0028900456 212.305
-0.0028898456 211.105
-0.0028896456 211.105
-0.0028894456 211.105
-0.0028892456 212.305
-0.0028890456 212.305
-0.0028888456 212.305
-0.0028886456 211.505
-0.0028884456 212.705
-0.0028882456 211.905
-0.0028880456 215.104
-0.0028878456 213.105
-0.0028876456 210.306
-0.0028874456 211.105
-0.0028872456 213.105
-0.0028870456 212.305
-0.0028868456 211.905
-0.0028866456 212.305
-0.0028864456 211.105
-0.0028862456 212.305
-0.0028860456 213.904
-0.0028858456 211.105
-0.0028856456 213.105
-0.0028854456 210.706
-0.0028852456 212.305
-0.0028850456 211.905
-0.0028848456 211.905
-0.0028846456 211.505
-0.0028844456 213.105
-0.0028842456 212.705
-0.0028840456 212.705
-0.0028838456 213.904
-0.0028836456 212.705
-0.0028834456 212.305
-0.0028832456 213.504
-0.0028830456 213.904
-0.0028828456 213.904
-0.0028826456 210.306
-0.0028824456 215.903
-0.0028822456 211.505
-0.0028820456 213.904
-0.0028818456 212.305
-0.0028816456 213.904
-0.0028814456 215.903
-0.0028812456 212.705
-0.0028810456 212.305
-0.0028808456 214.304
-0.0028806456 213.904
-0.0028804456 214.704
-0.0028802456 214.304
-0.0028800456 215.903
-0.0028798456 211.905
-0.0028796456 213.504
-0.0028794456 214.304
-0.0028792456 213.904
-0.0028790456 214.304
-0.0028788456 211.905
-0.0028786456 216.303
-0.0028784456 215.903
-0.0028782456 213.504
-0.0028780456 213.504
-0.0028778456 214.704
-0.0028776456 214.304
-0.0028774456 213.904
-0.0028772456 214.304
-0.0028770456 217.902
-0.0028768456 212.305
-0.0028766456 212.305
-0.0028764456 213.504
-0.0028762456 215.503
-0.0028760456 214.704
-0.0028758456 211.905
-0.0028756456 216.703
-0.0028754456 215.503
-0.0028752456 213.904
-0.0028750456 213.904
-0.0028748456 214.304
-0.0028746456 212.705
-0.0028744456 213.904
-0.0028742456 216.703
-0.0028740456 215.104
-0.0028738456 216.703
-0.0028736456 217.103
-0.0028734456 215.503
-0.0028732456 215.503
-0.0028730456 215.503
-0.0028728456 215.104
-0.0028726456 216.703
-0.0028724456 216.303
-0.0028722456 215.104
-0.0028720456 216.303
-0.0028718456 214.304
-0.0028716456 216.703
-0.0028714456 215.104
-0.0028712456 217.503
-0.0028710456 217.103
-0.0028708456 215.903
-0.0028706456 214.304
-0.0028704456 217.902
-0.0028702456 216.703
-0.0028700456 217.503
-0.0028698456 216.303
-0.0028696456 218.302
-0.0028694456 215.903
-0.0028692456 217.103
-0.0028690456 217.902
-0.0028688456 215.104
-0.0028686456 217.103
-0.0028684456 216.303
-0.0028682456 214.704
-0.0028680456 215.503
-0.0028678456 216.703
-0.0028676456 217.103
-0.0028674456 216.303
-0.0028672456 216.703
-0.0028670456 215.503
-0.0028668456 214.304
-0.0028666456 217.103
-0.0028664456 215.104
-0.0028662456 217.902
-0.0028660456 216.703
-0.0028658456 216.303
-0.0028656456 215.903
-0.0028654456 217.103
-0.0028652456 215.903
-0.0028650456 216.703
-0.0028648456 215.503
-0.0028646456 215.903
-0.0028644456 218.302
-0.0028642456 217.103
-0.0028640456 215.104
-0.0028638456 216.303
-0.0028636456 216.703
-0.0028634456 217.503
-0.0028632456 217.902
-0.0028630456 214.704
-0.0028628456 216.303
-0.0028626456 217.902
-0.0028624456 217.103
-0.0028622456 215.903
-0.0028620456 216.303
-0.0028618456 217.902
-0.0028616456 217.902
-0.0028614456 215.503
-0.0028612456 215.503
-0.0028610456 217.902
-0.0028608456 219.502
-0.0028606456 216.703
-0.0028604456 216.703
-0.0028602456 216.303
-0.0028600456 218.702
-0.0028598456 219.102
-0.0028596456 217.503
-0.0028594456 218.702
-0.0028592456 218.702
-0.0028590456 216.303
-0.0028588456 217.503
-0.0028586456 220.301
-0.0028584456 218.302
-0.0028582456 218.302
-0.0028580456 217.103
-0.0028578456 217.103
-0.0028576456 216.303
-0.0028574456 218.702
-0.0028572456 217.902
-0.0028570456 219.502
-0.0028568456 218.702
-0.0028566456 219.502
-0.0028564456 218.702
-0.0028562456 217.103
-0.0028560456 220.301
-0.0028558456 219.102
-0.0028556456 216.703
-0.0028554456 218.302
-0.0028552456 217.902
-0.0028550456 219.102
-0.0028548456 217.902
-0.0028546456 219.502
-0.0028544456 218.702
-0.0028542456 217.902
-0.0028540456 218.702
-0.0028538456 217.503
-0.0028536456 217.103
-0.0028534456 221.101
-0.0028532456 218.302
-0.0028530456 218.302
-0.0028528456 218.702
-0.0028526456 220.301
-0.0028524456 218.702
-0.0028522456 220.301
-0.0028520456 219.901
-0.0028518456 218.702
-0.0028516456 219.102
-0.0028514456 221.101
-0.0028512456 219.502
-0.0028510456 219.102
-0.0028508456 220.301
-0.0028506456 221.101
-0.0028504456 222.3
-0.0028502456 218.702
-0.0028500456 223.5
-0.0028498456 217.902
-0.0028496456 221.101
-0.0028494456 218.702
-0.0028492456 219.502
-0.0028490456 219.102
-0.0028488456 220.701
-0.0028486456 222.3
-0.0028484456 223.1
-0.0028482456 223.1
-0.0028480456 219.502
-0.0028478456 221.101
-0.0028476456 221.501
-0.0028474456 223.1
-0.0028472456 218.302
-0.0028470456 222.3
-0.0028468456 222.3
-0.0028466456 222.3
-0.0028464456 222.3
-0.0028462456 221.901
-0.0028460456 219.901
-0.0028458456 223.1
-0.0028456456 221.901
-0.0028454456 221.101
-0.0028452456 223.5
-0.0028450456 221.501
-0.0028448456 221.501
-0.0028446456 223.9
-0.0028444456 222.7
-0.0028442456 225.099
-0.0028440456 224.3
-0.0028438456 223.5
-0.0028436456 223.9
-0.0028434456 221.901
-0.0028432456 222.7
-0.0028430456 219.901
-0.0028428456 223.1
-0.0028426456 223.9
-0.0028424456 223.9
-0.0028422456 221.501
-0.0028420456 220.301
-0.0028418456 223.9
-0.0028416456 222.7
-0.0028414456 227.098
-0.0028412456 223.5
-0.0028410456 222.3
-0.0028408456 223.9
-0.0028406456 224.3
-0.0028404456 224.3
-0.0028402456 223.9
-0.0028400456 227.098
-0.0028398456 224.699
-0.0028396456 225.499
-0.0028394456 224.699
-0.0028392456 221.501
-0.0028390456 221.901
-0.0028388456 221.901
-0.0028386456 223.5
-0.0028384456 223.1
-0.0028382456 225.899
-0.0028380456 226.299
-0.0028378456 224.699
-0.0028376456 223.1
-0.0028374456 224.3
-0.0028372456 223.9
-0.0028370456 225.499
-0.0028368456 225.499
-0.0028366456 225.499
-0.0028364456 226.299
-0.0028362456 223.9
-0.0028360456 220.701
-0.0028358456 223.5
-0.0028356456 226.698
-0.0028354456 226.299
-0.0028352456 223.5
-0.0028350456 224.3
-0.0028348456 225.099
-0.0028346456 223.5
-0.0028344456 226.299
-0.0028342456 225.899
-0.0028340456 224.3
-0.0028338456 228.298
-0.0028336456 224.699
-0.0028334456 225.899
-0.0028332456 224.699
-0.0028330456 223.9
-0.0028328456 226.698
-0.0028326456 223.5
-0.0028324456 225.099
-0.0028322456 226.299
-0.0028320456 227.098
-0.0028318456 227.898
-0.0028316456 228.298
-0.0028314456 227.498
-0.0028312456 225.099
-0.0028310456 226.698
-0.0028308456 227.498
-0.0028306456 229.497
-0.0028304456 226.299
-0.0028302456 225.499
-0.0028300456 228.698
-0.0028298456 228.298
-0.0028296456 227.498
-0.0028294456 225.899
-0.0028292456 229.097
-0.0028290456 226.299
-0.0028288456 227.898
-0.0028286456 227.898
-0.0028284456 225.099
-0.0028282456 229.897
-0.0028280456 228.298
-0.0028278456 227.098
-0.0028276456 225.499
-0.0028274456 227.098
-0.0028272456 229.097
-0.0028270456 227.898
-0.0028268456 228.698
-0.0028266456 229.497
-0.0028264456 229.097
-0.0028262456 231.496
-0.0028260456 227.898
-0.0028258456 227.098
-0.0028256456 227.098
-0.0028254456 228.298
-0.0028252456 230.297
-0.0028250456 228.698
-0.0028248456 228.698
-0.0028246456 228.298
-0.0028244456 227.498
-0.0028242456 227.898
-0.0028240456 230.697
-0.0028238456 228.698
-0.0028236456 230.297
-0.0028234456 230.297
-0.0028232456 228.698
-0.0028230456 228.698
-0.0028228456 231.096
-0.0028226456 230.697
-0.0028224456 228.698
-0.0028222456 229.497
-0.0028220456 228.698
-0.0028218456 229.097
-0.0028216456 226.299
-0.0028214456 229.897
-0.0028212456 231.496
-0.0028210456 229.897
-0.0028208456 229.097
-0.0028206456 228.698
-0.0028204456 229.097
-0.0028202456 230.697
-0.0028200456 230.697
-0.0028198456 229.497
-0.0028196456 229.497
-0.0028194456 230.697
-0.0028192456 229.897
-0.0028190456 230.297
-0.0028188456 229.097
-0.0028186456 229.897
-0.0028184456 230.297
-0.0028182456 228.698
-0.0028180456 230.297
-0.0028178456 231.496
-0.0028176456 229.097
-0.0028174456 233.495
-0.0028172456 233.096
-0.0028170456 230.297
-0.0028168456 231.496
-0.0028166456 231.496
-0.0028164456 230.297
-0.0028162456 231.096
-0.0028160456 231.096
-0.0028158456 231.096
-0.0028156456 231.096
-0.0028154456 232.296
-0.0028152456 233.096
-0.0028150456 230.297
-0.0028148456 233.895
-0.0028146456 233.096
-0.0028144456 233.495
-0.0028142456 234.695
-0.0028140456 233.495
-0.0028138456 229.897
-0.0028136456 230.697
-0.0028134456 234.295
-0.0028132456 232.296
-0.0028130456 232.696
-0.0028128456 232.296
-0.0028126456 232.296
-0.0028124456 231.496
-0.0028122456 227.898
-0.0028120456 229.497
-0.0028118456 231.496
-0.0028116456 230.697
-0.0028114456 233.895
-0.0028112456 231.496
-0.0028110456 232.296
-0.0028108456 233.096
-0.0028106456 233.096
-0.0028104456 233.895
-0.0028102456 233.096
-0.0028100456 233.495
-0.0028098456 231.496
-0.0028096456 232.696
-0.0028094456 235.494
-0.0028092456 233.895
-0.0028090456 234.695
-0.0028088456 233.096
-0.0028086456 236.294
-0.0028084456 233.895
-0.0028082456 233.096
-0.0028080456 234.295
-0.0028078456 234.695
-0.0028076456 235.095
-0.0028074456 234.695
-0.0028072456 235.894
-0.0028070456 235.095
-0.0028068456 234.695
-0.0028066456 235.095
-0.0028064456 233.895
-0.0028062456 233.096
-0.0028060456 235.095
-0.0028058456 232.696
-0.0028056456 234.295
-0.0028054456 233.895
-0.0028052456 233.895
-0.0028050456 233.495
-0.0028048456 236.694
-0.0028046456 237.094
-0.0028044456 234.695
-0.0028042456 235.095
-0.0028040456 238.693
-0.0028038456 238.693
-0.0028036456 235.095
-0.0028034456 236.694
-0.0028032456 233.895
-0.0028030456 233.096
-0.0028028456 233.495
-0.0028026456 235.894
-0.0028024456 236.294
-0.0028022456 235.095
-0.0028020456 234.695
-0.0028018456 235.894
-0.0028016456 237.094
-0.0028014456 235.494
-0.0028012456 237.094
-0.0028010456 236.294
-0.0028008456 237.494
-0.0028006456 234.695
-0.0028004456 236.694
-0.0028002456 234.295
-0.0028000456 232.696
-0.0027998456 237.893
-0.0027996456 236.694
-0.0027994456 235.494
-0.0027992456 237.494
-0.0027990456 235.894
-0.0027988456 239.893
-0.0027986456 236.294
-0.0027984456 236.294
-0.0027982456 235.494
-0.0027980456 237.893
-0.0027978456 234.695
-0.0027976456 235.494
-0.0027974456 237.494
-0.0027972456 237.494
-0.0027970456 240.692
-0.0027968456 237.094
-0.0027966456 237.094
-0.0027964456 237.494
-0.0027962456 236.294
-0.0027960456 239.493
-0.0027958456 239.893
-0.0027956456 239.093
-0.0027954456 239.493
-0.0027952456 241.492
-0.0027950456 240.692
-0.0027948456 237.893
-0.0027946456 237.494
-0.0027944456 240.292
-0.0027942456 237.893
-0.0027940456 242.291
-0.0027938456 239.493
-0.0027936456 240.692
-0.0027934456 236.694
-0.0027932456 239.493
-0.0027930456 241.892
-0.0027928456 239.893
-0.0027926456 238.293
-0.0027924456 242.691
-0.0027922456 237.893
-0.0027920456 241.492
-0.0027918456 237.494
-0.0027916456 241.492
-0.0027914456 239.493
-0.0027912456 239.093
-0.0027910456 239.493
-0.0027908456 238.693
-0.0027906456 238.293
-0.0027904456 238.293
-0.0027902456 242.291
-0.0027900456 237.893
-0.0027898456 240.292
-0.0027896456 241.092
-0.0027894456 240.692
-0.0027892456 241.492
-0.0027890456 240.692
-0.0027888456 241.892
-0.0027886456 242.291
-0.0027884456 241.492
-0.0027882456 241.492
-0.0027880456 242.291
-0.0027878456 241.092
-0.0027876456 239.493
-0.0027874456 241.892
-0.0027872456 239.093
-0.0027870456 241.092
-0.0027868456 243.091
-0.0027866456 241.092
-0.0027864456 241.892
-0.0027862456 243.891
-0.0027860456 241.492
-0.0027858456 243.091
-0.0027856456 242.291
-0.0027854456 241.892
-0.0027852456 240.692
-0.0027850456 241.092
-0.0027848456 243.491
-0.0027846456 241.892
-0.0027844456 243.091
-0.0027842456 241.892
-0.0027840456 240.292
-0.0027838456 244.291
-0.0027836456 242.291
-0.0027834456 241.492
-0.0027832456 243.491
-0.0027830456 243.091
-0.0027828456 243.091
-0.0027826456 244.291
-0.0027824456 241.892
-0.0027822456 242.291
-0.0027820456 241.892
-0.0027818456 246.29
-0.0027816456 245.89
-0.0027814456 245.49
-0.0027812456 244.291
-0.0027810456 243.091
-0.0027808456 245.49
-0.0027806456 245.89
-0.0027804456 246.689
-0.0027802456 243.091
-0.0027800456 244.291
-0.0027798456 243.891
-0.0027796456 244.69
-0.0027794456 245.89
-0.0027792456 244.69
-0.0027790456 243.891
-0.0027788456 242.291
-0.0027786456 245.89
-0.0027784456 243.491
-0.0027782456 242.691
-0.0027780456 247.089
-0.0027778456 243.091
-0.0027776456 245.09
-0.0027774456 247.489
-0.0027772456 246.29
-0.0027770456 244.69
-0.0027768456 245.49
-0.0027766456 243.091
-0.0027764456 244.69
-0.0027762456 245.09
-0.0027760456 247.089
-0.0027758456 246.689
-0.0027756456 245.09
-0.0027754456 246.689
-0.0027752456 245.89
-0.0027750456 246.29
-0.0027748456 246.29
-0.0027746456 244.291
-0.0027744456 246.29
-0.0027742456 244.291
-0.0027740456 248.289
-0.0027738456 248.689
-0.0027736456 244.69
-0.0027734456 244.69
-0.0027732456 247.089
-0.0027730456 245.89
-0.0027728456 244.291
-0.0027726456 245.49
-0.0027724456 246.689
-0.0027722456 248.289
-0.0027720456 245.89
-0.0027718456 245.49
-0.0027716456 247.089
-0.0027714456 247.889
-0.0027712456 247.889
-0.0027710456 249.488
-0.0027708456 246.29
-0.0027706456 249.888
-0.0027704456 247.889
-0.0027702456 250.288
-0.0027700456 249.488
-0.0027698456 249.088
-0.0027696456 250.688
-0.0027694456 249.088
-0.0027692456 247.089
-0.0027690456 251.487
-0.0027688456 247.489
-0.0027686456 247.489
-0.0027684456 245.09
-0.0027682456 247.889
-0.0027680456 248.289
-0.0027678456 246.689
-0.0027676456 247.489
-0.0027674456 248.289
-0.0027672456 247.889
-0.0027670456 248.289
-0.0027668456 250.288
-0.0027666456 249.888
-0.0027664456 251.088
-0.0027662456 247.489
-0.0027660456 247.489
-0.0027658456 248.289
-0.0027656456 247.089
-0.0027654456 248.289
-0.0027652456 249.488
-0.0027650456 250.688
-0.0027648456 252.687
-0.0027646456 249.888
-0.0027644456 250.688
-0.0027642456 253.486
-0.0027640456 250.688
-0.0027638456 251.487
-0.0027636456 249.088
-0.0027634456 251.487
-0.0027632456 248.689
-0.0027630456 250.288
-0.0027628456 251.887
-0.0027626456 249.888
-0.0027624456 251.088
-0.0027622456 250.688
-0.0027620456 251.887
-0.0027618456 250.688
-0.0027616456 253.486
-0.0027614456 251.887
-0.0027612456 249.488
-0.0027610456 249.888
-0.0027608456 249.488
-0.0027606456 250.688
-0.0027604456 249.888
-0.0027602456 252.687
-0.0027600456 255.086
-0.0027598456 253.486
-0.0027596456 253.087
-0.0027594456 250.688
-0.0027592456 253.486
-0.0027590456 251.088
-0.0027588456 252.287
-0.0027586456 252.687
-0.0027584456 251.088
-0.0027582456 254.286
-0.0027580456 251.487
-0.0027578456 251.487
-0.0027576456 251.887
-0.0027574456 251.887
-0.0027572456 252.287
-0.0027570456 253.486
-0.0027568456 254.686
-0.0027566456 251.088
-0.0027564456 251.487
-0.0027562456 251.487
-0.0027560456 252.287
-0.0027558456 251.487
-0.0027556456 254.686
-0.0027554456 252.687
-0.0027552456 254.286
-0.0027550456 253.087
-0.0027548456 251.887
-0.0027546456 254.286
-0.0027544456 253.886
-0.0027542456 253.087
-0.0027540456 254.686
-0.0027538456 252.287
-0.0027536456 255.885
-0.0027534456 251.887
-0.0027532456 254.686
-0.0027530456 253.886
-0.0027528456 253.886
-0.0027526456 253.886
-0.0027524456 254.286
-0.0027522456 254.286
-0.0027520456 253.886
-0.0027518456 253.886
-0.0027516456 254.286
-0.0027514456 256.285
-0.0027512456 255.486
-0.0027510456 255.086
-0.0027508456 253.886
-0.0027506456 255.486
-0.0027504456 256.285
-0.0027502456 254.686
-0.0027500456 255.486
-0.0027498456 252.687
-0.0027496456 255.086
-0.0027494456 256.285
-0.0027492456 256.285
-0.0027490456 256.685
-0.0027488456 255.885
-0.0027486456 255.086
-0.0027484456 255.486
-0.0027482456 258.684
-0.0027480456 257.085
-0.0027478456 256.285
-0.0027476456 257.085
-0.0027474456 256.685
-0.0027472456 254.686
-0.0027470456 257.085
-0.0027468456 259.084
-0.0027466456 257.085
-0.0027464456 258.284
-0.0027462456 258.684
-0.0027460456 257.085
-0.0027458456 259.084
-0.0027456456 257.884
-0.0027454456 259.084
-0.0027452456 255.486
-0.0027450456 258.284
-0.0027448456 259.484
-0.0027446456 258.284
-0.0027444456 256.685
-0.0027442456 256.685
-0.0027440456 257.085
-0.0027438456 258.684
-0.0027436456 257.884
-0.0027434456 261.083
-0.0027432456 259.084
-0.0027430456 259.484
-0.0027428456 258.684
-0.0027426456 259.084
-0.0027424456 261.483
-0.0027422456 260.283
-0.0027420456 258.284
-0.0027418456 260.283
-0.0027416456 260.283
-0.0027414456 257.085
-0.0027412456 261.483
-0.0027410456 257.884
-0.0027408456 259.484
-0.0027406456 259.484
-0.0027404456 261.483
-0.0027402456 260.283
-0.0027400456 259.484
-0.0027398456 259.484
-0.0027396456 261.083
-0.0027394456 258.684
-0.0027392456 259.084
-0.0027390456 259.084
-0.0027388456 262.282
-0.0027386456 261.083
-0.0027384456 261.883
-0.0027382456 261.083
-0.0027380456 261.883
-0.0027378456 260.283
-0.0027376456 261.483
-0.0027374456 261.883
-0.0027372456 264.282
-0.0027370456 263.482
-0.0027368456 261.883
-0.0027366456 262.682
-0.0027364456 264.282
-0.0027362456 261.083
-0.0027360456 263.082
-0.0027358456 262.282
-0.0027356456 259.884
-0.0027354456 262.282
-0.0027352456 265.881
-0.0027350456 262.682
-0.0027348456 261.883
-0.0027346456 261.883
-0.0027344456 263.882
-0.0027342456 263.082
-0.0027340456 263.482
-0.0027338456 260.283
-0.0027336456 263.082
-0.0027334456 262.682
-0.0027332456 262.682
-0.0027330456 263.082
-0.0027328456 262.682
-0.0027326456 261.083
-0.0027324456 265.881
-0.0027322456 265.081
-0.0027320456 263.082
-0.0027318456 265.881
-0.0027316456 263.882
-0.0027314456 264.681
-0.0027312456 264.282
-0.0027310456 266.681
-0.0027308456 265.881
-0.0027306456 267.88
-0.0027304456 264.282
-0.0027302456 265.081
-0.0027300456 263.882
-0.0027298456 267.48
-0.0027296456 264.681
-0.0027294456 265.481
-0.0027292456 265.881
-0.0027290456 263.882
-0.0027288456 263.882
-0.0027286456 267.48
-0.0027284456 263.482
-0.0027282456 268.28
-0.0027280456 265.481
-0.0027278456 264.282
-0.0027276456 263.082
-0.0027274456 266.281
-0.0027272456 266.281
-0.0027270456 269.479
-0.0027268456 265.481
-0.0027266456 267.48
-0.0027264456 265.081
-0.0027262456 264.681
-0.0027260456 265.881
-0.0027258456 266.281
-0.0027256456 270.279
-0.0027254456 267.08
-0.0027252456 264.282
-0.0027250456 267.88
-0.0027248456 266.681
-0.0027246456 267.08
-0.0027244456 268.28
-0.0027242456 265.081
-0.0027240456 267.08
-0.0027238456 269.479
-0.0027236456 269.479
-0.0027234456 269.079
-0.0027232456 269.879
-0.0027230456 270.279
-0.0027228456 267.08
-0.0027226456 266.681
-0.0027224456 269.479
-0.0027222456 269.479
-0.0027220456 269.879
-0.0027218456 269.479
-0.0027216456 271.079
-0.0027214456 271.079
-0.0027212456 271.478
-0.0027210456 269.479
-0.0027208456 269.879
-0.0027206456 268.28
-0.0027204456 269.879
-0.0027202456 269.079
-0.0027200456 273.477
-0.0027198456 271.878
-0.0027196456 271.478
-0.0027194456 269.879
-0.0027192456 271.878
-0.0027190456 271.079
-0.0027188456 269.879
-0.0027186456 271.478
-0.0027184456 271.478
-0.0027182456 271.079
-0.0027180456 274.677
-0.0027178456 273.477
-0.0027176456 273.477
-0.0027174456 270.279
-0.0027172456 273.877
-0.0027170456 275.077
-0.0027168456 272.678
-0.0027166456 273.078
-0.0027164456 274.277
-0.0027162456 273.877
-0.0027160456 274.277
-0.0027158456 275.077
-0.0027156456 275.876
-0.0027154456 273.078
-0.0027152456 275.077
-0.0027150456 273.078
-0.0027148456 270.679
-0.0027146456 271.878
-0.0027144456 273.078
-0.0027142456 273.477
-0.0027140456 274.277
-0.0027138456 273.477
-0.0027136456 274.277
-0.0027134456 271.878
-0.0027132456 275.077
-0.0027130456 272.678
-0.0027128456 275.876
-0.0027126456 274.677
-0.0027124456 273.877
-0.0027122456 274.677
-0.0027120456 274.277
-0.0027118456 275.477
-0.0027116456 275.876
-0.0027114456 275.876
-0.0027112456 274.277
-0.0027110456 273.078
-0.0027108456 274.277
-0.0027106456 275.876
-0.0027104456 272.678
-0.0027102456 275.876
-0.0027100456 275.876
-0.0027098456 275.876
-0.0027096456 275.077
-0.0027094456 274.277
-0.0027092456 276.676
-0.0027090456 274.277
-0.0027088456 276.676
-0.0027086456 276.676
-0.0027084456 272.678
-0.0027082456 275.077
-0.0027080456 275.077
-0.0027078456 277.876
-0.0027076456 274.677
-0.0027074456 276.276
-0.0027072456 274.277
-0.0027070456 276.276
-0.0027068456 279.075
-0.0027066456 277.076
-0.0027064456 275.077
-0.0027062456 276.276
-0.0027060456 277.476
-0.0027058456 276.676
-0.0027056456 279.475
-0.0027054456 277.476
-0.0027052456 277.076
-0.0027050456 279.075
-0.0027048456 277.876
-0.0027046456 276.676
-0.0027044456 277.076
-0.0027042456 277.076
-0.0027040456 277.476
-0.0027038456 279.075
-0.0027036456 275.876
-0.0027034456 277.076
-0.0027032456 279.475
-0.0027030456 278.675
-0.0027028456 278.275
-0.0027026456 279.075
-0.0027024456 277.076
-0.0027022456 279.475
-0.0027020456 279.475
-0.0027018456 278.275
-0.0027016456 281.474
-0.0027014456 277.076
-0.0027012456 275.477
-0.0027010456 278.275
-0.0027008456 276.276
-0.0027006456 277.476
-0.0027004456 278.275
-0.0027002456 279.875
-0.0027000456 281.474
-0.0026998456 277.876
-0.0026996456 279.475
-0.0026994456 277.476
-0.0026992456 281.474
-0.0026990456 281.474
-0.0026988456 281.474
-0.0026986456 277.476
-0.0026984456 277.876
-0.0026982456 282.274
-0.0026980456 280.274
-0.0026978456 280.274
-0.0026976456 279.475
-0.0026974456 281.074
-0.0026972456 278.275
-0.0026970456 281.474
-0.0026968456 280.274
-0.0026966456 279.875
-0.0026964456 279.075
-0.0026962456 280.274
-0.0026960456 278.675
-0.0026958456 281.874
-0.0026956456 280.274
-0.0026954456 282.673
-0.0026952456 283.473
-0.0026950456 281.074
-0.0026948456 278.675
-0.0026946456 283.073
-0.0026944456 283.073
-0.0026942456 283.873
-0.0026940456 281.074
-0.0026938456 281.474
-0.0026936456 282.274
-0.0026934456 283.473
-0.0026932456 283.873
-0.0026930456 283.473
-0.0026928456 282.673
-0.0026926456 285.872
-0.0026924456 280.274
-0.0026922456 282.673
-0.0026920456 281.874
-0.0026918456 281.874
-0.0026916456 282.673
-0.0026914456 283.073
-0.0026912456 283.073
-0.0026910456 283.873
-0.0026908456 282.274
-0.0026906456 284.672
-0.0026904456 282.673
-0.0026902456 282.673
-0.0026900456 282.673
-0.0026898456 283.873
-0.0026896456 283.473
-0.0026894456 286.272
-0.0026892456 284.672
-0.0026890456 281.474
-0.0026888456 286.672
-0.0026886456 284.273
-0.0026884456 286.672
-0.0026882456 283.873
-0.0026880456 286.672
-0.0026878456 285.872
-0.0026876456 287.471
-0.0026874456 285.872
-0.0026872456 285.872
-0.0026870456 286.272
-0.0026868456 285.472
-0.0026866456 286.672
-0.0026864456 285.872
-0.0026862456 287.471
-0.0026860456 284.273
-0.0026858456 287.071
-0.0026856456 285.872
-0.0026854456 288.271
-0.0026852456 288.271
-0.0026850456 290.27
-0.0026848456 286.672
-0.0026846456 283.073
-0.0026844456 285.872
-0.0026842456 285.872
-0.0026840456 286.672
-0.0026838456 287.471
-0.0026836456 286.672
-0.0026834456 287.871
-0.0026832456 287.871
-0.0026830456 289.87
-0.0026828456 287.471
-0.0026826456 285.872
-0.0026824456 286.272
-0.0026822456 289.87
-0.0026820456 289.07
-0.0026818456 289.07
-0.0026816456 287.071
-0.0026814456 286.672
-0.0026812456 286.672
-0.0026810456 290.67
-0.0026808456 290.27
-0.0026806456 287.871
-0.0026804456 290.67
-0.0026802456 289.07
-0.0026800456 289.07
-0.0026798456 288.671
-0.0026796456 287.871
-0.0026794456 289.87
-0.0026792456 291.869
-0.0026790456 287.871
-0.0026788456 290.67
-0.0026786456 290.27
-0.0026784456 287.871
-0.0026782456 288.271
-0.0026780456 293.469
-0.0026778456 292.669
-0.0026776456 292.269
-0.0026774456 291.07
-0.0026772456 291.07
-0.0026770456 289.07
-0.0026768456 291.469
-0.0026766456 289.47
-0.0026764456 290.67
-0.0026762456 290.27
-0.0026760456 291.469
-0.0026758456 291.07
-0.0026756456 290.27
-0.0026754456 291.07
-0.0026752456 290.67
-0.0026750456 293.069
-0.0026748456 289.87
-0.0026746456 293.868
-0.0026744456 290.67
-0.0026742456 290.67
-0.0026740456 291.07
-0.0026738456 293.868
-0.0026736456 292.269
-0.0026734456 292.669
-0.0026732456 293.868
-0.0026730456 290.27
-0.0026728456 294.668
-0.0026726456 291.869
-0.0026724456 291.869
-0.0026722456 291.869
-0.0026720456 294.668
-0.0026718456 292.269
-0.0026716456 293.469
-0.0026714456 291.869
-0.0026712456 293.469
-0.0026710456 293.868
-0.0026708456 294.668
-0.0026706456 293.868
-0.0026704456 295.068
-0.0026702456 291.869
-0.0026700456 293.469
-0.0026698456 295.867
-0.0026696456 296.267
-0.0026694456 295.068
-0.0026692456 293.469
-0.0026690456 293.469
-0.0026688456 294.668
-0.0026686456 294.668
-0.0026684456 297.467
-0.0026682456 296.267
-0.0026680456 296.667
-0.0026678456 296.667
-0.0026676456 294.668
-0.0026674456 296.267
-0.0026672456 292.669
-0.0026670456 295.068
-0.0026668456 296.267
-0.0026666456 297.067
-0.0026664456 295.867
-0.0026662456 297.067
-0.0026660456 295.867
-0.0026658456 294.268
-0.0026656456 295.468
-0.0026654456 297.067
-0.0026652456 296.667
-0.0026650456 295.468
-0.0026648456 295.468
-0.0026646456 298.266
-0.0026644456 297.467
-0.0026642456 295.468
-0.0026640456 294.668
-0.0026638456 297.867
-0.0026636456 294.268
-0.0026634456 295.867
-0.0026632456 294.668
-0.0026630456 296.667
-0.0026628456 294.668
-0.0026626456 296.267
-0.0026624456 295.867
-0.0026622456 299.066
-0.0026620456 298.666
-0.0026618456 297.067
-0.0026616456 297.067
-0.0026614456 295.867
-0.0026612456 297.467
-0.0026610456 297.867
-0.0026608456 297.067
-0.0026606456 296.667
-0.0026604456 296.667
-0.0026602456 295.867
-0.0026600456 295.867
-0.0026598456 299.066
-0.0026596456 299.866
-0.0026594456 297.467
-0.0026592456 295.867
-0.0026590456 299.066
-0.0026588456 295.068
-0.0026586456 296.667
-0.0026584456 299.866
-0.0026582456 299.066
-0.0026580456 293.868
-0.0026578456 300.265
-0.0026576456 299.066
-0.0026574456 298.266
-0.0026572456 298.266
-0.0026570456 300.265
-0.0026568456 299.866
-0.0026566456 298.666
-0.0026564456 298.666
-0.0026562456 299.466
-0.0026560456 299.866
-0.0026558456 299.066
-0.0026556456 299.466
-0.0026554456 297.467
-0.0026552456 299.866
-0.0026550456 300.265
-0.0026548456 299.066
-0.0026546456 299.866
-0.0026544456 301.065
-0.0026542456 299.866
-0.0026540456 296.267
-0.0026538456 300.665
-0.0026536456 301.065
-0.0026534456 301.465
-0.0026532456 296.667
-0.0026530456 299.066
-0.0026528456 299.866
-0.0026526456 300.665
-0.0026524456 300.265
-0.0026522456 300.265
-0.0026520456 299.466
-0.0026518456 303.464
-0.0026516456 301.465
-0.0026514456 299.466
-0.0026512456 301.065
-0.0026510456 300.265
-0.0026508456 300.665
-0.0026506456 300.665
-0.0026504456 300.265
-0.0026502456 302.265
-0.0026500456 299.866
-0.0026498456 301.065
-0.0026496456 299.866
-0.0026494456 301.465
-0.0026492456 303.064
-0.0026490456 299.466
-0.0026488456 302.664
-0.0026486456 300.665
-0.0026484456 299.466
-0.0026482456 300.265
-0.0026480456 301.865
-0.0026478456 301.465
-0.0026476456 301.465
-0.0026474456 301.065
-0.0026472456 301.065
-0.0026470456 303.064
-0.0026468456 300.265
-0.0026466456 299.866
-0.0026464456 302.265
-0.0026462456 299.866
-0.0026460456 301.065
-0.0026458456 300.665
-0.0026456456 300.665
-0.0026454456 301.065
-0.0026452456 301.465
-0.0026450456 303.064
-0.0026448456 300.265
-0.0026446456 302.265
-0.0026444456 300.265
-0.0026442456 305.063
-0.0026440456 300.665
-0.0026438456 302.265
-0.0026436456 303.064
-0.0026434456 302.265
-0.0026432456 303.064
-0.0026430456 301.865
-0.0026428456 302.664
-0.0026426456 299.866
-0.0026424456 300.265
-0.0026422456 300.665
-0.0026420456 302.265
-0.0026418456 301.865
-0.0026416456 300.665
-0.0026414456 301.465
-0.0026412456 300.265
-0.0026410456 300.265
-0.0026408456 303.464
-0.0026406456 302.664
-0.0026404456 301.465
-0.0026402456 303.064
-0.0026400456 300.665
-0.0026398456 300.265
-0.0026396456 301.465
-0.0026394456 304.664
-0.0026392456 300.665
-0.0026390456 301.465
-0.0026388456 303.064
-0.0026386456 305.063
-0.0026384456 303.864
-0.0026382456 301.865
-0.0026380456 303.464
-0.0026378456 302.265
-0.0026376456 303.864
-0.0026374456 304.664
-0.0026372456 300.265
-0.0026370456 301.865
-0.0026368456 304.264
-0.0026366456 302.265
-0.0026364456 303.864
-0.0026362456 301.865
-0.0026360456 303.864
-0.0026358456 304.264
-0.0026356456 303.064
-0.0026354456 305.063
-0.0026352456 304.264
-0.0026350456 303.864
-0.0026348456 304.664
-0.0026346456 304.264
-0.0026344456 304.264
-0.0026342456 303.864
-0.0026340456 307.862
-0.0026338456 304.264
-0.0026336456 302.265
-0.0026334456 307.462
-0.0026332456 307.862
-0.0026330456 305.463
-0.0026328456 304.664
-0.0026326456 306.663
-0.0026324456 305.063
-0.0026322456 305.063
-0.0026320456 307.462
-0.0026318456 305.063
-0.0026316456 306.263
-0.0026314456 304.664
-0.0026312456 305.063
-0.0026310456 307.062
-0.0026308456 306.263
-0.0026306456 306.263
-0.0026304456 305.463
-0.0026302456 305.863
-0.0026300456 307.062
-0.0026298456 305.063
-0.0026296456 306.663
-0.0026294456 304.264
-0.0026292456 306.663
-0.0026290456 305.463
-0.0026288456 305.063
-0.0026286456 306.663
-0.0026284456 307.462
-0.0026282456 307.462
-0.0026280456 304.664
-0.0026278456 305.063
-0.0026276456 308.262
-0.0026274456 309.461
-0.0026272456 307.062
-0.0026270456 309.461
-0.0026268456 308.662
-0.0026266456 307.062
-0.0026264456 306.263
-0.0026262456 307.862
-0.0026260456 307.862
-0.0026258456 309.861
-0.0026256456 308.662
-0.0026254456 309.062
-0.0026252456 305.463
-0.0026250456 307.462
-0.0026248456 307.862
-0.0026246456 308.662
-0.0026244456 309.461
-0.0026242456 307.862
-0.0026240456 306.663
-0.0026238456 308.262
-0.0026236456 309.062
-0.0026234456 307.462
-0.0026232456 312.66
-0.0026230456 309.062
-0.0026228456 308.662
-0.0026226456 309.062
-0.0026224456 307.062
-0.0026222456 311.061
-0.0026220456 311.46
-0.0026218456 309.461
-0.0026216456 310.261
-0.0026214456 312.66
-0.0026212456 308.662
-0.0026210456 308.262
-0.0026208456 312.26
-0.0026206456 309.861
-0.0026204456 311.86
-0.0026202456 311.86
-0.0026200456 308.662
-0.0026198456 311.46
-0.0026196456 310.261
-0.0026194456 311.061
-0.0026192456 309.062
-0.0026190456 312.26
-0.0026188456 311.061
-0.0026186456 311.46
-0.0026184456 311.86
-0.0026182456 311.061
-0.0026180456 312.26
-0.0026178456 313.06
-0.0026176456 311.46
-0.0026174456 310.661
-0.0026172456 311.46
-0.0026170456 312.66
-0.0026168456 313.46
-0.0026166456 311.46
-0.0026164456 312.66
-0.0026162456 313.859
-0.0026160456 311.061
-0.0026158456 311.061
-0.0026156456 315.059
-0.0026154456 312.26
-0.0026152456 314.659
-0.0026150456 314.659
-0.0026148456 310.661
-0.0026146456 313.859
-0.0026144456 313.46
-0.0026142456 314.259
-0.0026140456 313.06
-0.0026138456 313.46
-0.0026136456 313.06
-0.0026134456 313.859
-0.0026132456 314.659
-0.0026130456 315.858
-0.0026128456 312.26
-0.0026126456 312.26
-0.0026124456 313.46
-0.0026122456 315.858
-0.0026120456 315.059
-0.0026118456 316.258
-0.0026116456 315.858
-0.0026114456 313.859
-0.0026112456 315.059
-0.0026110456 314.659
-0.0026108456 313.859
-0.0026106456 315.059
-0.0026104456 314.259
-0.0026102456 315.059
-0.0026100456 314.259
-0.0026098456 315.059
-0.0026096456 314.659
-0.0026094456 314.659
-0.0026092456 314.659
-0.0026090456 313.06
-0.0026088456 312.66
-0.0026086456 313.06
-0.0026084456 312.66
-0.0026082456 313.46
-0.0026080456 313.859
-0.0026078456 313.46
-0.0026076456 316.258
-0.0026074456 315.459
-0.0026072456 315.059
-0.0026070456 313.06
-0.0026068456 316.258
-0.0026066456 315.858
-0.0026064456 317.858
-0.0026062456 315.858
-0.0026060456 315.858
-0.0026058456 314.659
-0.0026056456 313.46
-0.0026054456 314.659
-0.0026052456 315.059
-0.0026050456 312.66
-0.0026048456 315.858
-0.0026046456 316.258
-0.0026044456 316.258
-0.0026042456 312.66
-0.0026040456 318.257
-0.0026038456 315.059
-0.0026036456 314.259
-0.0026034456 317.058
-0.0026032456 316.258
-0.0026030456 317.058
-0.0026028456 315.459
-0.0026026456 315.858
-0.0026024456 315.459
-0.0026022456 314.259
-0.0026020456 315.059
-0.0026018456 314.659
-0.0026016456 315.059
-0.0026014456 314.259
-0.0026012456 315.059
-0.0026010456 315.059
-0.0026008456 313.06
-0.0026006456 318.257
-0.0026004456 316.258
-0.0026002456 315.858
-0.0026000456 318.257
-0.0025998456 313.859
-0.0025996456 313.46
-0.0025994456 316.258
-0.0025992456 317.858
-0.0025990456 315.858
-0.0025988456 313.859
-0.0025986456 315.459
-0.0025984456 314.259
-0.0025982456 316.658
-0.0025980456 317.058
-0.0025978456 313.46
-0.0025976456 316.258
-0.0025974456 315.858
-0.0025972456 314.659
-0.0025970456 319.057
-0.0025968456 316.258
-0.0025966456 319.457
-0.0025964456 319.857
-0.0025962456 315.459
-0.0025960456 318.657
-0.0025958456 315.858
-0.0025956456 316.258
-0.0025954456 315.459
-0.0025952456 317.458
-0.0025950456 315.858
-0.0025948456 317.458
-0.0025946456 316.658
-0.0025944456 317.458
-0.0025942456 317.858
-0.0025940456 316.258
-0.0025938456 315.858
-0.0025936456 314.259
-0.0025934456 315.059
-0.0025932456 315.858
-0.0025930456 315.858
-0.0025928456 317.458
-0.0025926456 317.458
-0.0025924456 317.858
-0.0025922456 317.858
-0.0025920456 316.658
-0.0025918456 319.057
-0.0025916456 319.057
-0.0025914456 318.257
-0.0025912456 317.058
-0.0025910456 317.858
-0.0025908456 315.059
-0.0025906456 316.658
-0.0025904456 317.458
-0.0025902456 318.257
-0.0025900456 317.058
-0.0025898456 315.059
-0.0025896456 319.057
-0.0025894456 315.059
-0.0025892456 318.657
-0.0025890456 317.058
-0.0025888456 318.257
-0.0025886456 317.858
-0.0025884456 319.857
-0.0025882456 319.057
-0.0025880456 319.057
-0.0025878456 315.858
-0.0025876456 319.457
-0.0025874456 317.458
-0.0025872456 319.057
-0.0025870456 315.858
-0.0025868456 319.457
-0.0025866456 319.457
-0.0025864456 318.657
-0.0025862456 314.659
-0.0025860456 316.258
-0.0025858456 319.857
-0.0025856456 316.258
-0.0025854456 319.457
-0.0025852456 319.057
-0.0025850456 317.458
-0.0025848456 320.656
-0.0025846456 317.858
-0.0025844456 317.858
-0.0025842456 317.858
-0.0025840456 319.857
-0.0025838456 319.057
-0.0025836456 318.657
-0.0025834456 319.857
-0.0025832456 321.056
-0.0025830456 320.257
-0.0025828456 319.857
-0.0025826456 318.257
-0.0025824456 316.658
-0.0025822456 319.057
-0.0025820456 318.257
-0.0025818456 319.057
-0.0025816456 317.458
-0.0025814456 319.057
-0.0025812456 320.656
-0.0025810456 320.257
-0.0025808456 319.057
-0.0025806456 319.857
-0.0025804456 319.857
-0.0025802456 319.857
-0.0025800456 318.257
-0.0025798456 320.656
-0.0025796456 319.457
-0.0025794456 319.857
-0.0025792456 321.856
-0.0025790456 319.457
-0.0025788456 322.256
-0.0025786456 321.456
-0.0025784456 321.856
-0.0025782456 321.056
-0.0025780456 320.257
-0.0025778456 319.057
-0.0025776456 319.457
-0.0025774456 321.856
-0.0025772456 323.855
-0.0025770456 319.057
-0.0025768456 321.056
-0.0025766456 323.855
-0.0025764456 321.456
-0.0025762456 319.857
-0.0025760456 322.655
-0.0025758456 323.055
-0.0025756456 319.857
-0.0025754456 323.455
-0.0025752456 322.655
-0.0025750456 324.655
-0.0025748456 320.257
-0.0025746456 321.456
-0.0025744456 322.655
-0.0025742456 320.656
-0.0025740456 322.655
-0.0025738456 321.056
-0.0025736456 324.255
-0.0025734456 322.655
-0.0025732456 321.056
-0.0025730456 324.655
-0.0025728456 321.056
-0.0025726456 325.054
-0.0025724456 322.655
-0.0025722456 321.056
-0.0025720456 320.656
-0.0025718456 323.455
-0.0025716456 326.654
-0.0025714456 325.454
-0.0025712456 320.656
-0.0025710456 323.455
-0.0025708456 321.056
-0.0025706456 321.056
-0.0025704456 324.255
-0.0025702456 325.854
-0.0025700456 323.855
-0.0025698456 323.455
-0.0025696456 321.056
-0.0025694456 321.056
-0.0025692456 325.054
-0.0025690456 323.855
-0.0025688456 320.257
-0.0025686456 321.856
-0.0025684456 326.254
-0.0025682456 323.855
-0.0025680456 323.455
-0.0025678456 323.855
-0.0025676456 325.054
-0.0025674456 327.053
-0.0025672456 324.255
-0.0025670456 325.054
-0.0025668456 325.054
-0.0025666456 325.854
-0.0025664456 324.255
-0.0025662456 323.455
-0.0025660456 323.855
-0.0025658456 324.255
-0.0025656456 325.054
-0.0025654456 327.053
-0.0025652456 327.453
-0.0025650456 323.455
-0.0025648456 322.256
-0.0025646456 325.454
-0.0025644456 323.455
-0.0025642456 324.655
-0.0025640456 322.655
-0.0025638456 325.854
-0.0025636456 325.454
-0.0025634456 323.455
-0.0025632456 323.055
-0.0025630456 325.454
-0.0025628456 323.055
-0.0025626456 327.853
-0.0025624456 323.055
-0.0025622456 323.855
-0.0025620456 325.854
-0.0025618456 327.453
-0.0025616456 324.255
-0.0025614456 323.055
-0.0025612456 325.454
-0.0025610456 321.456
-0.0025608456 325.454
-0.0025606456 327.053
-0.0025604456 325.054
-0.0025602456 323.455
-0.0025600456 322.655
-0.0025598456 325.854
-0.0025596456 328.653
-0.0025594456 325.854
-0.0025592456 327.453
-0.0025590456 325.054
-0.0025588456 324.255
-0.0025586456 327.053
-0.0025584456 323.455
-0.0025582456 327.853
-0.0025580456 325.454
-0.0025578456 324.655
-0.0025576456 327.853
-0.0025574456 327.053
-0.0025572456 325.854
-0.0025570456 325.854
-0.0025568456 325.854
-0.0025566456 326.254
-0.0025564456 326.254
-0.0025562456 325.854
-0.0025560456 325.854
-0.0025558456 326.654
-0.0025556456 327.053
-0.0025554456 327.453
-0.0025552456 326.654
-0.0025550456 328.653
-0.0025548456 327.853
-0.0025546456 327.453
-0.0025544456 327.453
-0.0025542456 324.255
-0.0025540456 324.255
-0.0025538456 327.853
-0.0025536456 327.453
-0.0025534456 325.454
-0.0025532456 328.253
-0.0025530456 327.853
-0.0025528456 325.054
-0.0025526456 326.254
-0.0025524456 328.653
-0.0025522456 325.054
-0.0025520456 325.854
-0.0025518456 325.454
-0.0025516456 327.053
-0.0025514456 327.453
-0.0025512456 326.654
-0.0025510456 328.653
-0.0025508456 327.053
-0.0025506456 327.053
-0.0025504456 327.453
-0.0025502456 326.654
-0.0025500456 325.854
-0.0025498456 326.254
-0.0025496456 327.853
-0.0025494456 327.053
-0.0025492456 324.655
-0.0025490456 328.253
-0.0025488456 329.053
-0.0025486456 326.654
-0.0025484456 327.053
-0.0025482456 325.054
-0.0025480456 328.253
-0.0025478456 326.254
-0.0025476456 327.053
-0.0025474456 328.253
-0.0025472456 326.254
-0.0025470456 329.053
-0.0025468456 327.453
-0.0025466456 325.854
-0.0025464456 327.453
-0.0025462456 328.653
-0.0025460456 328.653
-0.0025458456 325.054
-0.0025456456 325.854
-0.0025454456 327.453
-0.0025452456 326.254
-0.0025450456 325.454
-0.0025448456 327.053
-0.0025446456 325.854
-0.0025444456 327.453
-0.0025442456 328.253
-0.0025440456 327.853
-0.0025438456 326.654
-0.0025436456 326.654
-0.0025434456 327.853
-0.0025432456 329.053
-0.0025430456 330.252
-0.0025428456 331.052
-0.0025426456 327.853
-0.0025424456 325.854
-0.0025422456 327.053
-0.0025420456 331.851
-0.0025418456 329.053
-0.0025416456 329.053
-0.0025414456 328.653
-0.0025412456 329.053
-0.0025410456 328.653
-0.0025408456 329.852
-0.0025406456 328.653
-0.0025404456 329.452
-0.0025402456 328.253
-0.0025400456 329.852
-0.0025398456 330.652
-0.0025396456 330.652
-0.0025394456 330.652
-0.0025392456 327.853
-0.0025390456 327.453
-0.0025388456 330.652
-0.0025386456 327.853
-0.0025384456 329.053
-0.0025382456 329.452
-0.0025380456 329.852
-0.0025378456 330.252
-0.0025376456 331.052
-0.0025374456 330.652
-0.0025372456 329.452
-0.0025370456 330.652
-0.0025368456 329.452
-0.0025366456 328.253
-0.0025364456 329.452
-0.0025362456 331.052
-0.0025360456 328.653
-0.0025358456 329.852
-0.0025356456 329.452
-0.0025354456 329.452
-0.0025352456 330.652
-0.0025350456 330.652
-0.0025348456 330.252
-0.0025346456 329.452
-0.0025344456 329.852
-0.0025342456 330.652
-0.0025340456 329.053
-0.0025338456 331.052
-0.0025336456 330.652
-0.0025334456 330.652
-0.0025332456 331.052
-0.0025330456 331.452
-0.0025328456 331.851
-0.0025326456 328.653
-0.0025324456 330.652
-0.0025322456 332.651
-0.0025320456 333.051
-0.0025318456 327.853
-0.0025316456 332.651
-0.0025314456 331.851
-0.0025312456 329.852
-0.0025310456 331.052
-0.0025308456 332.651
-0.0025306456 330.652
-0.0025304456 329.852
-0.0025302456 329.852
-0.0025300456 332.651
-0.0025298456 333.051
-0.0025296456 332.251
-0.0025294456 330.252
-0.0025292456 330.652
-0.0025290456 332.251
-0.0025288456 330.252
-0.0025286456 332.251
-0.0025284456 331.851
-0.0025282456 330.652
-0.0025280456 331.851
-0.0025278456 333.051
-0.0025276456 330.252
-0.0025274456 331.851
-0.0025272456 329.852
-0.0025270456 332.251
-0.0025268456 329.452
-0.0025266456 332.251
-0.0025264456 332.251
-0.0025262456 330.652
-0.0025260456 331.452
-0.0025258456 331.452
-0.0025256456 331.851
-0.0025254456 332.251
-0.0025252456 331.452
-0.0025250456 334.25
-0.0025248456 331.851
-0.0025246456 333.051
-0.0025244456 330.652
-0.0025242456 333.451
-0.0025240456 331.452
-0.0025238456 329.852
-0.0025236456 333.451
-0.0025234456 330.652
-0.0025232456 331.851
-0.0025230456 334.25
-0.0025228456 332.251
-0.0025226456 330.252
-0.0025224456 331.851
-0.0025222456 331.851
-0.0025220456 333.051
-0.0025218456 332.651
-0.0025216456 331.052
-0.0025214456 333.85
-0.0025212456 333.051
-0.0025210456 333.451
-0.0025208456 332.251
-0.0025206456 333.451
-0.0025204456 333.051
-0.0025202456 333.051
-0.0025200456 335.05
-0.0025198456 331.851
-0.0025196456 334.25
-0.0025194456 331.851
-0.0025192456 333.85
-0.0025190456 333.85
-0.0025188456 333.85
-0.0025186456 334.25
-0.0025184456 333.451
-0.0025182456 332.651
-0.0025180456 336.649
-0.0025178456 335.45
-0.0025176456 333.85
-0.0025174456 333.85
-0.0025172456 332.251
-0.0025170456 334.65
-0.0025168456 333.451
-0.0025166456 336.249
-0.0025164456 331.851
-0.0025162456 334.65
-0.0025160456 337.849
-0.0025158456 331.851
-0.0025156456 335.05
-0.0025154456 333.051
-0.0025152456 336.249
-0.0025150456 334.65
-0.0025148456 334.65
-0.0025146456 334.65
-0.0025144456 335.05
-0.0025142456 334.65
-0.0025140456 333.85
-0.0025138456 334.65
-0.0025136456 334.65
-0.0025134456 334.25
-0.0025132456 336.249
-0.0025130456 334.65
-0.0025128456 336.249
-0.0025126456 333.85
-0.0025124456 338.648
-0.0025122456 333.051
-0.0025120456 337.449
-0.0025118456 333.051
-0.0025116456 335.85
-0.0025114456 337.849
-0.0025112456 336.249
-0.0025110456 335.85
-0.0025108456 336.649
-0.0025106456 336.649
-0.0025104456 335.85
-0.0025102456 334.65
-0.0025100456 334.25
-0.0025098456 338.248
-0.0025096456 337.049
-0.0025094456 334.65
-0.0025092456 338.648
-0.0025090456 336.249
-0.0025088456 335.45
-0.0025086456 337.449
-0.0025084456 338.648
-0.0025082456 334.65
-0.0025080456 336.649
-0.0025078456 339.448
-0.0025076456 336.649
-0.0025074456 335.05
-0.0025072456 336.649
-0.0025070456 337.049
-0.0025068456 337.049
-0.0025066456 337.449
-0.0025064456 334.65
-0.0025062456 337.449
-0.0025060456 339.048
-0.0025058456 335.85
-0.0025056456 336.649
-0.0025054456 334.65
-0.0025052456 338.648
-0.0025050456 334.65
-0.0025048456 339.048
-0.0025046456 336.249
-0.0025044456 337.449
-0.0025042456 333.85
-0.0025040456 336.649
-0.0025038456 339.048
-0.0025036456 336.249
-0.0025034456 335.85
-0.0025032456 337.449
-0.0025030456 336.649
-0.0025028456 338.648
-0.0025026456 337.449
-0.0025024456 337.449
-0.0025022456 338.248
-0.0025020456 337.849
-0.0025018456 337.449
-0.0025016456 340.647
-0.0025014456 337.049
-0.0025012456 337.449
-0.0025010456 337.049
-0.0025008456 335.45
-0.0025006456 339.848
-0.0025004456 335.85
-0.0025002456 337.849
-0.0025000456 337.049
-0.0024998456 336.249
-0.0024996456 332.651
-0.0024994456 338.648
-0.0024992456 338.648
-0.0024990456 334.65
-0.0024988456 335.45
-0.0024986456 336.249
-0.0024984456 335.05
-0.0024982456 339.048
-0.0024980456 337.449
-0.0024978456 335.05
-0.0024976456 336.649
-0.0024974456 338.648
-0.0024972456 337.449
-0.0024970456 335.45
-0.0024968456 336.649
-0.0024966456 335.45
-0.0024964456 339.048
-0.0024962456 338.648
-0.0024960456 338.248
-0.0024958456 335.05
-0.0024956456 336.249
-0.0024954456 334.25
-0.0024952456 334.65
-0.0024950456 336.249
-0.0024948456 335.85
-0.0024946456 337.049
-0.0024944456 336.249
-0.0024942456 335.45
-0.0024940456 336.649
-0.0024938456 337.849
-0.0024936456 335.05
-0.0024934456 338.648
-0.0024932456 337.449
-0.0024930456 335.85
-0.0024928456 334.25
-0.0024926456 337.849
-0.0024924456 339.448
-0.0024922456 336.249
-0.0024920456 336.249
-0.0024918456 334.25
-0.0024916456 337.049
-0.0024914456 338.248
-0.0024912456 333.85
-0.0024910456 336.249
-0.0024908456 338.648
-0.0024906456 333.85
-0.0024904456 339.448
-0.0024902456 335.85
-0.0024900456 337.049
-0.0024898456 337.449
-0.0024896456 339.848
-0.0024894456 337.449
-0.0024892456 337.049
-0.0024890456 335.45
-0.0024888456 338.248
-0.0024886456 336.249
-0.0024884456 340.248
-0.0024882456 339.048
-0.0024880456 337.849
-0.0024878456 341.047
-0.0024876456 337.049
-0.0024874456 339.848
-0.0024872456 338.648
-0.0024870456 337.449
-0.0024868456 338.248
-0.0024866456 338.248
-0.0024864456 337.449
-0.0024862456 336.649
-0.0024860456 334.25
-0.0024858456 336.249
-0.0024856456 339.048
-0.0024854456 339.048
-0.0024852456 337.849
-0.0024850456 338.648
-0.0024848456 338.648
-0.0024846456 338.248
-0.0024844456 339.448
-0.0024842456 338.248
-0.0024840456 337.049
-0.0024838456 339.848
-0.0024836456 339.048
-0.0024834456 339.048
-0.0024832456 337.449
-0.0024830456 337.849
-0.0024828456 338.248
-0.0024826456 340.647
-0.0024824456 340.248
-0.0024822456 338.648
-0.0024820456 341.847
-0.0024818456 338.648
-0.0024816456 339.048
-0.0024814456 338.648
-0.0024812456 338.648
-0.0024810456 337.449
-0.0024808456 337.049
-0.0024806456 340.248
-0.0024804456 340.248
-0.0024802456 342.646
-0.0024800456 340.647
-0.0024798456 341.047
-0.0024796456 341.447
-0.0024794456 338.648
-0.0024792456 338.648
-0.0024790456 340.248
-0.0024788456 338.248
-0.0024786456 341.447
-0.0024784456 342.646
-0.0024782456 335.85
-0.0024780456 340.647
-0.0024778456 342.247
-0.0024776456 339.848
-0.0024774456 339.048
-0.0024772456 340.647
-0.0024770456 339.448
-0.0024768456 338.648
-0.0024766456 340.248
-0.0024764456 341.447
-0.0024762456 342.247
-0.0024760456 340.248
-0.0024758456 342.646
-0.0024756456 341.447
-0.0024754456 339.048
-0.0024752456 341.447
-0.0024750456 341.447
-0.0024748456 343.846
-0.0024746456 341.047
-0.0024744456 341.847
-0.0024742456 341.847
-0.0024740456 341.447
-0.0024738456 342.247
-0.0024736456 341.047
-0.0024734456 340.248
-0.0024732456 339.848
-0.0024730456 337.849
-0.0024728456 341.447
-0.0024726456 341.447
-0.0024724456 341.447
-0.0024722456 343.446
-0.0024720456 341.447
-0.0024718456 341.847
-0.0024716456 345.045
-0.0024714456 341.447
-0.0024712456 343.846
-0.0024710456 340.248
-0.0024708456 343.446
-0.0024706456 342.646
-0.0024704456 342.247
-0.0024702456 343.446
-0.0024700456 343.846
-0.0024698456 339.848
-0.0024696456 341.847
-0.0024694456 341.447
-0.0024692456 343.446
-0.0024690456 345.045
-0.0024688456 342.646
-0.0024686456 343.046
-0.0024684456 341.847
-0.0024682456 343.046
-0.0024680456 342.646
-0.0024678456 342.646
-0.0024676456 341.847
-0.0024674456 343.046
-0.0024672456 343.846
-0.0024670456 345.045
-0.0024668456 343.046
-0.0024666456 341.847
-0.0024664456 343.046
-0.0024662456 343.846
-0.0024660456 343.446
-0.0024658456 343.446
-0.0024656456 345.045
-0.0024654456 343.046
-0.0024652456 340.248
-0.0024650456 344.246
-0.0024648456 344.646
-0.0024646456 344.646
-0.0024644456 343.846
-0.0024642456 343.446
-0.0024640456 341.847
-0.0024638456 342.646
-0.0024636456 343.446
-0.0024634456 342.646
-0.0024632456 343.846
-0.0024630456 342.646
-0.0024628456 345.845
-0.0024626456 343.846
-0.0024624456 342.646
-0.0024622456 344.246
-0.0024620456 341.847
-0.0024618456 344.646
-0.0024616456 342.646
-0.0024614456 343.846
-0.0024612456 343.446
-0.0024610456 343.046
-0.0024608456 342.646
-0.0024606456 343.446
-0.0024604456 343.846
-0.0024602456 345.445
-0.0024600456 346.245
-0.0024598456 344.246
-0.0024596456 343.846
-0.0024594456 344.246
-0.0024592456 345.045
-0.0024590456 343.046
-0.0024588456 344.246
-0.0024586456 343.846
-0.0024584456 344.246
-0.0024582456 343.046
-0.0024580456 345.845
-0.0024578456 344.646
-0.0024576456 344.646
-0.0024574456 346.645
-0.0024572456 346.245
-0.0024570456 345.045
-0.0024568456 345.845
-0.0024566456 344.646
-0.0024564456 345.845
-0.0024562456 344.646
-0.0024560456 345.845
-0.0024558456 344.246
-0.0024556456 344.246
-0.0024554456 345.445
-0.0024552456 347.045
-0.0024550456 346.245
-0.0024548456 345.445
-0.0024546456 344.246
-0.0024544456 344.646
-0.0024542456 343.846
-0.0024540456 345.445
-0.0024538456 345.045
-0.0024536456 346.645
-0.0024534456 343.846
-0.0024532456 345.445
-0.0024530456 344.646
-0.0024528456 343.846
-0.0024526456 346.245
-0.0024524456 347.045
-0.0024522456 347.844
-0.0024520456 345.045
-0.0024518456 344.646
-0.0024516456 345.445
-0.0024514456 345.845
-0.0024512456 347.045
-0.0024510456 343.446
-0.0024508456 346.245
-0.0024506456 345.845
-0.0024504456 346.245
-0.0024502456 344.646
-0.0024500456 345.445
-0.0024498456 346.245
-0.0024496456 345.045
-0.0024494456 346.645
-0.0024492456 349.443
-0.0024490456 347.444
-0.0024488456 345.045
-0.0024486456 345.045
-0.0024484456 345.445
-0.0024482456 346.245
-0.0024480456 345.045
-0.0024478456 345.845
-0.0024476456 346.245
-0.0024474456 345.045
-0.0024472456 345.445
-0.0024470456 347.444
-0.0024468456 347.444
-0.0024466456 344.646
-0.0024464456 345.445
-0.0024462456 345.845
-0.0024460456 348.244
-0.0024458456 347.844
-0.0024456456 345.445
-0.0024454456 345.845
-0.0024452456 344.646
-0.0024450456 347.444
-0.0024448456 348.244
-0.0024446456 345.045
-0.0024444456 345.445
-0.0024442456 345.845
-0.0024440456 347.844
-0.0024438456 349.843
-0.0024436456 346.645
-0.0024434456 346.245
-0.0024432456 345.845
-0.0024430456 347.444
-0.0024428456 345.845
-0.0024426456 346.645
-0.0024424456 343.046
-0.0024422456 347.045
-0.0024420456 348.644
-0.0024418456 346.645
-0.0024416456 347.045
-0.0024414456 349.044
-0.0024412456 347.844
-0.0024410456 348.244
-0.0024408456 346.645
-0.0024406456 347.045
-0.0024404456 347.844
-0.0024402456 347.444
-0.0024400456 345.045
-0.0024398456 347.844
-0.0024396456 346.645
-0.0024394456 345.445
-0.0024392456 349.843
-0.0024390456 348.244
-0.0024388456 349.443
-0.0024386456 351.043
-0.0024384456 349.443
-0.0024382456 347.444
-0.0024380456 347.045
-0.0024378456 350.243
-0.0024376456 347.045
-0.0024374456 346.245
-0.0024372456 346.245
-0.0024370456 346.645
-0.0024368456 347.444
-0.0024366456 346.245
-0.0024364456 349.044
-0.0024362456 350.643
-0.0024360456 347.844
-0.0024358456 347.844
-0.0024356456 347.844
-0.0024354456 347.444
-0.0024352456 347.444
-0.0024350456 346.645
-0.0024348456 346.245
-0.0024346456 348.244
-0.0024344456 345.445
-0.0024342456 343.846
-0.0024340456 346.645
-0.0024338456 349.044
-0.0024336456 347.844
-0.0024334456 349.843
-0.0024332456 347.444
-0.0024330456 346.645
-0.0024328456 348.244
-0.0024326456 348.244
-0.0024324456 350.243
-0.0024322456 347.844
-0.0024320456 347.844
-0.0024318456 345.445
-0.0024316456 347.844
-0.0024314456 347.444
-0.0024312456 348.644
-0.0024310456 346.645
-0.0024308456 347.444
-0.0024306456 349.044
-0.0024304456 349.044
-0.0024302456 351.043
-0.0024300456 347.444
-0.0024298456 349.443
-0.0024296456 347.844
-0.0024294456 348.644
-0.0024292456 348.244
-0.0024290456 348.644
-0.0024288456 346.645
-0.0024286456 349.443
-0.0024284456 348.644
-0.0024282456 349.044
-0.0024280456 347.444
-0.0024278456 349.044
-0.0024276456 350.643
-0.0024274456 350.643
-0.0024272456 349.443
-0.0024270456 348.644
-0.0024268456 351.443
-0.0024266456 348.244
-0.0024264456 353.442
-0.0024262456 351.842
-0.0024260456 346.645
-0.0024258456 348.244
-0.0024256456 351.043
-0.0024254456 351.443
-0.0024252456 348.244
-0.0024250456 352.242
-0.0024248456 348.244
-0.0024246456 350.643
-0.0024244456 351.043
-0.0024242456 347.045
-0.0024240456 347.045
-0.0024238456 348.644
-0.0024236456 349.843
-0.0024234456 350.643
-0.0024232456 348.244
-0.0024230456 351.043
-0.0024228456 349.044
-0.0024226456 349.443
-0.0024224456 347.844
-0.0024222456 349.843
-0.0024220456 350.643
-0.0024218456 349.443
-0.0024216456 352.242
-0.0024214456 348.644
-0.0024212456 348.244
-0.0024210456 349.044
-0.0024208456 349.843
-0.0024206456 348.644
-0.0024204456 347.444
-0.0024202456 350.243
-0.0024200456 351.842
-0.0024198456 348.244
-0.0024196456 349.044
-0.0024194456 351.443
-0.0024192456 352.242
-0.0024190456 349.044
-0.0024188456 351.443
-0.0024186456 351.043
-0.0024184456 351.443
-0.0024182456 351.443
-0.0024180456 351.443
-0.0024178456 351.043
-0.0024176456 351.043
-0.0024174456 350.243
-0.0024172456 354.241
-0.0024170456 352.242
-0.0024168456 349.044
-0.0024166456 350.643
-0.0024164456 352.242
-0.0024162456 351.043
-0.0024160456 351.043
-0.0024158456 354.241
-0.0024156456 353.442
-0.0024154456 350.243
-0.0024152456 355.041
-0.0024150456 352.642
-0.0024148456 353.042
-0.0024146456 353.042
-0.0024144456 351.443
-0.0024142456 353.841
-0.0024140456 353.442
-0.0024138456 351.443
-0.0024136456 352.242
-0.0024134456 353.442
-0.0024132456 351.842
-0.0024130456 353.442
-0.0024128456 352.642
-0.0024126456 351.443
-0.0024124456 354.241
-0.0024122456 348.644
-0.0024120456 353.442
-0.0024118456 353.042
-0.0024116456 351.443
-0.0024114456 353.841
-0.0024112456 351.043
-0.0024110456 351.043
-0.0024108456 353.442
-0.0024106456 352.242
-0.0024104456 349.843
-0.0024102456 353.042
-0.0024100456 352.242
-0.0024098456 353.042
-0.0024096456 351.043
-0.0024094456 352.642
-0.0024092456 351.443
-0.0024090456 353.042
-0.0024088456 352.642
-0.0024086456 353.042
-0.0024084456 351.842
-0.0024082456 351.842
-0.0024080456 351.842
-0.0024078456 352.242
-0.0024076456 353.841
-0.0024074456 355.041
-0.0024072456 348.644
-0.0024070456 354.641
-0.0024068456 353.042
-0.0024066456 353.042
-0.0024064456 353.841
-0.0024062456 354.241
-0.0024060456 353.841
-0.0024058456 353.442
-0.0024056456 357.04
-0.0024054456 353.841
-0.0024052456 351.842
-0.0024050456 353.042
-0.0024048456 349.443
-0.0024046456 348.644
-0.0024044456 352.642
-0.0024042456 353.442
-0.0024040456 356.24
-0.0024038456 352.642
-0.0024036456 354.241
-0.0024034456 351.443
-0.0024032456 355.041
-0.0024030456 355.041
-0.0024028456 352.642
-0.0024026456 354.241
-0.0024024456 353.841
-0.0024022456 357.04
-0.0024020456 355.041
-0.0024018456 357.44
-0.0024016456 355.041
-0.0024014456 355.841
-0.0024012456 351.842
-0.0024010456 352.242
-0.0024008456 357.44
-0.0024006456 351.842
-0.0024004456 354.641
-0.0024002456 354.641
-0.0024000456 353.042
-0.0023998456 353.442
-0.0023996456 355.041
-0.0023994456 357.04
-0.0023992456 355.441
-0.0023990456 354.641
-0.0023988456 352.242
-0.0023986456 352.642
-0.0023984456 354.641
-0.0023982456 357.04
-0.0023980456 357.84
-0.0023978456 353.042
-0.0023976456 353.841
-0.0023974456 354.641
-0.0023972456 355.441
-0.0023970456 356.64
-0.0023968456 355.041
-0.0023966456 357.44
-0.0023964456 352.642
-0.0023962456 353.442
-0.0023960456 356.64
-0.0023958456 356.24
-0.0023956456 355.041
-0.0023954456 355.441
-0.0023952456 357.84
-0.0023950456 356.24
-0.0023948456 355.041
-0.0023946456 355.441
-0.0023944456 359.039
-0.0023942456 355.441
-0.0023940456 357.44
-0.0023938456 355.441
-0.0023936456 358.639
-0.0023934456 355.841
-0.0023932456 357.84
-0.0023930456 357.44
-0.0023928456 359.439
-0.0023926456 353.042
-0.0023924456 356.24
-0.0023922456 357.04
-0.0023920456 355.841
-0.0023918456 355.441
-0.0023916456 354.641
-0.0023914456 356.24
-0.0023912456 356.24
-0.0023910456 359.439
-0.0023908456 356.64
-0.0023906456 359.839
-0.0023904456 355.841
-0.0023902456 356.64
-0.0023900456 357.44
-0.0023898456 356.24
-0.0023896456 356.24
-0.0023894456 359.439
-0.0023892456 353.442
-0.0023890456 357.84
-0.0023888456 356.24
-0.0023886456 355.041
-0.0023884456 355.441
-0.0023882456 356.24
-0.0023880456 358.639
-0.0023878456 353.841
-0.0023876456 359.039
-0.0023874456 358.639
-0.0023872456 357.04
-0.0023870456 354.641
-0.0023868456 358.24
-0.0023866456 355.841
-0.0023864456 359.039
-0.0023862456 358.24
-0.0023860456 356.64
-0.0023858456 353.042
-0.0023856456 357.84
-0.0023854456 360.239
-0.0023852456 355.441
-0.0023850456 360.239
-0.0023848456 355.841
-0.0023846456 356.64
-0.0023844456 359.039
-0.0023842456 359.039
-0.0023840456 358.24
-0.0023838456 359.039
-0.0023836456 358.639
-0.0023834456 357.44
-0.0023832456 357.44
-0.0023830456 358.24
-0.0023828456 359.439
-0.0023826456 357.84
-0.0023824456 357.44
-0.0023822456 360.239
-0.0023820456 357.84
-0.0023818456 359.439
-0.0023816456 359.439
-0.0023814456 359.039
-0.0023812456 357.44
-0.0023810456 359.439
-0.0023808456 359.039
-0.0023806456 360.638
-0.0023804456 359.039
-0.0023802456 359.439
-0.0023800456 357.44
-0.0023798456 357.44
-0.0023796456 357.84
-0.0023794456 353.841
-0.0023792456 360.638
-0.0023790456 357.84
-0.0023788456 359.439
-0.0023786456 359.039
-0.0023784456 358.639
-0.0023782456 358.639
-0.0023780456 359.439
-0.0023778456 360.239
-0.0023776456 358.639
-0.0023774456 360.239
-0.0023772456 355.441
-0.0023770456 357.84
-0.0023768456 359.839
-0.0023766456 357.84
-0.0023764456 357.84
-0.0023762456 357.44
-0.0023760456 357.84
-0.0023758456 360.638
-0.0023756456 360.638
-0.0023754456 359.039
-0.0023752456 357.04
-0.0023750456 357.44
-0.0023748456 359.439
-0.0023746456 359.439
-0.0023744456 359.039
-0.0023742456 357.84
-0.0023740456 361.038
-0.0023738456 357.84
-0.0023736456 357.44
-0.0023734456 359.439
-0.0023732456 360.239
-0.0023730456 357.84
-0.0023728456 358.639
-0.0023726456 360.638
-0.0023724456 363.037
-0.0023722456 360.239
-0.0023720456 361.438
-0.0023718456 359.439
-0.0023716456 358.639
-0.0023714456 357.44
-0.0023712456 358.639
-0.0023710456 361.838
-0.0023708456 358.639
-0.0023706456 359.039
-0.0023704456 359.839
-0.0023702456 362.238
-0.0023700456 360.638
-0.0023698456 361.038
-0.0023696456 358.24
-0.0023694456 359.839
-0.0023692456 360.638
-0.0023690456 358.24
-0.0023688456 360.239
-0.0023686456 359.039
-0.0023684456 361.438
-0.0023682456 359.839
-0.0023680456 359.839
-0.0023678456 358.639
-0.0023676456 358.639
-0.0023674456 359.039
-0.0023672456 357.44
-0.0023670456 359.039
-0.0023668456 359.439
-0.0023666456 359.439
-0.0023664456 358.639
-0.0023662456 361.438
-0.0023660456 358.639
-0.0023658456 359.439
-0.0023656456 360.638
-0.0023654456 361.038
-0.0023652456 360.638
-0.0023650456 359.439
-0.0023648456 359.039
-0.0023646456 362.238
-0.0023644456 359.439
-0.0023642456 359.439
-0.0023640456 360.239
-0.0023638456 361.038
-0.0023636456 357.84
-0.0023634456 359.839
-0.0023632456 359.839
-0.0023630456 361.838
-0.0023628456 359.839
-0.0023626456 361.038
-0.0023624456 360.239
-0.0023622456 361.038
-0.0023620456 361.838
-0.0023618456 359.439
-0.0023616456 360.638
-0.0023614456 359.039
-0.0023612456 359.839
-0.0023610456 361.438
-0.0023608456 359.839
-0.0023606456 357.04
-0.0023604456 358.639
-0.0023602456 359.039
-0.0023600456 359.839
-0.0023598456 358.639
-0.0023596456 359.839
-0.0023594456 359.039
-0.0023592456 359.039
-0.0023590456 360.638
-0.0023588456 360.239
-0.0023586456 358.24
-0.0023584456 359.839
-0.0023582456 360.239
-0.0023580456 361.838
-0.0023578456 362.238
-0.0023576456 360.638
-0.0023574456 360.239
-0.0023572456 359.039
-0.0023570456 361.838
-0.0023568456 361.838
-0.0023566456 360.239
-0.0023564456 360.638
-0.0023562456 358.639
-0.0023560456 360.638
-0.0023558456 362.238
-0.0023556456 363.437
-0.0023554456 360.239
-0.0023552456 360.638
-0.0023550456 362.238
-0.0023548456 360.239
-0.0023546456 359.439
-0.0023544456 361.838
-0.0023542456 362.638
-0.0023540456 362.238
-0.0023538456 363.037
-0.0023536456 361.438
-0.0023534456 362.638
-0.0023532456 361.838
-0.0023530456 361.038
-0.0023528456 360.239
-0.0023526456 359.439
-0.0023524456 360.638
-0.0023522456 359.839
-0.0023520456 361.838
-0.0023518456 363.437
-0.0023516456 362.238
-0.0023514456 361.838
-0.0023512456 361.038
-0.0023510456 362.638
-0.0023508456 361.838
-0.0023506456 359.839
-0.0023504456 362.638
-0.0023502456 363.837
-0.0023500456 362.238
-0.0023498456 363.837
-0.0023496456 362.638
-0.0023494456 363.437
-0.0023492456 362.238
-0.0023490456 364.237
-0.0023488456 363.837
-0.0023486456 361.038
-0.0023484456 361.038
-0.0023482456 359.839
-0.0023480456 363.037
-0.0023478456 363.037
-0.0023476456 361.038
-0.0023474456 363.437
-0.0023472456 361.838
-0.0023470456 363.037
-0.0023468456 363.037
-0.0023466456 362.238
-0.0023464456 362.238
-0.0023462456 363.837
-0.0023460456 362.238
-0.0023458456 363.437
-0.0023456456 364.237
-0.0023454456 362.638
-0.0023452456 361.038
-0.0023450456 362.638
-0.0023448456 362.638
-0.0023446456 363.037
-0.0023444456 361.838
-0.0023442456 364.237
-0.0023440456 362.638
-0.0023438456 363.837
-0.0023436456 365.436
-0.0023434456 364.237
-0.0023432456 363.437
-0.0023430456 363.037
-0.0023428456 363.037
-0.0023426456 361.038
-0.0023424456 363.837
-0.0023422456 364.237
-0.0023420456 365.436
-0.0023418456 363.037
-0.0023416456 364.637
-0.0023414456 366.236
-0.0023412456 365.836
-0.0023410456 363.837
-0.0023408456 365.036
-0.0023406456 365.436
-0.0023404456 360.638
-0.0023402456 364.637
-0.0023400456 363.437
-0.0023398456 363.837
-0.0023396456 369.035
-0.0023394456 365.436
-0.0023392456 366.236
-0.0023390456 365.036
-0.0023388456 367.435
-0.0023386456 363.037
-0.0023384456 367.435
-0.0023382456 367.835
-0.0023380456 366.636
-0.0023378456 363.037
-0.0023376456 365.036
-0.0023374456 367.835
-0.0023372456 364.237
-0.0023370456 367.036
-0.0023368456 363.437
-0.0023366456 365.436
-0.0023364456 364.637
-0.0023362456 365.836
-0.0023360456 366.236
-0.0023358456 363.037
-0.0023356456 365.036
-0.0023354456 367.036
-0.0023352456 369.035
-0.0023350456 365.436
-0.0023348456 366.236
-0.0023346456 365.836
-0.0023344456 363.837
-0.0023342456 367.036
-0.0023340456 367.036
-0.0023338456 363.437
-0.0023336456 365.836
-0.0023334456 365.036
-0.0023332456 366.636
-0.0023330456 367.036
-0.0023328456 367.435
-0.0023326456 364.237
-0.0023324456 369.035
-0.0023322456 362.638
-0.0023320456 367.036
-0.0023318456 368.635
-0.0023316456 366.636
-0.0023314456 367.835
-0.0023312456 366.636
-0.0023310456 366.636
-0.0023308456 366.636
-0.0023306456 365.836
-0.0023304456 367.435
-0.0023302456 365.836
-0.0023300456 367.835
-0.0023298456 364.637
-0.0023296456 366.236
-0.0023294456 365.836
-0.0023292456 365.836
-0.0023290456 365.036
-0.0023288456 364.237
-0.0023286456 365.036
-0.0023284456 367.036
-0.0023282456 366.636
-0.0023280456 363.837
-0.0023278456 369.035
-0.0023276456 366.636
-0.0023274456 366.636
-0.0023272456 365.436
-0.0023270456 366.236
-0.0023268456 366.236
-0.0023266456 367.036
-0.0023264456 363.837
-0.0023262456 367.036
-0.0023260456 367.036
-0.0023258456 366.636
-0.0023256456 365.836
-0.0023254456 368.635
-0.0023252456 369.834
-0.0023250456 365.836
-0.0023248456 366.236
-0.0023246456 367.835
-0.0023244456 364.637
-0.0023242456 368.235
-0.0023240456 367.435
-0.0023238456 366.636
-0.0023236456 367.835
-0.0023234456 367.435
-0.0023232456 367.036
-0.0023230456 365.436
-0.0023228456 366.636
-0.0023226456 366.636
-0.0023224456 368.235
-0.0023222456 367.036
-0.0023220456 365.436
-0.0023218456 369.035
-0.0023216456 367.435
-0.0023214456 369.035
-0.0023212456 364.237
-0.0023210456 367.835
-0.0023208456 365.036
-0.0023206456 367.435
-0.0023204456 365.836
-0.0023202456 369.035
-0.0023200456 365.836
-0.0023198456 367.036
-0.0023196456 363.037
-0.0023194456 367.036
-0.0023192456 368.635
-0.0023190456 366.636
-0.0023188456 368.635
-0.0023186456 366.236
-0.0023184456 367.835
-0.0023182456 367.835
-0.0023180456 371.833
-0.0023178456 369.434
-0.0023176456 368.235
-0.0023174456 368.235
-0.0023172456 369.834
-0.0023170456 367.835
-0.0023168456 369.834
-0.0023166456 367.835
-0.0023164456 369.434
-0.0023162456 366.236
-0.0023160456 370.634
-0.0023158456 369.834
-0.0023156456 366.636
-0.0023154456 369.035
-0.0023152456 365.436
-0.0023150456 366.636
-0.0023148456 368.635
-0.0023146456 369.035
-0.0023144456 370.634
-0.0023142456 367.435
-0.0023140456 368.635
-0.0023138456 370.634
-0.0023136456 367.036
-0.0023134456 368.635
-0.0023132456 369.035
-0.0023130456 369.434
-0.0023128456 369.035
-0.0023126456 369.834
-0.0023124456 367.036
-0.0023122456 367.435
-0.0023120456 366.636
-0.0023118456 367.835
-0.0023116456 368.635
-0.0023114456 368.635
-0.0023112456 369.434
-0.0023110456 368.235
-0.0023108456 370.634
-0.0023106456 368.235
-0.0023104456 371.434
-0.0023102456 367.835
-0.0023100456 370.234
-0.0023098456 366.236
-0.0023096456 370.234
-0.0023094456 370.234
-0.0023092456 368.635
-0.0023090456 370.634
-0.0023088456 368.235
-0.0023086456 371.034
-0.0023084456 368.235
-0.0023082456 369.035
-0.0023080456 369.035
-0.0023078456 367.036
-0.0023076456 367.835
-0.0023074456 369.035
-0.0023072456 371.034
-0.0023070456 369.834
-0.0023068456 370.634
-0.0023066456 367.036
-0.0023064456 372.233
-0.0023062456 368.235
-0.0023060456 367.835
-0.0023058456 370.234
-0.0023056456 375.032
-0.0023054456 370.634
-0.0023052456 367.835
-0.0023050456 367.435
-0.0023048456 368.635
-0.0023046456 373.033
-0.0023044456 370.634
-0.0023042456 371.434
-0.0023040456 371.034
-0.0023038456 369.434
-0.0023036456 373.033
-0.0023034456 370.234
-0.0023032456 369.834
-0.0023030456 372.233
-0.0023028456 367.435
-0.0023026456 366.236
-0.0023024456 371.833
-0.0023022456 369.434
-0.0023020456 368.635
-0.0023018456 371.434
-0.0023016456 370.234
-0.0023014456 369.834
-0.0023012456 369.834
-0.0023010456 371.833
-0.0023008456 369.434
-0.0023006456 366.636
-0.0023004456 368.235
-0.0023002456 371.034
-0.0023000456 369.035
-0.0022998456 368.235
-0.0022996456 370.234
-0.0022994456 369.035
-0.0022992456 369.035
-0.0022990456 367.435
-0.0022988456 368.635
-0.0022986456 369.434
-0.0022984456 370.234
-0.0022982456 369.434
-0.0022980456 369.035
-0.0022978456 370.634
-0.0022976456 372.633
-0.0022974456 367.835
-0.0022972456 368.635
-0.0022970456 368.635
-0.0022968456 370.234
-0.0022966456 368.635
-0.0022964456 367.835
-0.0022962456 369.834
-0.0022960456 371.833
-0.0022958456 369.834
-0.0022956456 367.835
-0.0022954456 371.034
-0.0022952456 370.634
-0.0022950456 369.434
-0.0022948456 367.835
-0.0022946456 368.635
-0.0022944456 369.834
-0.0022942456 369.035
-0.0022940456 370.634
-0.0022938456 371.434
-0.0022936456 366.236
-0.0022934456 373.033
-0.0022932456 367.435
-0.0022930456 369.434
-0.0022928456 367.835
-0.0022926456 371.434
-0.0022924456 369.834
-0.0022922456 371.034
-0.0022920456 370.234
-0.0022918456 369.834
-0.0022916456 370.234
-0.0022914456 370.234
-0.0022912456 372.233
-0.0022910456 370.634
-0.0022908456 369.834
-0.0022906456 369.434
-0.0022904456 370.234
-0.0022902456 369.035
-0.0022900456 369.834
-0.0022898456 373.033
-0.0022896456 366.236
-0.0022894456 370.234
-0.0022892456 369.434
-0.0022890456 370.234
-0.0022888456 370.234
-0.0022886456 372.633
-0.0022884456 371.434
-0.0022882456 370.634
-0.0022880456 369.035
-0.0022878456 370.634
-0.0022876456 372.233
-0.0022874456 370.234
-0.0022872456 369.035
-0.0022870456 370.234
-0.0022868456 369.035
-0.0022866456 370.634
-0.0022864456 369.434
-0.0022862456 369.834
-0.0022860456 371.434
-0.0022858456 371.833
-0.0022856456 373.033
-0.0022854456 367.835
-0.0022852456 371.833
-0.0022850456 370.234
-0.0022848456 371.434
-0.0022846456 371.434
-0.0022844456 371.833
-0.0022842456 369.434
-0.0022840456 369.834
-0.0022838456 370.234
-0.0022836456 369.434
-0.0022834456 373.833
-0.0022832456 371.034
-0.0022830456 370.234
-0.0022828456 369.434
-0.0022826456 369.834
-0.0022824456 371.034
-0.0022822456 372.233
-0.0022820456 370.634
-0.0022818456 371.833
-0.0022816456 372.233
-0.0022814456 370.634
-0.0022812456 370.234
-0.0022810456 371.034
-0.0022808456 375.032
-0.0022806456 371.434
-0.0022804456 373.833
-0.0022802456 369.434
-0.0022800456 370.634
-0.0022798456 372.633
-0.0022796456 372.633
-0.0022794456 371.434
-0.0022792456 373.833
-0.0022790456 371.034
-0.0022788456 370.634
-0.0022786456 374.232
-0.0022784456 373.433
-0.0022782456 373.033
-0.0022780456 371.034
-0.0022778456 373.033
-0.0022776456 374.632
-0.0022774456 373.833
-0.0022772456 372.233
-0.0022770456 370.634
-0.0022768456 372.633
-0.0022766456 371.034
-0.0022764456 372.233
-0.0022762456 371.434
-0.0022760456 372.233
-0.0022758456 371.833
-0.0022756456 371.434
-0.0022754456 369.834
-0.0022752456 371.833
-0.0022750456 371.833
-0.0022748456 374.232
-0.0022746456 373.833
-0.0022744456 373.033
-0.0022742456 371.833
-0.0022740456 372.633
-0.0022738456 371.833
-0.0022736456 370.634
-0.0022734456 371.034
-0.0022732456 373.433
-0.0022730456 371.833
-0.0022728456 373.033
-0.0022726456 371.434
-0.0022724456 371.833
-0.0022722456 372.233
-0.0022720456 371.833
-0.0022718456 372.233
-0.0022716456 371.434
-0.0022714456 375.032
-0.0022712456 375.832
-0.0022710456 372.633
-0.0022708456 376.231
-0.0022706456 371.833
-0.0022704456 373.033
-0.0022702456 368.635
-0.0022700456 373.833
-0.0022698456 373.033
-0.0022696456 374.232
-0.0022694456 372.233
-0.0022692456 371.833
-0.0022690456 371.833
-0.0022688456 372.233
-0.0022686456 371.833
-0.0022684456 371.833
-0.0022682456 374.632
-0.0022680456 375.432
-0.0022678456 373.033
-0.0022676456 373.033
-0.0022674456 372.633
-0.0022672456 372.233
-0.0022670456 374.232
-0.0022668456 372.633
-0.0022666456 371.434
-0.0022664456 370.634
-0.0022662456 372.233
-0.0022660456 371.434
-0.0022658456 373.433
-0.0022656456 371.034
-0.0022654456 375.032
-0.0022652456 372.633
-0.0022650456 373.433
-0.0022648456 372.633
-0.0022646456 374.232
-0.0022644456 373.833
-0.0022642456 372.633
-0.0022640456 376.231
-0.0022638456 371.833
-0.0022636456 377.031
-0.0022634456 373.033
-0.0022632456 372.633
-0.0022630456 372.233
-0.0022628456 374.232
-0.0022626456 375.432
-0.0022624456 375.432
-0.0022622456 374.232
-0.0022620456 371.833
-0.0022618456 373.033
-0.0022616456 375.032
-0.0022614456 373.033
-0.0022612456 373.033
-0.0022610456 374.632
-0.0022608456 373.033
-0.0022606456 370.234
-0.0022604456 372.633
-0.0022602456 374.632
-0.0022600456 373.433
-0.0022598456 371.833
-0.0022596456 376.631
-0.0022594456 373.833
-0.0022592456 373.033
-0.0022590456 375.032
-0.0022588456 375.432
-0.0022586456 372.233
-0.0022584456 373.433
-0.0022582456 374.232
-0.0022580456 377.031
-0.0022578456 375.832
-0.0022576456 373.033
-0.0022574456 371.434
-0.0022572456 372.633
-0.0022570456 373.033
-0.0022568456 374.632
-0.0022566456 374.632
-0.0022564456 370.634
-0.0022562456 374.232
-0.0022560456 375.432
-0.0022558456 373.033
-0.0022556456 373.033
-0.0022554456 377.031
-0.0022552456 375.832
-0.0022550456 373.433
-0.0022548456 372.633
-0.0022546456 373.433
-0.0022544456 371.833
-0.0022542456 376.231
-0.0022540456 373.033
-0.0022538456 373.433
-0.0022536456 375.832
-0.0022534456 376.231
-0.0022532456 376.231
-0.0022530456 374.232
-0.0022528456 374.232
-0.0022526456 376.231
-0.0022524456 375.032
-0.0022522456 372.233
-0.0022520456 372.633
-0.0022518456 370.634
-0.0022516456 376.631
-0.0022514456 375.032
-0.0022512456 375.832
-0.0022510456 373.833
-0.0022508456 372.233
-0.0022506456 377.831
-0.0022504456 373.433
-0.0022502456 375.432
-0.0022500456 373.433
-0.0022498456 375.032
-0.0022496456 373.433
-0.0022494456 376.631
-0.0022492456 375.432
-0.0022490456 375.032
-0.0022488456 371.833
-0.0022486456 375.432
-0.0022484456 373.433
-0.0022482456 373.433
-0.0022480456 375.032
-0.0022478456 375.032
-0.0022476456 375.432
-0.0022474456 375.032
-0.0022472456 375.432
-0.0022470456 378.63
-0.0022468456 377.431
-0.0022466456 376.231
-0.0022464456 375.032
-0.0022462456 376.631
-0.0022460456 375.832
-0.0022458456 373.433
-0.0022456456 377.431
-0.0022454456 376.631
-0.0022452456 375.432
-0.0022450456 373.433
-0.0022448456 375.832
-0.0022446456 378.231
-0.0022444456 378.231
-0.0022442456 377.031
-0.0022440456 375.432
-0.0022438456 377.031
-0.0022436456 379.03
-0.0022434456 377.831
-0.0022432456 377.431
-0.0022430456 377.831
-0.0022428456 377.431
-0.0022426456 379.43
-0.0022424456 373.833
-0.0022422456 378.231
-0.0022420456 375.832
-0.0022418456 380.23
-0.0022416456 378.63
-0.0022414456 378.231
-0.0022412456 375.832
-0.0022410456 377.031
-0.0022408456 377.031
-0.0022406456 376.631
-0.0022404456 376.631
-0.0022402456 377.031
-0.0022400456 375.032
-0.0022398456 377.031
-0.0022396456 379.03
-0.0022394456 377.431
-0.0022392456 373.833
-0.0022390456 378.63
-0.0022388456 378.63
-0.0022386456 378.231
-0.0022384456 375.832
-0.0022382456 379.03
-0.0022380456 377.431
-0.0022378456 376.231
-0.0022376456 379.03
-0.0022374456 375.032
-0.0022372456 374.232
-0.0022370456 378.231
-0.0022368456 377.831
-0.0022366456 377.831
-0.0022364456 377.431
-0.0022362456 378.231
-0.0022360456 379.43
-0.0022358456 376.231
-0.0022356456 379.43
-0.0022354456 378.63
-0.0022352456 375.432
-0.0022350456 379.83
-0.0022348456 379.83
-0.0022346456 378.63
-0.0022344456 380.23
-0.0022342456 376.231
-0.0022340456 379.03
-0.0022338456 378.63
-0.0022336456 377.031
-0.0022334456 379.03
-0.0022332456 378.231
-0.0022330456 378.63
-0.0022328456 379.03
-0.0022326456 379.03
-0.0022324456 379.43
-0.0022322456 377.431
-0.0022320456 378.63
-0.0022318456 378.231
-0.0022316456 379.03
-0.0022314456 381.429
-0.0022312456 379.83
-0.0022310456 379.03
-0.0022308456 379.43
-0.0022306456 377.431
-0.0022304456 376.631
-0.0022302456 381.029
-0.0022300456 382.229
-0.0022298456 379.83
-0.0022296456 382.229
-0.0022294456 381.029
-0.0022292456 378.231
-0.0022290456 377.831
-0.0022288456 379.43
-0.0022286456 377.431
-0.0022284456 381.029
-0.0022282456 380.629
-0.0022280456 380.629
-0.0022278456 379.03
-0.0022276456 382.229
-0.0022274456 378.231
-0.0022272456 377.831
-0.0022270456 380.23
-0.0022268456 379.03
-0.0022266456 377.431
-0.0022264456 381.429
-0.0022262456 378.63
-0.0022260456 379.03
-0.0022258456 381.829
-0.0022256456 383.428
-0.0022254456 380.23
-0.0022252456 382.229
-0.0022250456 379.43
-0.0022248456 382.629
-0.0022246456 379.83
-0.0022244456 381.029
-0.0022242456 379.83
-0.0022240456 380.23
-0.0022238456 379.03
-0.0022236456 378.63
-0.0022234456 379.83
-0.0022232456 380.23
-0.0022230456 381.429
-0.0022228456 379.83
-0.0022226456 379.83
-0.0022224456 381.029
-0.0022222456 380.23
-0.0022220456 380.23
-0.0022218456 381.029
-0.0022216456 383.028
-0.0022214456 381.029
-0.0022212456 381.829
-0.0022210456 383.828
-0.0022208456 381.029
-0.0022206456 382.629
-0.0022204456 381.429
-0.0022202456 379.83
-0.0022200456 379.83
-0.0022198456 381.829
-0.0022196456 382.229
-0.0022194456 379.83
-0.0022192456 381.829
-0.0022190456 382.229
-0.0022188456 382.229
-0.0022186456 379.43
-0.0022184456 382.229
-0.0022182456 380.23
-0.0022180456 383.028
-0.0022178456 381.429
-0.0022176456 380.23
-0.0022174456 380.23
-0.0022172456 379.83
-0.0022170456 380.23
-0.0022168456 382.229
-0.0022166456 381.029
-0.0022164456 384.228
-0.0022162456 381.429
-0.0022160456 383.428
-0.0022158456 381.029
-0.0022156456 382.629
-0.0022154456 381.829
-0.0022152456 382.629
-0.0022150456 381.829
-0.0022148456 379.43
-0.0022146456 383.428
-0.0022144456 382.229
-0.0022142456 382.629
-0.0022140456 381.829
-0.0022138456 381.829
-0.0022136456 381.429
-0.0022134456 381.829
-0.0022132456 382.629
-0.0022130456 382.629
-0.0022128456 380.23
-0.0022126456 382.229
-0.0022124456 383.028
-0.0022122456 383.428
-0.0022120456 381.029
-0.0022118456 384.628
-0.0022116456 381.029
-0.0022114456 379.03
-0.0022112456 381.829
-0.0022110456 381.029
-0.0022108456 380.629
-0.0022106456 383.828
-0.0022104456 383.828
-0.0022102456 379.03
-0.0022100456 380.629
-0.0022098456 383.028
-0.0022096456 380.23
-0.0022094456 382.629
-0.0022092456 380.629
-0.0022090456 381.029
-0.0022088456 378.63
-0.0022086456 381.429
-0.0022084456 382.629
-0.0022082456 382.629
-0.0022080456 381.429
-0.0022078456 382.629
-0.0022076456 383.028
-0.0022074456 384.228
-0.0022072456 383.428
-0.0022070456 380.23
-0.0022068456 381.029
-0.0022066456 381.029
-0.0022064456 379.83
-0.0022062456 380.629
-0.0022060456 383.828
-0.0022058456 383.028
-0.0022056456 381.829
-0.0022054456 383.828
-0.0022052456 380.629
-0.0022050456 381.029
-0.0022048456 385.028
-0.0022046456 381.429
-0.0022044456 383.428
-0.0022042456 385.028
-0.0022040456 383.828
-0.0022038456 381.829
-0.0022036456 381.829
-0.0022034456 383.828
-0.0022032456 383.028
-0.0022030456 383.428
-0.0022028456 381.429
-0.0022026456 383.028
-0.0022024456 381.829
-0.0022022456 383.028
-0.0022020456 383.028
-0.0022018456 382.629
-0.0022016456 382.229
-0.0022014456 381.429
-0.0022012456 383.428
-0.0022010456 379.43
-0.0022008456 380.23
-0.0022006456 383.028
-0.0022004456 383.828
-0.0022002456 383.028
-0.0022000456 383.428
-0.0021998456 383.828
-0.0021996456 382.229
-0.0021994456 386.227
-0.0021992456 380.23
-0.0021990456 381.029
-0.0021988456 383.828
-0.0021986456 385.427
-0.0021984456 382.229
-0.0021982456 386.227
-0.0021980456 383.028
-0.0021978456 384.228
-0.0021976456 385.028
-0.0021974456 383.828
-0.0021972456 386.227
-0.0021970456 379.83
-0.0021968456 383.828
-0.0021966456 384.228
-0.0021964456 385.028
-0.0021962456 383.428
-0.0021960456 383.428
-0.0021958456 383.828
-0.0021956456 385.028
-0.0021954456 385.827
-0.0021952456 387.027
-0.0021950456 386.627
-0.0021948456 385.028
-0.0021946456 383.428
-0.0021944456 385.827
-0.0021942456 385.427
-0.0021940456 384.628
-0.0021938456 385.827
-0.0021936456 386.627
-0.0021934456 385.028
-0.0021932456 385.827
-0.0021930456 385.827
-0.0021928456 385.427
-0.0021926456 386.227
-0.0021924456 385.827
-0.0021922456 385.827
-0.0021920456 385.028
-0.0021918456 385.427
-0.0021916456 387.027
-0.0021914456 385.827
-0.0021912456 387.426
-0.0021910456 385.028
-0.0021908456 387.027
-0.0021906456 385.427
-0.0021904456 385.427
-0.0021902456 385.427
-0.0021900456 382.629
-0.0021898456 386.227
-0.0021896456 387.426
-0.0021894456 385.827
-0.0021892456 386.627
-0.0021890456 385.827
-0.0021888456 389.825
-0.0021886456 384.228
-0.0021884456 386.227
-0.0021882456 383.428
-0.0021880456 386.627
-0.0021878456 387.426
-0.0021876456 387.027
-0.0021874456 384.628
-0.0021872456 385.827
-0.0021870456 389.026
-0.0021868456 387.426
-0.0021866456 387.426
-0.0021864456 383.828
-0.0021862456 387.426
-0.0021860456 387.027
-0.0021858456 386.627
-0.0021856456 386.627
-0.0021854456 387.426
-0.0021852456 386.227
-0.0021850456 386.627
-0.0021848456 385.827
-0.0021846456 388.226
-0.0021844456 387.426
-0.0021842456 385.427
-0.0021840456 387.027
-0.0021838456 389.026
-0.0021836456 387.027
-0.0021834456 386.627
-0.0021832456 388.626
-0.0021830456 388.626
-0.0021828456 387.826
-0.0021826456 388.226
-0.0021824456 387.027
-0.0021822456 387.426
-0.0021820456 387.426
-0.0021818456 389.825
-0.0021816456 387.027
-0.0021814456 386.627
-0.0021812456 388.226
-0.0021810456 386.627
-0.0021808456 385.427
-0.0021806456 386.627
-0.0021804456 389.825
-0.0021802456 387.027
-0.0021800456 386.627
-0.0021798456 387.426
-0.0021796456 386.627
-0.0021794456 387.426
-0.0021792456 388.226
-0.0021790456 388.626
-0.0021788456 390.225
-0.0021786456 387.826
-0.0021784456 390.625
-0.0021782456 387.826
-0.0021780456 387.826
-0.0021778456 388.226
-0.0021776456 386.227
-0.0021774456 389.026
-0.0021772456 387.426
-0.0021770456 388.626
-0.0021768456 387.027
-0.0021766456 387.426
-0.0021764456 389.026
-0.0021762456 387.027
-0.0021760456 386.627
-0.0021758456 386.627
-0.0021756456 387.826
-0.0021754456 387.027
-0.0021752456 385.427
-0.0021750456 388.626
-0.0021748456 385.827
-0.0021746456 387.826
-0.0021744456 388.226
-0.0021742456 387.426
-0.0021740456 389.426
-0.0021738456 387.826
-0.0021736456 388.226
-0.0021734456 387.826
-0.0021732456 387.426
-0.0021730456 385.427
-0.0021728456 387.826
-0.0021726456 388.226
-0.0021724456 386.627
-0.0021722456 386.227
-0.0021720456 388.626
-0.0021718456 389.825
-0.0021716456 387.426
-0.0021714456 387.426
-0.0021712456 387.826
-0.0021710456 388.626
-0.0021708456 389.426
-0.0021706456 387.027
-0.0021704456 390.225
-0.0021702456 388.626
-0.0021700456 386.227
-0.0021698456 387.826
-0.0021696456 389.026
-0.0021694456 388.626
-0.0021692456 388.626
-0.0021690456 387.027
-0.0021688456 387.027
-0.0021686456 385.427
-0.0021684456 387.027
-0.0021682456 388.626
-0.0021680456 388.626
-0.0021678456 386.627
-0.0021676456 387.826
-0.0021674456 386.627
-0.0021672456 387.027
-0.0021670456 390.625
-0.0021668456 389.825
-0.0021666456 389.026
-0.0021664456 387.426
-0.0021662456 388.626
-0.0021660456 388.626
-0.0021658456 387.027
-0.0021656456 384.228
-0.0021654456 388.626
-0.0021652456 391.425
-0.0021650456 386.227
-0.0021648456 389.825
-0.0021646456 388.226
-0.0021644456 389.825
-0.0021642456 391.425
-0.0021640456 386.627
-0.0021638456 387.426
-0.0021636456 389.426
-0.0021634456 390.225
-0.0021632456 390.625
-0.0021630456 389.026
-0.0021628456 388.626
-0.0021626456 387.426
-0.0021624456 390.625
-0.0021622456 390.625
-0.0021620456 388.226
-0.0021618456 389.026
-0.0021616456 390.225
-0.0021614456 389.426
-0.0021612456 389.426
-0.0021610456 387.027
-0.0021608456 387.426
-0.0021606456 390.625
-0.0021604456 389.026
-0.0021602456 388.226
-0.0021600456 388.626
-0.0021598456 389.426
-0.0021596456 389.426
-0.0021594456 386.627
-0.0021592456 388.226
-0.0021590456 391.025
-0.0021588456 389.426
-0.0021586456 388.226
-0.0021584456 390.225
-0.0021582456 388.226
-0.0021580456 391.425
-0.0021578456 389.026
-0.0021576456 387.826
-0.0021574456 389.426
-0.0021572456 390.225
-0.0021570456 387.027
-0.0021568456 388.626
-0.0021566456 389.026
-0.0021564456 391.025
-0.0021562456 386.627
-0.0021560456 391.425
-0.0021558456 387.426
-0.0021556456 389.825
-0.0021554456 389.825
-0.0021552456 391.425
-0.0021550456 389.825
-0.0021548456 390.625
-0.0021546456 390.625
-0.0021544456 390.225
-0.0021542456 388.226
-0.0021540456 390.625
-0.0021538456 388.626
-0.0021536456 390.625
-0.0021534456 387.826
-0.0021532456 393.824
-0.0021530456 389.426
-0.0021528456 389.825
-0.0021526456 389.426
-0.0021524456 391.025
-0.0021522456 391.824
-0.0021520456 389.026
-0.0021518456 392.224
-0.0021516456 390.625
-0.0021514456 387.826
-0.0021512456 389.825
-0.0021510456 390.625
-0.0021508456 390.625
-0.0021506456 389.426
-0.0021504456 390.625
-0.0021502456 391.425
-0.0021500456 390.225
-0.0021498456 389.825
-0.0021496456 391.025
-0.0021494456 391.824
-0.0021492456 391.824
-0.0021490456 394.623
-0.0021488456 391.824
-0.0021486456 391.824
-0.0021484456 391.025
-0.0021482456 391.425
-0.0021480456 390.625
-0.0021478456 394.623
-0.0021476456 390.625
-0.0021474456 391.824
-0.0021472456 391.425
-0.0021470456 393.424
-0.0021468456 390.625
-0.0021466456 389.825
-0.0021464456 393.024
-0.0021462456 391.425
-0.0021460456 392.224
-0.0021458456 392.624
-0.0021456456 392.624
-0.0021454456 391.425
-0.0021452456 393.824
-0.0021450456 392.624
-0.0021448456 393.824
-0.0021446456 396.622
-0.0021444456 391.824
-0.0021442456 391.824
-0.0021440456 392.224
-0.0021438456 393.024
-0.0021436456 394.623
-0.0021434456 394.223
-0.0021432456 394.223
-0.0021430456 395.423
-0.0021428456 394.223
-0.0021426456 395.423
-0.0021424456 393.424
-0.0021422456 394.223
-0.0021420456 391.025
-0.0021418456 393.824
-0.0021416456 396.222
-0.0021414456 397.022
-0.0021412456 392.224
-0.0021410456 395.423
-0.0021408456 392.624
-0.0021406456 393.424
-0.0021404456 395.823
-0.0021402456 395.423
-0.0021400456 392.624
-0.0021398456 392.624
-0.0021396456 392.624
-0.0021394456 393.424
-0.0021392456 395.023
-0.0021390456 392.624
-0.0021388456 396.222
-0.0021386456 394.623
-0.0021384456 396.222
-0.0021382456 394.623
-0.0021380456 395.023
-0.0021378456 396.622
-0.0021376456 396.222
-0.0021374456 395.823
-0.0021372456 394.223
-0.0021370456 394.223
-0.0021368456 393.024
-0.0021366456 393.824
-0.0021364456 393.824
-0.0021362456 392.624
-0.0021360456 395.823
-0.0021358456 393.824
-0.0021356456 393.424
-0.0021354456 394.623
-0.0021352456 396.222
-0.0021350456 395.823
-0.0021348456 393.824
-0.0021346456 395.823
-0.0021344456 394.223
-0.0021342456 398.621
-0.0021340456 397.422
-0.0021338456 395.023
-0.0021336456 395.423
-0.0021334456 397.022
-0.0021332456 395.423
-0.0021330456 394.623
-0.0021328456 396.622
-0.0021326456 393.824
-0.0021324456 395.823
-0.0021322456 397.822
-0.0021320456 393.824
-0.0021318456 396.622
-0.0021316456 396.622
-0.0021314456 394.623
-0.0021312456 394.623
-0.0021310456 396.222
-0.0021308456 393.824
-0.0021306456 398.621
-0.0021304456 398.621
-0.0021302456 395.823
-0.0021300456 398.222
-0.0021298456 397.022
-0.0021296456 397.822
-0.0021294456 397.022
-0.0021292456 396.222
-0.0021290456 396.222
-0.0021288456 396.222
-0.0021286456 396.222
-0.0021284456 395.423
-0.0021282456 395.023
-0.0021280456 396.222
-0.0021278456 397.022
-0.0021276456 397.822
-0.0021274456 397.822
-0.0021272456 396.222
-0.0021270456 397.022
-0.0021268456 397.422
-0.0021266456 398.621
-0.0021264456 397.422
-0.0021262456 398.621
-0.0021260456 397.022
-0.0021258456 396.222
-0.0021256456 397.422
-0.0021254456 397.422
-0.0021252456 399.021
-0.0021250456 398.621
-0.0021248456 399.821
-0.0021246456 396.222
-0.0021244456 397.422
-0.0021242456 397.422
-0.0021240456 399.421
-0.0021238456 398.621
-0.0021236456 397.422
-0.0021234456 397.822
-0.0021232456 401.02
-0.0021230456 399.421
-0.0021228456 396.222
-0.0021226456 397.422
-0.0021224456 398.621
-0.0021222456 397.422
-0.0021220456 397.422
-0.0021218456 397.822
-0.0021216456 397.822
-0.0021214456 398.621
-0.0021212456 400.621
-0.0021210456 398.621
-0.0021208456 396.222
-0.0021206456 399.021
-0.0021204456 398.621
-0.0021202456 401.82
-0.0021200456 397.822
-0.0021198456 399.421
-0.0021196456 397.022
-0.0021194456 398.222
-0.0021192456 400.621
-0.0021190456 399.021
-0.0021188456 399.021
-0.0021186456 397.022
-0.0021184456 397.022
-0.0021182456 399.821
-0.0021180456 399.021
-0.0021178456 400.621
-0.0021176456 400.621
-0.0021174456 397.422
-0.0021172456 396.622
-0.0021170456 397.422
-0.0021168456 397.822
-0.0021166456 399.821
-0.0021164456 400.221
-0.0021162456 401.42
-0.0021160456 399.021
-0.0021158456 399.021
-0.0021156456 400.621
-0.0021154456 397.822
-0.0021152456 399.821
-0.0021150456 400.621
-0.0021148456 400.621
-0.0021146456 399.421
-0.0021144456 401.42
-0.0021142456 397.022
-0.0021140456 399.421
-0.0021138456 400.221
-0.0021136456 399.021
-0.0021134456 400.221
-0.0021132456 399.821
-0.0021130456 397.422
-0.0021128456 401.02
-0.0021126456 398.222
-0.0021124456 401.42
-0.0021122456 399.021
-0.0021120456 400.621
-0.0021118456 400.621
-0.0021116456 399.821
-0.0021114456 398.222
-0.0021112456 399.821
-0.0021110456 400.621
-0.0021108456 401.82
-0.0021106456 399.421
-0.0021104456 401.42
-0.0021102456 398.621
-0.0021100456 401.02
-0.0021098456 397.422
-0.0021096456 399.021
-0.0021094456 401.82
-0.0021092456 401.82
-0.0021090456 400.621
-0.0021088456 400.221
-0.0021086456 395.823
-0.0021084456 401.42
-0.0021082456 401.02
-0.0021080456 399.821
-0.0021078456 398.621
-0.0021076456 401.42
-0.0021074456 401.02
-0.0021072456 403.019
-0.0021070456 402.22
-0.0021068456 403.419
-0.0021066456 400.621
-0.0021064456 400.621
-0.0021062456 401.42
-0.0021060456 399.421
-0.0021058456 404.619
-0.0021056456 399.421
-0.0021054456 400.621
-0.0021052456 402.62
-0.0021050456 402.62
-0.0021048456 403.019
-0.0021046456 401.82
-0.0021044456 403.019
-0.0021042456 403.419
-0.0021040456 401.02
-0.0021038456 401.82
-0.0021036456 400.221
-0.0021034456 404.619
-0.0021032456 400.221
-0.0021030456 401.42
-0.0021028456 402.62
-0.0021026456 403.019
-0.0021024456 399.021
-0.0021022456 403.419
-0.0021020456 401.82
-0.0021018456 401.02
-0.0021016456 398.621
-0.0021014456 400.621
-0.0021012456 401.02
-0.0021010456 400.621
-0.0021008456 401.42
-0.0021006456 400.621
-0.0021004456 399.821
-0.0021002456 401.42
-0.0021000456 402.22
-0.0020998456 401.02
-0.0020996456 404.219
-0.0020994456 402.62
-0.0020992456 403.019
-0.0020990456 403.419
-0.0020988456 401.82
-0.0020986456 403.019
-0.0020984456 403.819
-0.0020982456 405.019
-0.0020980456 400.221
-0.0020978456 402.22
-0.0020976456 402.62
-0.0020974456 402.62
-0.0020972456 401.42
-0.0020970456 401.82
-0.0020968456 401.02
-0.0020966456 403.419
-0.0020964456 405.418
-0.0020962456 403.019
-0.0020960456 403.419
-0.0020958456 402.22
-0.0020956456 405.019
-0.0020954456 403.019
-0.0020952456 401.42
-0.0020950456 401.42
-0.0020948456 404.219
-0.0020946456 403.019
-0.0020944456 404.219
-0.0020942456 401.82
-0.0020940456 401.42
-0.0020938456 403.419
-0.0020936456 403.819
-0.0020934456 403.019
-0.0020932456 403.019
-0.0020930456 401.82
-0.0020928456 402.62
-0.0020926456 405.818
-0.0020924456 403.819
-0.0020922456 401.42
-0.0020920456 402.22
-0.0020918456 405.418
-0.0020916456 404.619
-0.0020914456 404.219
-0.0020912456 405.818
-0.0020910456 403.819
-0.0020908456 405.418
-0.0020906456 403.819
-0.0020904456 403.819
-0.0020902456 405.418
-0.0020900456 404.619
-0.0020898456 405.818
-0.0020896456 405.019
-0.0020894456 405.019
-0.0020892456 402.62
-0.0020890456 403.019
-0.0020888456 405.418
-0.0020886456 407.417
-0.0020884456 406.218
-0.0020882456 403.019
-0.0020880456 404.219
-0.0020878456 402.62
-0.0020876456 406.618
-0.0020874456 404.619
-0.0020872456 405.418
-0.0020870456 405.418
-0.0020868456 405.418
-0.0020866456 404.219
-0.0020864456 404.219
-0.0020862456 405.418
-0.0020860456 404.219
-0.0020858456 402.62
-0.0020856456 406.218
-0.0020854456 404.219
-0.0020852456 407.018
-0.0020850456 407.018
-0.0020848456 406.218
-0.0020846456 405.418
-0.0020844456 404.219
-0.0020842456 404.619
-0.0020840456 407.817
-0.0020838456 406.218
-0.0020836456 407.417
-0.0020834456 405.019
-0.0020832456 406.218
-0.0020830456 405.818
-0.0020828456 406.618
-0.0020826456 407.417
-0.0020824456 407.018
-0.0020822456 407.018
-0.0020820456 404.219
-0.0020818456 406.618
-0.0020816456 405.818
-0.0020814456 408.617
-0.0020812456 408.217
-0.0020810456 406.218
-0.0020808456 406.618
-0.0020806456 408.217
-0.0020804456 407.018
-0.0020802456 408.217
-0.0020800456 407.018
-0.0020798456 409.417
-0.0020796456 406.618
-0.0020794456 405.418
-0.0020792456 405.019
-0.0020790456 407.018
-0.0020788456 410.216
-0.0020786456 405.418
-0.0020784456 407.817
-0.0020782456 405.818
-0.0020780456 407.018
-0.0020778456 409.417
-0.0020776456 406.618
-0.0020774456 407.817
-0.0020772456 407.018
-0.0020770456 409.816
-0.0020768456 407.417
-0.0020766456 407.417
-0.0020764456 409.017
-0.0020762456 406.218
-0.0020760456 407.817
-0.0020758456 409.417
-0.0020756456 408.617
-0.0020754456 409.816
-0.0020752456 407.417
-0.0020750456 407.018
-0.0020748456 406.218
-0.0020746456 408.617
-0.0020744456 405.418
-0.0020742456 406.218
-0.0020740456 406.618
-0.0020738456 407.817
-0.0020736456 407.018
-0.0020734456 407.417
-0.0020732456 408.217
-0.0020730456 405.818
-0.0020728456 408.217
-0.0020726456 409.017
-0.0020724456 410.616
-0.0020722456 406.618
-0.0020720456 407.817
-0.0020718456 407.817
-0.0020716456 406.618
-0.0020714456 407.817
-0.0020712456 409.017
-0.0020710456 408.217
-0.0020708456 405.418
-0.0020706456 406.218
-0.0020704456 407.417
-0.0020702456 408.617
-0.0020700456 409.816
-0.0020698456 406.618
-0.0020696456 406.218
-0.0020694456 409.017
-0.0020692456 406.218
-0.0020690456 408.217
-0.0020688456 409.417
-0.0020686456 404.619
-0.0020684456 409.417
-0.0020682456 406.618
-0.0020680456 409.816
-0.0020678456 407.018
-0.0020676456 407.018
-0.0020674456 409.816
-0.0020672456 411.016
-0.0020670456 406.218
-0.0020668456 410.616
-0.0020666456 407.817
-0.0020664456 408.217
-0.0020662456 407.018
-0.0020660456 406.218
-0.0020658456 408.617
-0.0020656456 405.818
-0.0020654456 411.016
-0.0020652456 407.417
-0.0020650456 405.818
-0.0020648456 407.018
-0.0020646456 408.617
-0.0020644456 407.417
-0.0020642456 409.017
-0.0020640456 407.018
-0.0020638456 409.417
-0.0020636456 410.616
-0.0020634456 407.417
-0.0020632456 407.417
-0.0020630456 409.417
-0.0020628456 407.417
-0.0020626456 411.016
-0.0020624456 408.617
-0.0020622456 409.816
-0.0020620456 410.616
-0.0020618456 411.416
-0.0020616456 408.617
-0.0020614456 409.017
-0.0020612456 411.416
-0.0020610456 408.217
-0.0020608456 409.417
-0.0020606456 407.817
-0.0020604456 411.016
-0.0020602456 411.416
-0.0020600456 412.215
-0.0020598456 409.017
-0.0020596456 409.417
-0.0020594456 407.817
-0.0020592456 412.215
-0.0020590456 408.217
-0.0020588456 406.618
-0.0020586456 410.216
-0.0020584456 409.017
-0.0020582456 407.018
-0.0020580456 408.617
-0.0020578456 409.417
-0.0020576456 409.017
-0.0020574456 407.817
-0.0020572456 408.617
-0.0020570456 410.216
-0.0020568456 407.417
-0.0020566456 407.417
-0.0020564456 408.617
-0.0020562456 410.216
-0.0020560456 408.217
-0.0020558456 409.816
-0.0020556456 406.618
-0.0020554456 407.018
-0.0020552456 409.017
-0.0020550456 408.617
-0.0020548456 410.216
-0.0020546456 409.417
-0.0020544456 409.017
-0.0020542456 410.216
-0.0020540456 411.416
-0.0020538456 411.016
-0.0020536456 409.017
-0.0020534456 409.417
-0.0020532456 410.216
-0.0020530456 410.216
-0.0020528456 406.618
-0.0020526456 407.417
-0.0020524456 410.616
-0.0020522456 409.417
-0.0020520456 409.417
-0.0020518456 409.017
-0.0020516456 410.216
-0.0020514456 407.417
-0.0020512456 408.217
-0.0020510456 409.417
-0.0020508456 410.216
-0.0020506456 409.017
-0.0020504456 410.616
-0.0020502456 411.816
-0.0020500456 409.417
-0.0020498456 408.617
-0.0020496456 409.017
-0.0020494456 409.816
-0.0020492456 408.617
-0.0020490456 410.216
-0.0020488456 409.816
-0.0020486456 408.217
-0.0020484456 411.016
-0.0020482456 412.215
-0.0020480456 411.816
-0.0020478456 411.416
-0.0020476456 408.617
-0.0020474456 413.415
-0.0020472456 408.617
-0.0020470456 410.216
-0.0020468456 409.017
-0.0020466456 409.816
-0.0020464456 409.417
-0.0020462456 411.416
-0.0020460456 409.017
-0.0020458456 411.016
-0.0020456456 412.215
-0.0020454456 410.616
-0.0020452456 410.616
-0.0020450456 412.615
-0.0020448456 409.816
-0.0020446456 412.215
-0.0020444456 408.617
-0.0020442456 412.215
-0.0020440456 412.215
-0.0020438456 409.816
-0.0020436456 407.417
-0.0020434456 409.017
-0.0020432456 410.616
-0.0020430456 410.616
-0.0020428456 409.417
-0.0020426456 411.416
-0.0020424456 410.216
-0.0020422456 411.816
-0.0020420456 412.215
-0.0020418456 409.816
-0.0020416456 413.815
-0.0020414456 412.615
-0.0020412456 413.015
-0.0020410456 413.815
-0.0020408456 413.415
-0.0020406456 411.816
-0.0020404456 412.215
-0.0020402456 409.417
-0.0020400456 412.615
-0.0020398456 410.216
-0.0020396456 411.816
-0.0020394456 413.415
-0.0020392456 410.216
-0.0020390456 412.215
-0.0020388456 409.017
-0.0020386456 413.815
-0.0020384456 415.414
-0.0020382456 414.214
-0.0020380456 411.016
-0.0020378456 411.816
-0.0020376456 412.615
-0.0020374456 413.815
-0.0020372456 414.214
-0.0020370456 412.215
-0.0020368456 410.216
-0.0020366456 413.015
-0.0020364456 412.615
-0.0020362456 413.815
-0.0020360456 413.015
-0.0020358456 414.214
-0.0020356456 413.415
-0.0020354456 413.015
-0.0020352456 415.414
-0.0020350456 414.214
-0.0020348456 415.014
-0.0020346456 413.815
-0.0020344456 412.215
-0.0020342456 413.815
-0.0020340456 412.215
-0.0020338456 413.015
-0.0020336456 414.214
-0.0020334456 413.815
-0.0020332456 414.614
-0.0020330456 415.014
-0.0020328456 415.414
-0.0020326456 414.214
-0.0020324456 416.214
-0.0020322456 415.014
-0.0020320456 413.415
-0.0020318456 413.415
-0.0020316456 413.815
-0.0020314456 414.614
-0.0020312456 413.815
-0.0020310456 415.014
-0.0020308456 416.214
-0.0020306456 415.414
-0.0020304456 416.214
-0.0020302456 415.014
-0.0020300456 413.415
-0.0020298456 414.614
-0.0020296456 415.414
-0.0020294456 413.015
-0.0020292456 413.015
-0.0020290456 413.815
-0.0020288456 414.214
-0.0020286456 415.014
-0.0020284456 415.014
-0.0020282456 415.414
-0.0020280456 417.813
-0.0020278456 415.014
-0.0020276456 413.815
-0.0020274456 414.214
-0.0020272456 413.815
-0.0020270456 416.214
-0.0020268456 414.614
-0.0020266456 414.214
-0.0020264456 417.813
-0.0020262456 417.813
-0.0020260456 415.414
-0.0020258456 415.014
-0.0020256456 414.614
-0.0020254456 415.814
-0.0020252456 415.014
-0.0020250456 414.614
-0.0020248456 412.615
-0.0020246456 416.214
-0.0020244456 416.613
-0.0020242456 414.614
-0.0020240456 416.613
-0.0020238456 416.613
-0.0020236456 415.014
-0.0020234456 413.415
-0.0020232456 415.414
-0.0020230456 415.014
-0.0020228456 419.012
-0.0020226456 416.613
-0.0020224456 417.413
-0.0020222456 418.612
-0.0020220456 414.214
-0.0020218456 417.413
-0.0020216456 416.214
-0.0020214456 415.014
-0.0020212456 418.213
-0.0020210456 417.413
-0.0020208456 418.213
-0.0020206456 417.013
-0.0020204456 416.214
-0.0020202456 415.014
-0.0020200456 417.013
-0.0020198456 416.214
-0.0020196456 417.013
-0.0020194456 415.814
-0.0020192456 418.213
-0.0020190456 416.613
-0.0020188456 416.214
-0.0020186456 417.013
-0.0020184456 417.013
-0.0020182456 415.814
-0.0020180456 416.613
-0.0020178456 419.412
-0.0020176456 415.814
-0.0020174456 417.413
-0.0020172456 417.813
-0.0020170456 417.813
-0.0020168456 418.213
-0.0020166456 415.814
-0.0020164456 415.814
-0.0020162456 419.012
-0.0020160456 417.013
-0.0020158456 418.612
-0.0020156456 417.413
-0.0020154456 416.613
-0.0020152456 419.812
-0.0020150456 416.214
-0.0020148456 417.413
-0.0020146456 419.412
-0.0020144456 417.813
-0.0020142456 418.213
-0.0020140456 417.013
-0.0020138456 418.213
-0.0020136456 417.013
-0.0020134456 418.612
-0.0020132456 418.213
-0.0020130456 419.012
-0.0020128456 417.013
-0.0020126456 416.613
-0.0020124456 415.814
-0.0020122456 418.612
-0.0020120456 419.012
-0.0020118456 419.412
-0.0020116456 419.412
-0.0020114456 417.413
-0.0020112456 419.812
-0.0020110456 419.012
-0.0020108456 419.412
-0.0020106456 420.212
-0.0020104456 418.612
-0.0020102456 419.412
-0.0020100456 417.413
-0.0020098456 419.412
-0.0020096456 418.612
-0.0020094456 419.012
-0.0020092456 417.013
-0.0020090456 419.012
-0.0020088456 417.013
-0.0020086456 416.214
-0.0020084456 416.613
-0.0020082456 418.213
-0.0020080456 417.413
-0.0020078456 419.812
-0.0020076456 419.012
-0.0020074456 419.412
-0.0020072456 419.812
-0.0020070456 415.814
-0.0020068456 417.813
-0.0020066456 417.013
-0.0020064456 419.012
-0.0020062456 421.011
-0.0020060456 419.012
-0.0020058456 419.812
-0.0020056456 419.012
-0.0020054456 417.813
-0.0020052456 417.013
-0.0020050456 417.413
-0.0020048456 418.213
-0.0020046456 420.212
-0.0020044456 420.612
-0.0020042456 417.813
-0.0020040456 418.612
-0.0020038456 419.412
-0.0020036456 419.412
-0.0020034456 419.012
-0.0020032456 417.813
-0.0020030456 417.813
-0.0020028456 421.011
-0.0020026456 418.213
-0.0020024456 417.013
-0.0020022456 417.013
-0.0020020456 418.213
-0.0020018456 419.012
-0.0020016456 416.613
-0.0020014456 420.212
-0.0020012456 416.214
-0.0020010456 419.412
-0.0020008456 419.012
-0.0020006456 418.612
-0.0020004456 417.813
-0.0020002456 417.013
-0.0020000456 416.613
-0.0019998456 421.011
-0.0019996456 417.413
-0.0019994456 418.612
-0.0019992456 417.013
-0.0019990456 419.012
-0.0019988456 417.813
-0.0019986456 418.612
-0.0019984456 418.213
-0.0019982456 415.414
-0.0019980456 418.612
-0.0019978456 416.214
-0.0019976456 416.214
-0.0019974456 417.813
-0.0019972456 417.013
-0.0019970456 417.813
-0.0019968456 415.814
-0.0019966456 417.413
-0.0019964456 417.413
-0.0019962456 415.014
-0.0019960456 419.812
-0.0019958456 418.612
-0.0019956456 417.813
-0.0019954456 419.412
-0.0019952456 418.612
-0.0019950456 416.613
-0.0019948456 416.214
-0.0019946456 419.812
-0.0019944456 418.213
-0.0019942456 418.213
-0.0019940456 419.012
-0.0019938456 418.213
-0.0019936456 421.011
-0.0019934456 420.212
-0.0019932456 416.214
-0.0019930456 420.212
-0.0019928456 418.612
-0.0019926456 416.613
-0.0019924456 418.213
-0.0019922456 419.812
-0.0019920456 419.412
-0.0019918456 416.214
-0.0019916456 418.213
-0.0019914456 415.014
-0.0019912456 418.612
-0.0019910456 420.212
-0.0019908456 420.212
-0.0019906456 417.813
-0.0019904456 420.612
-0.0019902456 416.613
-0.0019900456 420.212
-0.0019898456 417.813
-0.0019896456 417.813
-0.0019894456 418.612
-0.0019892456 417.813
-0.0019890456 419.812
-0.0019888456 417.813
-0.0019886456 417.413
-0.0019884456 418.612
-0.0019882456 419.812
-0.0019880456 417.413
-0.0019878456 419.412
-0.0019876456 420.212
-0.0019874456 417.813
-0.0019872456 418.612
-0.0019870456 421.011
-0.0019868456 417.413
-0.0019866456 417.413
-0.0019864456 417.013
-0.0019862456 419.412
-0.0019860456 419.012
-0.0019858456 419.412
-0.0019856456 419.012
-0.0019854456 415.814
-0.0019852456 417.013
-0.0019850456 419.812
-0.0019848456 421.411
-0.0019846456 422.211
-0.0019844456 419.812
-0.0019842456 419.812
-0.0019840456 419.012
-0.0019838456 418.612
-0.0019836456 419.012
-0.0019834456 419.812
-0.0019832456 421.011
-0.0019830456 420.612
-0.0019828456 419.412
-0.0019826456 423.01
-0.0019824456 419.812
-0.0019822456 421.411
-0.0019820456 418.612
-0.0019818456 423.01
-0.0019816456 419.412
-0.0019814456 420.612
-0.0019812456 421.011
-0.0019810456 420.612
-0.0019808456 420.212
-0.0019806456 421.411
-0.0019804456 421.011
-0.0019802456 419.812
-0.0019800456 418.213
-0.0019798456 420.212
-0.0019796456 420.612
-0.0019794456 422.211
-0.0019792456 419.812
-0.0019790456 419.812
-0.0019788456 419.812
-0.0019786456 421.411
-0.0019784456 419.012
-0.0019782456 421.011
-0.0019780456 419.412
-0.0019778456 420.612
-0.0019776456 422.211
-0.0019774456 423.41
-0.0019772456 423.01
-0.0019770456 421.411
-0.0019768456 420.212
-0.0019766456 423.01
-0.0019764456 421.811
-0.0019762456 420.612
-0.0019760456 421.011
-0.0019758456 421.011
-0.0019756456 423.41
-0.0019754456 421.411
-0.0019752456 423.01
-0.0019750456 419.412
-0.0019748456 424.21
-0.0019746456 423.41
-0.0019744456 423.01
-0.0019742456 422.211
-0.0019740456 421.811
-0.0019738456 423.01
-0.0019736456 421.811
-0.0019734456 424.61
-0.0019732456 420.612
-0.0019730456 421.411
-0.0019728456 421.411
-0.0019726456 421.011
-0.0019724456 421.011
-0.0019722456 421.411
-0.0019720456 423.41
-0.0019718456 421.411
-0.0019716456 422.211
-0.0019714456 420.612
-0.0019712456 423.41
-0.0019710456 423.81
-0.0019708456 421.811
-0.0019706456 421.011
-0.0019704456 423.41
-0.0019702456 422.211
-0.0019700456 421.011
-0.0019698456 423.01
-0.0019696456 425.01
-0.0019694456 421.411
-0.0019692456 423.01
-0.0019690456 423.01
-0.0019688456 421.011
-0.0019686456 425.809
-0.0019684456 423.01
-0.0019682456 424.21
-0.0019680456 423.01
-0.0019678456 421.811
-0.0019676456 424.21
-0.0019674456 423.41
-0.0019672456 423.81
-0.0019670456 423.81
-0.0019668456 423.01
-0.0019666456 421.011
-0.0019664456 423.41
-0.0019662456 423.01
-0.0019660456 422.611
-0.0019658456 423.81
-0.0019656456 421.811
-0.0019654456 424.61
-0.0019652456 423.41
-0.0019650456 419.812
-0.0019648456 420.212
-0.0019646456 425.01
-0.0019644456 422.211
-0.0019642456 420.612
-0.0019640456 422.611
-0.0019638456 421.811
-0.0019636456 420.612
-0.0019634456 422.611
-0.0019632456 422.211
-0.0019630456 423.81
-0.0019628456 421.811
-0.0019626456 425.409
-0.0019624456 421.811
-0.0019622456 422.611
-0.0019620456 419.412
-0.0019618456 420.612
-0.0019616456 423.01
-0.0019614456 423.41
-0.0019612456 423.01
-0.0019610456 421.011
-0.0019608456 425.01
-0.0019606456 422.611
-0.0019604456 420.612
-0.0019602456 423.01
-0.0019600456 423.01
-0.0019598456 423.01
-0.0019596456 423.81
-0.0019594456 423.01
-0.0019592456 423.01
-0.0019590456 421.011
-0.0019588456 421.411
-0.0019586456 423.41
-0.0019584456 422.211
-0.0019582456 422.611
-0.0019580456 421.811
-0.0019578456 424.61
-0.0019576456 423.01
-0.0019574456 423.01
-0.0019572456 421.411
-0.0019570456 423.41
-0.0019568456 422.211
-0.0019566456 424.61
-0.0019564456 425.409
-0.0019562456 423.41
-0.0019560456 423.01
-0.0019558456 422.611
-0.0019556456 423.81
-0.0019554456 423.01
-0.0019552456 425.01
-0.0019550456 424.21
-0.0019548456 421.811
-0.0019546456 421.811
-0.0019544456 421.411
-0.0019542456 425.409
-0.0019540456 426.609
-0.0019538456 423.41
-0.0019536456 426.209
-0.0019534456 424.61
-0.0019532456 425.409
-0.0019530456 423.41
-0.0019528456 424.21
-0.0019526456 425.809
-0.0019524456 421.411
-0.0019522456 423.01
-0.0019520456 424.21
-0.0019518456 422.211
-0.0019516456 427.409
-0.0019514456 423.81
-0.0019512456 425.01
-0.0019510456 424.21
-0.0019508456 422.211
-0.0019506456 427.409
-0.0019504456 423.41
-0.0019502456 422.211
-0.0019500456 426.609
-0.0019498456 425.409
-0.0019496456 423.41
-0.0019494456 423.41
-0.0019492456 422.211
-0.0019490456 423.41
-0.0019488456 419.412
-0.0019486456 423.41
-0.0019484456 422.211
-0.0019482456 425.409
-0.0019480456 423.41
-0.0019478456 421.411
-0.0019476456 422.611
-0.0019474456 423.41
-0.0019472456 423.41
-0.0019470456 425.01
-0.0019468456 423.01
-0.0019466456 424.61
-0.0019464456 420.612
-0.0019462456 422.611
-0.0019460456 424.61
-0.0019458456 424.21
-0.0019456456 424.61
-0.0019454456 423.41
-0.0019452456 424.61
-0.0019450456 420.612
-0.0019448456 425.409
-0.0019446456 422.611
-0.0019444456 425.01
-0.0019442456 422.211
-0.0019440456 421.011
-0.0019438456 423.81
-0.0019436456 423.41
-0.0019434456 421.811
-0.0019432456 423.81
-0.0019430456 424.61
-0.0019428456 421.811
-0.0019426456 423.81
-0.0019424456 423.81
-0.0019422456 423.01
-0.0019420456 420.212
-0.0019418456 420.212
-0.0019416456 422.611
-0.0019414456 425.01
-0.0019412456 423.41
-0.0019410456 423.81
-0.0019408456 423.81
-0.0019406456 425.01
-0.0019404456 423.01
-0.0019402456 422.211
-0.0019400456 420.612
-0.0019398456 422.211
-0.0019396456 423.41
-0.0019394456 421.411
-0.0019392456 423.01
-0.0019390456 421.811
-0.0019388456 422.211
-0.0019386456 421.811
-0.0019384456 425.409
-0.0019382456 422.611
-0.0019380456 421.811
-0.0019378456 421.011
-0.0019376456 421.811
-0.0019374456 424.61
-0.0019372456 423.41
-0.0019370456 423.41
-0.0019368456 425.01
-0.0019366456 423.01
-0.0019364456 422.211
-0.0019362456 424.61
-0.0019360456 423.41
-0.0019358456 424.21
-0.0019356456 423.41
-0.0019354456 423.01
-0.0019352456 423.41
-0.0019350456 422.611
-0.0019348456 422.611
-0.0019346456 422.211
-0.0019344456 423.41
-0.0019342456 423.01
-0.0019340456 423.41
-0.0019338456 422.611
-0.0019336456 424.61
-0.0019334456 421.811
-0.0019332456 425.809
-0.0019330456 423.41
-0.0019328456 424.21
-0.0019326456 422.611
-0.0019324456 425.01
-0.0019322456 423.81
-0.0019320456 424.21
-0.0019318456 424.21
-0.0019316456 422.211
-0.0019314456 422.611
-0.0019312456 423.81
-0.0019310456 426.609
-0.0019308456 422.211
-0.0019306456 424.61
-0.0019304456 425.01
-0.0019302456 426.609
-0.0019300456 424.21
-0.0019298456 424.61
-0.0019296456 423.41
-0.0019294456 424.61
-0.0019292456 424.21
-0.0019290456 424.61
-0.0019288456 420.612
-0.0019286456 425.01
-0.0019284456 422.611
-0.0019282456 426.609
-0.0019280456 424.61
-0.0019278456 422.611
-0.0019276456 424.21
-0.0019274456 423.81
-0.0019272456 423.01
-0.0019270456 424.61
-0.0019268456 423.81
-0.0019266456 425.409
-0.0019264456 422.611
-0.0019262456 421.811
-0.0019260456 424.21
-0.0019258456 427.009
-0.0019256456 423.81
-0.0019254456 423.81
-0.0019252456 423.41
-0.0019250456 422.211
-0.0019248456 425.01
-0.0019246456 423.41
-0.0019244456 427.808
-0.0019242456 423.41
-0.0019240456 423.41
-0.0019238456 426.609
-0.0019236456 423.81
-0.0019234456 425.809
-0.0019232456 424.61
-0.0019230456 426.209
-0.0019228456 421.411
-0.0019226456 424.21
-0.0019224456 426.209
-0.0019222456 423.81
-0.0019220456 427.009
-0.0019218456 427.009
-0.0019216456 425.01
-0.0019214456 423.41
-0.0019212456 422.211
-0.0019210456 427.009
-0.0019208456 426.609
-0.0019206456 424.61
-0.0019204456 423.41
-0.0019202456 426.609
-0.0019200456 423.01
-0.0019198456 423.41
-0.0019196456 423.41
-0.0019194456 425.809
-0.0019192456 425.01
-0.0019190456 425.409
-0.0019188456 424.61
-0.0019186456 424.61
-0.0019184456 425.809
-0.0019182456 424.61
-0.0019180456 426.209
-0.0019178456 422.211
-0.0019176456 425.809
-0.0019174456 424.21
-0.0019172456 426.209
-0.0019170456 425.409
-0.0019168456 426.609
-0.0019166456 425.01
-0.0019164456 425.409
-0.0019162456 426.609
-0.0019160456 423.81
-0.0019158456 427.409
-0.0019156456 424.21
-0.0019154456 425.01
-0.0019152456 423.41
-0.0019150456 426.209
-0.0019148456 425.809
-0.0019146456 427.009
-0.0019144456 427.409
-0.0019142456 426.609
-0.0019140456 427.409
-0.0019138456 423.01
-0.0019136456 423.81
-0.0019134456 426.209
-0.0019132456 427.409
-0.0019130456 422.611
-0.0019128456 425.01
-0.0019126456 425.01
-0.0019124456 426.209
-0.0019122456 425.809
-0.0019120456 426.209
-0.0019118456 427.409
-0.0019116456 426.209
-0.0019114456 427.808
-0.0019112456 425.809
-0.0019110456 429.008
-0.0019108456 426.209
-0.0019106456 426.609
-0.0019104456 425.409
-0.0019102456 429.008
-0.0019100456 429.008
-0.0019098456 429.807
-0.0019096456 426.609
-0.0019094456 427.409
-0.0019092456 425.01
-0.0019090456 427.808
-0.0019088456 425.409
-0.0019086456 429.008
-0.0019084456 425.409
-0.0019082456 427.009
-0.0019080456 424.61
-0.0019078456 425.01
-0.0019076456 424.21
-0.0019074456 427.009
-0.0019072456 426.209
-0.0019070456 423.41
-0.0019068456 429.008
-0.0019066456 426.209
-0.0019064456 425.01
-0.0019062456 427.409
-0.0019060456 426.209
-0.0019058456 426.209
-0.0019056456 425.01
-0.0019054456 425.01
-0.0019052456 426.609
-0.0019050456 427.409
-0.0019048456 428.608
-0.0019046456 424.61
-0.0019044456 425.409
-0.0019042456 427.808
-0.0019040456 426.209
-0.0019038456 426.609
-0.0019036456 427.409
-0.0019034456 424.61
-0.0019032456 426.209
-0.0019030456 428.208
-0.0019028456 425.809
-0.0019026456 425.809
-0.0019024456 428.208
-0.0019022456 427.009
-0.0019020456 428.608
-0.0019018456 426.209
-0.0019016456 426.609
-0.0019014456 429.008
-0.0019012456 426.209
-0.0019010456 425.409
-0.0019008456 427.409
-0.0019006456 428.608
-0.0019004456 423.41
-0.0019002456 427.409
-0.0019000456 429.807
-0.0018998456 427.009
-0.0018996456 428.608
-0.0018994456 427.808
-0.0018992456 426.609
-0.0018990456 427.009
-0.0018988456 429.408
-0.0018986456 425.01
-0.0018984456 429.008
-0.0018982456 426.209
-0.0018980456 429.807
-0.0018978456 425.809
-0.0018976456 427.409
-0.0018974456 426.609
-0.0018972456 429.008
-0.0018970456 427.409
-0.0018968456 428.608
-0.0018966456 426.209
-0.0018964456 427.409
-0.0018962456 427.409
-0.0018960456 426.609
-0.0018958456 428.208
-0.0018956456 427.409
-0.0018954456 428.208
-0.0018952456 429.807
-0.0018950456 429.408
-0.0018948456 426.609
-0.0018946456 428.608
-0.0018944456 429.408
-0.0018942456 426.609
-0.0018940456 425.409
-0.0018938456 429.008
-0.0018936456 428.608
-0.0018934456 427.409
-0.0018932456 429.008
-0.0018930456 425.809
-0.0018928456 431.407
-0.0018926456 427.009
-0.0018924456 425.809
-0.0018922456 429.008
-0.0018920456 428.608
-0.0018918456 427.409
-0.0018916456 425.01
-0.0018914456 426.609
-0.0018912456 427.009
-0.0018910456 428.608
-0.0018908456 425.01
-0.0018906456 427.009
-0.0018904456 427.808
-0.0018902456 429.408
-0.0018900456 424.21
-0.0018898456 425.409
-0.0018896456 425.809
-0.0018894456 427.409
-0.0018892456 425.409
-0.0018890456 425.409
-0.0018888456 424.61
-0.0018886456 429.008
-0.0018884456 427.808
-0.0018882456 427.808
-0.0018880456 430.207
-0.0018878456 429.008
-0.0018876456 427.009
-0.0018874456 424.61
-0.0018872456 428.208
-0.0018870456 431.807
-0.0018868456 428.608
-0.0018866456 427.009
-0.0018864456 429.807
-0.0018862456 427.808
-0.0018860456 427.009
-0.0018858456 428.608
-0.0018856456 428.608
-0.0018854456 427.808
-0.0018852456 429.008
-0.0018850456 429.408
-0.0018848456 429.008
-0.0018846456 428.608
-0.0018844456 427.808
-0.0018842456 429.008
-0.0018840456 429.008
-0.0018838456 429.807
-0.0018836456 428.608
-0.0018834456 427.808
-0.0018832456 429.008
-0.0018830456 430.207
-0.0018828456 429.008
-0.0018826456 428.608
-0.0018824456 427.808
-0.0018822456 427.808
-0.0018820456 429.008
-0.0018818456 429.008
-0.0018816456 428.608
-0.0018814456 431.407
-0.0018812456 430.207
-0.0018810456 429.807
-0.0018808456 426.609
-0.0018806456 428.208
-0.0018804456 427.409
-0.0018802456 430.207
-0.0018800456 429.408
-0.0018798456 430.607
-0.0018796456 429.408
-0.0018794456 431.407
-0.0018792456 429.008
-0.0018790456 427.808
-0.0018788456 431.007
-0.0018786456 430.207
-0.0018784456 428.208
-0.0018782456 431.807
-0.0018780456 429.807
-0.0018778456 429.807
-0.0018776456 429.807
-0.0018774456 430.607
-0.0018772456 429.807
-0.0018770456 427.009
-0.0018768456 429.408
-0.0018766456 429.807
-0.0018764456 429.408
-0.0018762456 430.207
-0.0018760456 428.608
-0.0018758456 428.608
-0.0018756456 429.408
-0.0018754456 429.807
-0.0018752456 429.807
-0.0018750456 431.807
-0.0018748456 429.408
-0.0018746456 429.807
-0.0018744456 429.807
-0.0018742456 431.807
-0.0018740456 429.807
-0.0018738456 427.009
-0.0018736456 428.208
-0.0018734456 430.607
-0.0018732456 429.408
-0.0018730456 430.207
-0.0018728456 429.807
-0.0018726456 430.607
-0.0018724456 430.607
-0.0018722456 429.408
-0.0018720456 430.607
-0.0018718456 428.208
-0.0018716456 430.607
-0.0018714456 429.408
-0.0018712456 430.207
-0.0018710456 432.206
-0.0018708456 429.807
-0.0018706456 432.606
-0.0018704456 428.608
-0.0018702456 431.007
-0.0018700456 428.608
-0.0018698456 431.807
-0.0018696456 429.807
-0.0018694456 428.208
-0.0018692456 432.206
-0.0018690456 429.807
-0.0018688456 431.807
-0.0018686456 430.207
-0.0018684456 430.607
-0.0018682456 429.807
-0.0018680456 431.807
-0.0018678456 432.206
-0.0018676456 431.007
-0.0018674456 430.607
-0.0018672456 430.607
-0.0018670456 432.206
-0.0018668456 428.208
-0.0018666456 432.606
-0.0018664456 430.607
-0.0018662456 431.407
-0.0018660456 428.208
-0.0018658456 431.407
-0.0018656456 431.007
-0.0018654456 430.607
-0.0018652456 430.607
-0.0018650456 430.607
-0.0018648456 427.409
-0.0018646456 433.806
-0.0018644456 429.008
-0.0018642456 433.006
-0.0018640456 429.008
-0.0018638456 433.006
-0.0018636456 430.207
-0.0018634456 430.607
-0.0018632456 431.407
-0.0018630456 429.807
-0.0018628456 430.207
-0.0018626456 429.807
-0.0018624456 430.607
-0.0018622456 431.007
-0.0018620456 432.606
-0.0018618456 430.607
-0.0018616456 431.407
-0.0018614456 431.407
-0.0018612456 433.806
-0.0018610456 432.206
-0.0018608456 432.206
-0.0018606456 432.606
-0.0018604456 432.606
-0.0018602456 433.406
-0.0018600456 433.806
-0.0018598456 433.406
-0.0018596456 433.006
-0.0018594456 435.405
-0.0018592456 434.205
-0.0018590456 433.406
-0.0018588456 433.006
-0.0018586456 433.806
-0.0018584456 432.606
-0.0018582456 432.206
-0.0018580456 435.005
-0.0018578456 431.407
-0.0018576456 434.205
-0.0018574456 433.006
-0.0018572456 429.807
-0.0018570456 431.007
-0.0018568456 434.205
-0.0018566456 434.205
-0.0018564456 432.606
-0.0018562456 435.405
-0.0018560456 435.005
-0.0018558456 433.006
-0.0018556456 433.806
-0.0018554456 433.406
-0.0018552456 433.406
-0.0018550456 432.606
-0.0018548456 433.806
-0.0018546456 432.206
-0.0018544456 434.605
-0.0018542456 432.206
-0.0018540456 434.605
-0.0018538456 433.006
-0.0018536456 435.405
-0.0018534456 433.006
-0.0018532456 434.605
-0.0018530456 434.605
-0.0018528456 429.807
-0.0018526456 432.606
-0.0018524456 434.205
-0.0018522456 433.006
-0.0018520456 435.805
-0.0018518456 433.406
-0.0018516456 432.606
-0.0018514456 433.406
-0.0018512456 433.806
-0.0018510456 433.006
-0.0018508456 433.006
-0.0018506456 435.805
-0.0018504456 433.806
-0.0018502456 434.605
-0.0018500456 435.805
-0.0018498456 434.605
-0.0018496456 436.604
-0.0018494456 434.605
-0.0018492456 434.205
-0.0018490456 433.806
-0.0018488456 432.606
-0.0018486456 433.806
-0.0018484456 434.605
-0.0018482456 432.606
-0.0018480456 431.407
-0.0018478456 434.605
-0.0018476456 434.605
-0.0018474456 435.005
-0.0018472456 434.205
-0.0018470456 434.205
-0.0018468456 436.205
-0.0018466456 435.405
-0.0018464456 437.004
-0.0018462456 435.405
-0.0018460456 437.004
-0.0018458456 434.605
-0.0018456456 435.405
-0.0018454456 432.606
-0.0018452456 437.004
-0.0018450456 437.404
-0.0018448456 435.405
-0.0018446456 435.005
-0.0018444456 434.605
-0.0018442456 435.405
-0.0018440456 436.205
-0.0018438456 437.404
-0.0018436456 433.806
-0.0018434456 437.404
-0.0018432456 435.805
-0.0018430456 433.806
-0.0018428456 437.404
-0.0018426456 434.605
-0.0018424456 436.604
-0.0018422456 436.604
-0.0018420456 438.204
-0.0018418456 438.204
-0.0018416456 435.405
-0.0018414456 437.404
-0.0018412456 436.604
-0.0018410456 436.205
-0.0018408456 437.004
-0.0018406456 437.804
-0.0018404456 439.003
-0.0018402456 435.405
-0.0018400456 435.805
-0.0018398456 438.204
-0.0018396456 436.604
-0.0018394456 435.805
-0.0018392456 439.003
-0.0018390456 436.205
-0.0018388456 436.205
-0.0018386456 435.405
-0.0018384456 437.004
-0.0018382456 438.604
-0.0018380456 434.205
-0.0018378456 438.604
-0.0018376456 435.805
-0.0018374456 439.003
-0.0018372456 438.604
-0.0018370456 437.004
-0.0018368456 439.403
-0.0018366456 438.604
-0.0018364456 439.403
-0.0018362456 436.205
-0.0018360456 438.204
-0.0018358456 437.804
-0.0018356456 435.405
-0.0018354456 438.204
-0.0018352456 436.205
-0.0018350456 438.204
-0.0018348456 441.802
-0.0018346456 441.002
-0.0018344456 435.805
-0.0018342456 438.204
-0.0018340456 439.003
-0.0018338456 439.403
-0.0018336456 436.604
-0.0018334456 441.802
-0.0018332456 439.003
-0.0018330456 439.003
-0.0018328456 439.803
-0.0018326456 441.802
-0.0018324456 441.402
-0.0018322456 440.203
-0.0018320456 440.203
-0.0018318456 440.603
-0.0018316456 438.604
-0.0018314456 440.603
-0.0018312456 439.403
-0.0018310456 438.204
-0.0018308456 440.203
-0.0018306456 439.403
-0.0018304456 438.604
-0.0018302456 439.403
-0.0018300456 438.604
-0.0018298456 438.204
-0.0018296456 441.002
-0.0018294456 442.602
-0.0018292456 438.204
-0.0018290456 437.804
-0.0018288456 441.002
-0.0018286456 439.803
-0.0018284456 440.603
-0.0018282456 440.203
-0.0018280456 439.403
-0.0018278456 441.402
-0.0018276456 443.002
-0.0018274456 438.604
-0.0018272456 441.402
-0.0018270456 439.803
-0.0018268456 441.402
-0.0018266456 439.803
-0.0018264456 443.401
-0.0018262456 439.803
-0.0018260456 439.803
-0.0018258456 442.202
-0.0018256456 440.203
-0.0018254456 439.003
-0.0018252456 443.002
-0.0018250456 441.802
-0.0018248456 440.203
-0.0018246456 443.401
-0.0018244456 443.002
-0.0018242456 442.202
-0.0018240456 440.603
-0.0018238456 440.603
-0.0018236456 442.602
-0.0018234456 441.802
-0.0018232456 444.601
-0.0018230456 439.803
-0.0018228456 441.802
-0.0018226456 444.601
-0.0018224456 444.201
-0.0018222456 443.401
-0.0018220456 444.601
-0.0018218456 442.202
-0.0018216456 443.002
-0.0018214456 442.602
-0.0018212456 443.002
-0.0018210456 442.602
-0.0018208456 443.801
-0.0018206456 444.601
-0.0018204456 439.403
-0.0018202456 443.401
-0.0018200456 443.002
-0.0018198456 444.601
-0.0018196456 443.401
-0.0018194456 445.4
-0.0018192456 444.601
-0.0018190456 446.2
-0.0018188456 445.8
-0.0018186456 443.002
-0.0018184456 444.201
-0.0018182456 444.601
-0.0018180456 442.202
-0.0018178456 444.601
-0.0018176456 443.801
-0.0018174456 442.602
-0.0018172456 446.2
-0.0018170456 445.4
-0.0018168456 444.201
-0.0018166456 443.801
-0.0018164456 448.599
-0.0018162456 448.599
-0.0018160456 445.4
-0.0018158456 447.4
-0.0018156456 443.801
-0.0018154456 445.8
-0.0018152456 446.2
-0.0018150456 447.799
-0.0018148456 448.199
-0.0018146456 447.799
-0.0018144456 444.201
-0.0018142456 444.601
-0.0018140456 446.2
-0.0018138456 445.8
-0.0018136456 447
-0.0018134456 447
-0.0018132456 444.601
-0.0018130456 447.4
-0.0018128456 446.2
-0.0018126456 445.8
-0.0018124456 447
-0.0018122456 446.2
-0.0018120456 445.8
-0.0018118456 447
-0.0018116456 448.199
-0.0018114456 447.799
-0.0018112456 447.799
-0.0018110456 448.199
-0.0018108456 447.4
-0.0018106456 448.999
-0.0018104456 448.199
-0.0018102456 448.599
-0.0018100456 447.4
-0.0018098456 445.8
-0.0018096456 448.999
-0.0018094456 446.6
-0.0018092456 448.599
-0.0018090456 447.4
-0.0018088456 446.2
-0.0018086456 448.999
-0.0018084456 445.4
-0.0018082456 448.599
-0.0018080456 446.6
-0.0018078456 447
-0.0018076456 448.999
-0.0018074456 446.2
-0.0018072456 449.798
-0.0018070456 448.199
-0.0018068456 448.999
-0.0018066456 449.399
-0.0018064456 446.2
-0.0018062456 448.599
-0.0018060456 450.198
-0.0018058456 448.599
-0.0018056456 450.198
-0.0018054456 450.598
-0.0018052456 449.399
-0.0018050456 451.798
-0.0018048456 448.999
-0.0018046456 451.398
-0.0018044456 450.998
-0.0018042456 448.599
-0.0018040456 448.999
-0.0018038456 449.798
-0.0018036456 448.999
-0.0018034456 450.998
-0.0018032456 450.198
-0.0018030456 448.199
-0.0018028456 448.599
-0.0018026456 450.198
-0.0018024456 451.398
-0.0018022456 450.998
-0.0018020456 448.599
-0.0018018456 448.999
-0.0018016456 450.998
-0.0018014456 451.398
-0.0018012456 452.597
-0.0018010456 451.398
-0.0018008456 452.197
-0.0018006456 451.798
-0.0018004456 452.197
-0.0018002456 450.598
-0.0018000456 451.398
-0.0017998456 452.197
-0.0017996456 450.598
-0.0017994456 454.596
-0.0017992456 450.198
-0.0017990456 451.398
-0.0017988456 452.197
-0.0017986456 450.598
-0.0017984456 452.597
-0.0017982456 450.198
-0.0017980456 454.596
-0.0017978456 451.798
-0.0017976456 449.798
-0.0017974456 452.197
-0.0017972456 452.997
-0.0017970456 454.596
-0.0017968456 453.797
-0.0017966456 451.798
-0.0017964456 452.597
-0.0017962456 452.597
-0.0017960456 451.798
-0.0017958456 450.998
-0.0017956456 450.198
-0.0017954456 453.397
-0.0017952456 452.997
-0.0017950456 453.797
-0.0017948456 453.397
-0.0017946456 453.397
-0.0017944456 454.996
-0.0017942456 451.798
-0.0017940456 454.197
-0.0017938456 452.997
-0.0017936456 453.397
-0.0017934456 452.997
-0.0017932456 454.596
-0.0017930456 456.995
-0.0017928456 452.197
-0.0017926456 452.197
-0.0017924456 453.797
-0.0017922456 454.596
-0.0017920456 452.597
-0.0017918456 453.797
-0.0017916456 454.996
-0.0017914456 453.397
-0.0017912456 452.997
-0.0017910456 454.996
-0.0017908456 455.396
-0.0017906456 452.597
-0.0017904456 452.997
-0.0017902456 454.197
-0.0017900456 452.997
-0.0017898456 456.196
-0.0017896456 454.596
-0.0017894456 453.397
-0.0017892456 454.996
-0.0017890456 452.997
-0.0017888456 455.396
-0.0017886456 456.196
-0.0017884456 455.396
-0.0017882456 454.197
-0.0017880456 454.596
-0.0017878456 453.797
-0.0017876456 453.397
-0.0017874456 453.397
-0.0017872456 456.196
-0.0017870456 454.197
-0.0017868456 456.595
-0.0017866456 454.996
-0.0017864456 456.196
-0.0017862456 456.995
-0.0017860456 456.995
-0.0017858456 455.796
-0.0017856456 454.596
-0.0017854456 455.396
-0.0017852456 454.996
-0.0017850456 454.996
-0.0017848456 458.595
-0.0017846456 455.796
-0.0017844456 453.397
-0.0017842456 456.196
-0.0017840456 454.996
-0.0017838456 454.596
-0.0017836456 459.394
-0.0017834456 457.795
-0.0017832456 457.795
-0.0017830456 456.196
-0.0017828456 454.996
-0.0017826456 458.195
-0.0017824456 454.197
-0.0017822456 457.795
-0.0017820456 455.396
-0.0017818456 457.795
-0.0017816456 454.996
-0.0017814456 459.394
-0.0017812456 459.394
-0.0017810456 458.994
-0.0017808456 458.195
-0.0017806456 456.595
-0.0017804456 458.994
-0.0017802456 458.195
-0.0017800456 456.595
-0.0017798456 458.195
-0.0017796456 458.195
-0.0017794456 457.795
-0.0017792456 458.195
-0.0017790456 455.796
-0.0017788456 457.795
-0.0017786456 458.195
-0.0017784456 458.595
-0.0017782456 458.595
-0.0017780456 457.395
-0.0017778456 457.795
-0.0017776456 457.395
-0.0017774456 458.195
-0.0017772456 456.196
-0.0017770456 454.197
-0.0017768456 459.794
-0.0017766456 459.394
-0.0017764456 458.994
-0.0017762456 458.595
-0.0017760456 459.394
-0.0017758456 456.995
-0.0017756456 456.995
-0.0017754456 458.195
-0.0017752456 456.196
-0.0017750456 460.993
-0.0017748456 459.394
-0.0017746456 458.595
-0.0017744456 457.795
-0.0017742456 459.794
-0.0017740456 459.394
-0.0017738456 458.994
-0.0017736456 460.194
-0.0017734456 458.595
-0.0017732456 461.393
-0.0017730456 459.794
-0.0017728456 459.794
-0.0017726456 459.794
-0.0017724456 459.394
-0.0017722456 458.994
-0.0017720456 459.394
-0.0017718456 458.994
-0.0017716456 459.794
-0.0017714456 460.993
-0.0017712456 461.793
-0.0017710456 458.195
-0.0017708456 458.195
-0.0017706456 463.392
-0.0017704456 458.994
-0.0017702456 460.194
-0.0017700456 461.793
-0.0017698456 459.794
-0.0017696456 461.793
-0.0017694456 460.594
-0.0017692456 460.194
-0.0017690456 462.593
-0.0017688456 462.193
-0.0017686456 459.794
-0.0017684456 463.392
-0.0017682456 462.593
-0.0017680456 462.193
-0.0017678456 461.793
-0.0017676456 462.593
-0.0017674456 463.792
-0.0017672456 460.194
-0.0017670456 460.594
-0.0017668456 462.593
-0.0017666456 462.593
-0.0017664456 462.193
-0.0017662456 459.794
-0.0017660456 462.593
-0.0017658456 458.994
-0.0017656456 461.393
-0.0017654456 462.593
-0.0017652456 460.993
-0.0017650456 459.394
-0.0017648456 465.392
-0.0017646456 462.193
-0.0017644456 463.392
-0.0017642456 462.993
-0.0017640456 461.793
-0.0017638456 462.993
-0.0017636456 462.593
-0.0017634456 463.392
-0.0017632456 462.193
-0.0017630456 461.393
-0.0017628456 463.792
-0.0017626456 463.792
-0.0017624456 462.993
-0.0017622456 461.393
-0.0017620456 465.791
-0.0017618456 464.192
-0.0017616456 462.193
-0.0017614456 463.392
-0.0017612456 464.592
-0.0017610456 464.592
-0.0017608456 465.791
-0.0017606456 466.991
-0.0017604456 466.991
-0.0017602456 467.79
-0.0017600456 465.392
-0.0017598456 462.993
-0.0017596456 464.192
-0.0017594456 465.392
-0.0017592456 462.593
-0.0017590456 465.791
-0.0017588456 466.591
-0.0017586456 464.592
-0.0017584456 466.591
-0.0017582456 464.992
-0.0017580456 460.594
-0.0017578456 466.191
-0.0017576456 466.191
-0.0017574456 464.192
-0.0017572456 465.392
-0.0017570456 465.791
-0.0017568456 463.792
-0.0017566456 463.392
-0.0017564456 466.191
-0.0017562456 463.392
-0.0017560456 465.791
-0.0017558456 465.392
-0.0017556456 467.79
-0.0017554456 467.391
-0.0017552456 465.791
-0.0017550456 466.991
-0.0017548456 467.79
-0.0017546456 464.992
-0.0017544456 465.791
-0.0017542456 468.19
-0.0017540456 466.991
-0.0017538456 467.391
-0.0017536456 464.592
-0.0017534456 466.591
-0.0017532456 463.392
-0.0017530456 465.791
-0.0017528456 464.192
-0.0017526456 466.591
-0.0017524456 468.99
-0.0017522456 464.992
-0.0017520456 468.19
-0.0017518456 467.79
-0.0017516456 466.991
-0.0017514456 466.191
-0.0017512456 464.592
-0.0017510456 468.99
-0.0017508456 466.591
-0.0017506456 465.791
-0.0017504456 468.19
-0.0017502456 465.791
-0.0017500456 467.79
-0.0017498456 469.39
-0.0017496456 469.39
-0.0017494456 466.591
-0.0017492456 470.189
-0.0017490456 466.191
-0.0017488456 466.991
-0.0017486456 467.391
-0.0017484456 470.189
-0.0017482456 468.99
-0.0017480456 467.79
-0.0017478456 468.59
-0.0017476456 471.389
-0.0017474456 469.39
-0.0017472456 469.39
-0.0017470456 468.99
-0.0017468456 466.191
-0.0017466456 468.99
-0.0017464456 471.389
-0.0017462456 468.19
-0.0017460456 469.79
-0.0017458456 469.39
-0.0017456456 469.79
-0.0017454456 471.789
-0.0017452456 469.79
-0.0017450456 472.188
-0.0017448456 472.988
-0.0017446456 471.789
-0.0017444456 468.99
-0.0017442456 468.99
-0.0017440456 470.189
-0.0017438456 468.59
-0.0017436456 470.989
-0.0017434456 469.79
-0.0017432456 471.389
-0.0017430456 468.99
-0.0017428456 468.99
-0.0017426456 469.79
-0.0017424456 472.988
-0.0017422456 470.589
-0.0017420456 471.789
-0.0017418456 472.188
-0.0017416456 470.189
-0.0017414456 468.59
-0.0017412456 471.389
-0.0017410456 469.79
-0.0017408456 470.589
-0.0017406456 469.79
-0.0017404456 470.989
-0.0017402456 471.789
-0.0017400456 472.188
-0.0017398456 470.589
-0.0017396456 470.189
-0.0017394456 471.789
-0.0017392456 472.988
-0.0017390456 472.188
-0.0017388456 472.988
-0.0017386456 469.79
-0.0017384456 470.989
-0.0017382456 468.99
-0.0017380456 470.989
-0.0017378456 467.391
-0.0017376456 472.588
-0.0017374456 474.587
-0.0017372456 470.989
-0.0017370456 472.988
-0.0017368456 470.989
-0.0017366456 473.788
-0.0017364456 472.988
-0.0017362456 471.389
-0.0017360456 473.788
-0.0017358456 473.388
-0.0017356456 472.988
-0.0017354456 473.388
-0.0017352456 470.589
-0.0017350456 471.789
-0.0017348456 473.788
-0.0017346456 471.789
-0.0017344456 473.388
-0.0017342456 472.188
-0.0017340456 472.588
-0.0017338456 472.988
-0.0017336456 471.789
-0.0017334456 476.187
-0.0017332456 472.188
-0.0017330456 472.588
-0.0017328456 472.988
-0.0017326456 474.587
-0.0017324456 474.987
-0.0017322456 473.788
-0.0017320456 472.988
-0.0017318456 474.587
-0.0017316456 472.588
-0.0017314456 473.788
-0.0017312456 473.788
-0.0017310456 473.388
-0.0017308456 474.987
-0.0017306456 474.987
-0.0017304456 475.787
-0.0017302456 474.987
-0.0017300456 473.388
-0.0017298456 472.988
-0.0017296456 476.586
-0.0017294456 472.988
-0.0017292456 473.788
-0.0017290456 474.987
-0.0017288456 476.586
-0.0017286456 472.988
-0.0017284456 474.188
-0.0017282456 473.388
-0.0017280456 471.789
-0.0017278456 472.588
-0.0017276456 472.988
-0.0017274456 473.388
-0.0017272456 473.788
-0.0017270456 475.787
-0.0017268456 476.187
-0.0017266456 475.787
-0.0017264456 473.788
-0.0017262456 473.788
-0.0017260456 473.388
-0.0017258456 474.587
-0.0017256456 475.387
-0.0017254456 472.188
-0.0017252456 476.986
-0.0017250456 475.787
-0.0017248456 475.387
-0.0017246456 475.787
-0.0017244456 474.188
-0.0017242456 474.987
-0.0017240456 475.387
-0.0017238456 476.986
-0.0017236456 474.987
-0.0017234456 474.987
-0.0017232456 472.188
-0.0017230456 476.187
-0.0017228456 474.987
-0.0017226456 476.586
-0.0017224456 474.987
-0.0017222456 473.388
-0.0017220456 473.788
-0.0017218456 478.586
-0.0017216456 476.586
-0.0017214456 477.386
-0.0017212456 474.188
-0.0017210456 474.987
-0.0017208456 474.987
-0.0017206456 474.188
-0.0017204456 474.987
-0.0017202456 474.587
-0.0017200456 474.987
-0.0017198456 472.988
-0.0017196456 476.187
-0.0017194456 474.188
-0.0017192456 475.387
-0.0017190456 472.588
-0.0017188456 476.986
-0.0017186456 475.787
-0.0017184456 474.188
-0.0017182456 476.187
-0.0017180456 473.388
-0.0017178456 478.186
-0.0017176456 476.586
-0.0017174456 476.986
-0.0017172456 478.985
-0.0017170456 476.586
-0.0017168456 476.586
-0.0017166456 477.786
-0.0017164456 476.586
-0.0017162456 477.386
-0.0017160456 475.387
-0.0017158456 477.386
-0.0017156456 475.387
-0.0017154456 477.386
-0.0017152456 476.586
-0.0017150456 475.387
-0.0017148456 477.386
-0.0017146456 479.385
-0.0017144456 475.787
-0.0017142456 478.586
-0.0017140456 476.986
-0.0017138456 478.186
-0.0017136456 478.985
-0.0017134456 477.386
-0.0017132456 478.586
-0.0017130456 478.985
-0.0017128456 476.986
-0.0017126456 477.786
-0.0017124456 477.786
-0.0017122456 476.586
-0.0017120456 477.786
-0.0017118456 478.186
-0.0017116456 476.586
-0.0017114456 478.586
-0.0017112456 477.786
-0.0017110456 476.187
-0.0017108456 476.586
-0.0017106456 479.385
-0.0017104456 476.986
-0.0017102456 478.186
-0.0017100456 481.784
-0.0017098456 477.786
-0.0017096456 482.184
-0.0017094456 477.386
-0.0017092456 479.785
-0.0017090456 478.586
-0.0017088456 478.186
-0.0017086456 477.786
-0.0017084456 480.185
-0.0017082456 478.985
-0.0017080456 479.785
-0.0017078456 479.385
-0.0017076456 478.186
-0.0017074456 480.985
-0.0017072456 480.185
-0.0017070456 478.985
-0.0017068456 479.785
-0.0017066456 481.384
-0.0017064456 476.986
-0.0017062456 481.784
-0.0017060456 477.786
-0.0017058456 477.386
-0.0017056456 479.785
-0.0017054456 480.185
-0.0017052456 477.786
-0.0017050456 480.985
-0.0017048456 480.585
-0.0017046456 479.385
-0.0017044456 478.586
-0.0017042456 480.985
-0.0017040456 480.585
-0.0017038456 480.185
-0.0017036456 479.385
-0.0017034456 480.985
-0.0017032456 482.584
-0.0017030456 481.384
-0.0017028456 478.985
-0.0017026456 482.584
-0.0017024456 479.385
-0.0017022456 480.585
-0.0017020456 480.585
-0.0017018456 480.985
-0.0017016456 481.784
-0.0017014456 478.985
-0.0017012456 483.383
-0.0017010456 481.384
-0.0017008456 481.784
-0.0017006456 482.184
-0.0017004456 477.786
-0.0017002456 481.784
-0.0017000456 478.186
-0.0016998456 482.184
-0.0016996456 482.184
-0.0016994456 482.184
-0.0016992456 481.384
-0.0016990456 481.384
-0.0016988456 480.185
-0.0016986456 480.585
-0.0016984456 481.784
-0.0016982456 482.184
-0.0016980456 482.584
-0.0016978456 480.985
-0.0016976456 480.585
-0.0016974456 481.784
-0.0016972456 480.985
-0.0016970456 484.183
-0.0016968456 484.183
-0.0016966456 480.185
-0.0016964456 482.184
-0.0016962456 480.185
-0.0016960456 481.384
-0.0016958456 479.385
-0.0016956456 482.184
-0.0016954456 479.785
-0.0016952456 482.184
-0.0016950456 482.184
-0.0016948456 480.985
-0.0016946456 483.783
-0.0016944456 481.784
-0.0016942456 480.185
-0.0016940456 480.985
-0.0016938456 482.184
-0.0016936456 481.784
-0.0016934456 482.584
-0.0016932456 479.785
-0.0016930456 481.384
-0.0016928456 482.584
-0.0016926456 482.984
-0.0016924456 481.784
-0.0016922456 482.584
-0.0016920456 483.383
-0.0016918456 480.985
-0.0016916456 480.585
-0.0016914456 485.383
-0.0016912456 483.783
-0.0016910456 482.984
-0.0016908456 480.985
-0.0016906456 482.184
-0.0016904456 482.984
-0.0016902456 484.583
-0.0016900456 480.185
-0.0016898456 481.384
-0.0016896456 484.583
-0.0016894456 482.584
-0.0016892456 484.983
-0.0016890456 480.985
-0.0016888456 484.983
-0.0016886456 481.784
-0.0016884456 484.183
-0.0016882456 484.183
-0.0016880456 481.784
-0.0016878456 478.985
-0.0016876456 480.985
-0.0016874456 484.183
-0.0016872456 482.984
-0.0016870456 481.784
-0.0016868456 481.784
-0.0016866456 485.383
-0.0016864456 483.383
-0.0016862456 482.184
-0.0016860456 483.383
-0.0016858456 482.984
-0.0016856456 482.984
-0.0016854456 484.583
-0.0016852456 484.183
-0.0016850456 479.785
-0.0016848456 482.984
-0.0016846456 483.783
-0.0016844456 482.984
-0.0016842456 482.584
-0.0016840456 481.784
-0.0016838456 484.183
-0.0016836456 484.583
-0.0016834456 482.984
-0.0016832456 482.584
-0.0016830456 481.784
-0.0016828456 481.384
-0.0016826456 484.183
-0.0016824456 483.783
-0.0016822456 483.383
-0.0016820456 483.783
-0.0016818456 480.985
-0.0016816456 483.783
-0.0016814456 483.383
-0.0016812456 480.985
-0.0016810456 482.184
-0.0016808456 482.984
-0.0016806456 484.583
-0.0016804456 482.184
-0.0016802456 480.585
-0.0016800456 481.384
-0.0016798456 484.583
-0.0016796456 483.383
-0.0016794456 484.983
-0.0016792456 486.582
-0.0016790456 482.584
-0.0016788456 482.584
-0.0016786456 484.183
-0.0016784456 485.383
-0.0016782456 482.984
-0.0016780456 482.584
-0.0016778456 481.384
-0.0016776456 482.984
-0.0016774456 482.184
-0.0016772456 485.782
-0.0016770456 482.184
-0.0016768456 484.983
-0.0016766456 485.383
-0.0016764456 484.983
-0.0016762456 485.383
-0.0016760456 483.383
-0.0016758456 482.984
-0.0016756456 482.984
-0.0016754456 484.183
-0.0016752456 484.183
-0.0016750456 482.984
-0.0016748456 484.583
-0.0016746456 484.983
-0.0016744456 484.583
-0.0016742456 483.383
-0.0016740456 483.383
-0.0016738456 483.783
-0.0016736456 482.184
-0.0016734456 482.584
-0.0016732456 484.183
-0.0016730456 487.382
-0.0016728456 483.383
-0.0016726456 483.783
-0.0016724456 483.783
-0.0016722456 484.583
-0.0016720456 482.184
-0.0016718456 482.984
-0.0016716456 480.985
-0.0016714456 480.585
-0.0016712456 484.183
-0.0016710456 481.384
-0.0016708456 483.383
-0.0016706456 484.983
-0.0016704456 482.984
-0.0016702456 483.383
-0.0016700456 482.584
-0.0016698456 483.383
-0.0016696456 482.584
-0.0016694456 484.583
-0.0016692456 481.784
-0.0016690456 484.183
-0.0016688456 484.983
-0.0016686456 486.182
-0.0016684456 485.782
-0.0016682456 486.182
-0.0016680456 484.183
-0.0016678456 481.784
-0.0016676456 480.185
-0.0016674456 485.383
-0.0016672456 481.784
-0.0016670456 484.183
-0.0016668456 481.784
-0.0016666456 486.982
-0.0016664456 486.582
-0.0016662456 483.783
-0.0016660456 483.783
-0.0016658456 486.582
-0.0016656456 483.383
-0.0016654456 487.382
-0.0016652456 485.383
-0.0016650456 483.383
-0.0016648456 486.182
-0.0016646456 484.183
-0.0016644456 483.383
-0.0016642456 484.983
-0.0016640456 487.382
-0.0016638456 484.183
-0.0016636456 483.383
-0.0016634456 484.583
-0.0016632456 486.182
-0.0016630456 485.383
-0.0016628456 484.183
-0.0016626456 483.783
-0.0016624456 483.783
-0.0016622456 483.783
-0.0016620456 486.582
-0.0016618456 482.984
-0.0016616456 486.582
-0.0016614456 486.982
-0.0016612456 484.183
-0.0016610456 484.583
-0.0016608456 486.182
-0.0016606456 487.382
-0.0016604456 485.782
-0.0016602456 486.182
-0.0016600456 485.782
-0.0016598456 484.583
-0.0016596456 485.782
-0.0016594456 484.183
-0.0016592456 483.383
-0.0016590456 484.983
-0.0016588456 484.183
-0.0016586456 486.182
-0.0016584456 486.582
-0.0016582456 484.583
-0.0016580456 487.382
-0.0016578456 484.983
-0.0016576456 485.383
-0.0016574456 484.983
-0.0016572456 484.983
-0.0016570456 488.181
-0.0016568456 486.582
-0.0016566456 482.984
-0.0016564456 486.582
-0.0016562456 486.582
-0.0016560456 487.382
-0.0016558456 485.383
-0.0016556456 486.982
-0.0016554456 486.982
-0.0016552456 482.984
-0.0016550456 489.381
-0.0016548456 486.182
-0.0016546456 485.782
-0.0016544456 487.382
-0.0016542456 487.781
-0.0016540456 485.383
-0.0016538456 487.781
-0.0016536456 488.581
-0.0016534456 485.383
-0.0016532456 486.182
-0.0016530456 484.183
-0.0016528456 486.582
-0.0016526456 485.383
-0.0016524456 487.781
-0.0016522456 486.982
-0.0016520456 485.782
-0.0016518456 485.782
-0.0016516456 484.983
-0.0016514456 485.782
-0.0016512456 485.782
-0.0016510456 486.582
-0.0016508456 486.982
-0.0016506456 485.383
-0.0016504456 486.982
-0.0016502456 487.382
-0.0016500456 485.383
-0.0016498456 487.382
-0.0016496456 488.981
-0.0016494456 485.782
-0.0016492456 488.981
-0.0016490456 485.782
-0.0016488456 487.382
-0.0016486456 486.582
-0.0016484456 486.982
-0.0016482456 486.182
-0.0016480456 487.382
-0.0016478456 487.382
-0.0016476456 484.983
-0.0016474456 485.383
-0.0016472456 487.382
-0.0016470456 488.181
-0.0016468456 486.582
-0.0016466456 486.182
-0.0016464456 486.182
-0.0016462456 486.982
-0.0016460456 485.782
-0.0016458456 485.782
-0.0016456456 482.584
-0.0016454456 488.181
-0.0016452456 486.982
-0.0016450456 485.383
-0.0016448456 488.981
-0.0016446456 485.383
-0.0016444456 485.383
-0.0016442456 485.383
-0.0016440456 487.382
-0.0016438456 485.383
-0.0016436456 485.782
-0.0016434456 485.782
-0.0016432456 487.781
-0.0016430456 486.982
-0.0016428456 487.781
-0.0016426456 485.383
-0.0016424456 485.782
-0.0016422456 486.582
-0.0016420456 486.182
-0.0016418456 486.982
-0.0016416456 485.782
-0.0016414456 488.581
-0.0016412456 486.982
-0.0016410456 487.781
-0.0016408456 483.783
-0.0016406456 486.582
-0.0016404456 484.583
-0.0016402456 483.783
-0.0016400456 487.382
-0.0016398456 487.382
-0.0016396456 485.782
-0.0016394456 488.181
-0.0016392456 486.982
-0.0016390456 486.982
-0.0016388456 488.181
-0.0016386456 484.983
-0.0016384456 487.382
-0.0016382456 486.982
-0.0016380456 486.982
-0.0016378456 484.983
-0.0016376456 486.182
-0.0016374456 487.781
-0.0016372456 486.582
-0.0016370456 486.982
-0.0016368456 486.182
-0.0016366456 487.781
-0.0016364456 484.983
-0.0016362456 487.382
-0.0016360456 485.383
-0.0016358456 487.781
-0.0016356456 487.781
-0.0016354456 485.782
-0.0016352456 484.983
-0.0016350456 484.183
-0.0016348456 486.982
-0.0016346456 489.381
-0.0016344456 486.182
-0.0016342456 486.982
-0.0016340456 486.182
-0.0016338456 487.382
-0.0016336456 485.383
-0.0016334456 485.383
-0.0016332456 486.582
-0.0016330456 488.581
-0.0016328456 487.382
-0.0016326456 486.182
-0.0016324456 487.382
-0.0016322456 487.781
-0.0016320456 488.181
-0.0016318456 487.382
-0.0016316456 487.382
-0.0016314456 487.382
-0.0016312456 486.582
-0.0016310456 486.182
-0.0016308456 487.781
-0.0016306456 485.782
-0.0016304456 486.982
-0.0016302456 486.982
-0.0016300456 484.983
-0.0016298456 488.181
-0.0016296456 488.181
-0.0016294456 486.982
-0.0016292456 487.382
-0.0016290456 489.781
-0.0016288456 487.781
-0.0016286456 487.781
-0.0016284456 487.781
-0.0016282456 487.382
-0.0016280456 487.382
-0.0016278456 488.181
-0.0016276456 489.381
-0.0016274456 488.181
-0.0016272456 489.381
-0.0016270456 487.382
-0.0016268456 488.181
-0.0016266456 489.381
-0.0016264456 489.781
-0.0016262456 488.581
-0.0016260456 488.181
-0.0016258456 486.182
-0.0016256456 487.781
-0.0016254456 489.381
-0.0016252456 486.582
-0.0016250456 487.781
-0.0016248456 488.981
-0.0016246456 489.781
-0.0016244456 490.98
-0.0016242456 489.781
-0.0016240456 487.781
-0.0016238456 488.581
-0.0016236456 486.582
-0.0016234456 487.781
-0.0016232456 488.581
-0.0016230456 488.181
-0.0016228456 487.382
-0.0016226456 487.781
-0.0016224456 486.982
-0.0016222456 487.382
-0.0016220456 488.181
-0.0016218456 488.981
-0.0016216456 487.781
-0.0016214456 490.58
-0.0016212456 487.781
-0.0016210456 488.181
-0.0016208456 488.181
-0.0016206456 487.781
-0.0016204456 487.781
-0.0016202456 486.182
-0.0016200456 488.981
-0.0016198456 486.182
-0.0016196456 489.781
-0.0016194456 487.382
-0.0016192456 488.981
-0.0016190456 489.381
-0.0016188456 488.581
-0.0016186456 487.382
-0.0016184456 488.981
-0.0016182456 486.582
-0.0016180456 488.981
-0.0016178456 488.581
-0.0016176456 490.58
-0.0016174456 489.381
-0.0016172456 487.781
-0.0016170456 488.581
-0.0016168456 492.18
-0.0016166456 486.982
-0.0016164456 489.781
-0.0016162456 489.781
-0.0016160456 488.181
-0.0016158456 487.781
-0.0016156456 489.381
-0.0016154456 488.981
-0.0016152456 488.181
-0.0016150456 487.781
-0.0016148456 490.58
-0.0016146456 487.781
-0.0016144456 488.581
-0.0016142456 489.781
-0.0016140456 487.781
-0.0016138456 490.18
-0.0016136456 488.181
-0.0016134456 490.18
-0.0016132456 488.181
-0.0016130456 488.981
-0.0016128456 490.18
-0.0016126456 488.581
-0.0016124456 487.781
-0.0016122456 490.18
-0.0016120456 490.18
-0.0016118456 488.981
-0.0016116456 490.98
-0.0016114456 489.381
-0.0016112456 489.381
-0.0016110456 488.981
-0.0016108456 490.18
-0.0016106456 490.58
-0.0016104456 490.18
-0.0016102456 491.38
-0.0016100456 490.58
-0.0016098456 489.781
-0.0016096456 491.78
-0.0016094456 489.781
-0.0016092456 489.381
-0.0016090456 489.381
-0.0016088456 490.58
-0.0016086456 491.38
-0.0016084456 492.18
-0.0016082456 488.981
-0.0016080456 490.58
-0.0016078456 489.781
-0.0016076456 490.98
-0.0016074456 486.982
-0.0016072456 489.781
-0.0016070456 490.58
-0.0016068456 488.981
-0.0016066456 490.98
-0.0016064456 490.18
-0.0016062456 489.381
-0.0016060456 488.581
-0.0016058456 492.18
-0.0016056456 490.18
-0.0016054456 490.98
-0.0016052456 489.381
-0.0016050456 492.579
-0.0016048456 491.38
-0.0016046456 491.78
-0.0016044456 490.58
-0.0016042456 486.982
-0.0016040456 490.98
-0.0016038456 489.781
-0.0016036456 491.78
-0.0016034456 490.18
-0.0016032456 489.381
-0.0016030456 491.38
-0.0016028456 493.779
-0.0016026456 489.381
-0.0016024456 490.98
-0.0016022456 490.98
-0.0016020456 490.18
-0.0016018456 492.18
-0.0016016456 491.38
-0.0016014456 491.78
-0.0016012456 490.18
-0.0016010456 489.781
-0.0016008456 489.781
-0.0016006456 489.381
-0.0016004456 491.78
-0.0016002456 490.98
-0.0016000456 491.38
-0.0015998456 490.58
-0.0015996456 489.781
-0.0015994456 489.781
-0.0015992456 488.981
-0.0015990456 491.78
-0.0015988456 490.58
-0.0015986456 490.58
-0.0015984456 493.379
-0.0015982456 492.579
-0.0015980456 490.58
-0.0015978456 488.581
-0.0015976456 487.382
-0.0015974456 491.78
-0.0015972456 489.781
-0.0015970456 490.98
-0.0015968456 490.98
-0.0015966456 491.38
-0.0015964456 492.18
-0.0015962456 489.381
-0.0015960456 491.38
-0.0015958456 488.581
-0.0015956456 491.78
-0.0015954456 490.98
-0.0015952456 488.981
-0.0015950456 491.38
-0.0015948456 489.781
-0.0015946456 489.381
-0.0015944456 490.58
-0.0015942456 490.58
-0.0015940456 488.981
-0.0015938456 490.18
-0.0015936456 490.98
-0.0015934456 491.38
-0.0015932456 490.58
-0.0015930456 491.78
-0.0015928456 490.58
-0.0015926456 491.78
-0.0015924456 490.18
-0.0015922456 490.18
-0.0015920456 490.58
-0.0015918456 488.581
-0.0015916456 492.579
-0.0015914456 492.18
-0.0015912456 491.78
-0.0015910456 487.781
-0.0015908456 489.781
-0.0015906456 490.98
-0.0015904456 490.58
-0.0015902456 489.781
-0.0015900456 491.78
-0.0015898456 487.382
-0.0015896456 490.98
-0.0015894456 491.78
-0.0015892456 490.58
-0.0015890456 489.381
-0.0015888456 492.18
-0.0015886456 490.18
-0.0015884456 489.381
-0.0015882456 491.38
-0.0015880456 492.18
-0.0015878456 490.58
-0.0015876456 490.98
-0.0015874456 492.18
-0.0015872456 494.578
-0.0015870456 487.781
-0.0015868456 490.58
-0.0015866456 490.98
-0.0015864456 490.98
-0.0015862456 490.98
-0.0015860456 491.78
-0.0015858456 489.781
-0.0015856456 492.18
-0.0015854456 491.38
-0.0015852456 490.98
-0.0015850456 491.38
-0.0015848456 493.379
-0.0015846456 491.78
-0.0015844456 490.58
-0.0015842456 492.18
-0.0015840456 492.979
-0.0015838456 490.18
-0.0015836456 494.179
-0.0015834456 492.579
-0.0015832456 490.58
-0.0015830456 492.579
-0.0015828456 492.579
-0.0015826456 493.379
-0.0015824456 491.78
-0.0015822456 492.18
-0.0015820456 491.38
-0.0015818456 493.779
-0.0015816456 490.58
-0.0015814456 491.78
-0.0015812456 489.781
-0.0015810456 491.38
-0.0015808456 491.78
-0.0015806456 490.98
-0.0015804456 490.18
-0.0015802456 492.18
-0.0015800456 491.78
-0.0015798456 492.579
-0.0015796456 491.78
-0.0015794456 492.979
-0.0015792456 490.18
-0.0015790456 489.381
-0.0015788456 490.58
-0.0015786456 491.78
-0.0015784456 490.98
-0.0015782456 489.781
-0.0015780456 492.18
-0.0015778456 492.18
-0.0015776456 492.579
-0.0015774456 491.38
-0.0015772456 489.381
-0.0015770456 490.18
-0.0015768456 491.38
-0.0015766456 490.58
-0.0015764456 491.38
-0.0015762456 491.78
-0.0015760456 490.18
-0.0015758456 490.58
-0.0015756456 492.18
-0.0015754456 491.78
-0.0015752456 492.979
-0.0015750456 491.78
-0.0015748456 489.781
-0.0015746456 492.579
-0.0015744456 492.979
-0.0015742456 492.18
-0.0015740456 492.18
-0.0015738456 492.18
-0.0015736456 495.778
-0.0015734456 492.979
-0.0015732456 494.578
-0.0015730456 492.18
-0.0015728456 492.979
-0.0015726456 492.18
-0.0015724456 492.18
-0.0015722456 492.579
-0.0015720456 492.18
-0.0015718456 489.381
-0.0015716456 492.979
-0.0015714456 492.979
-0.0015712456 492.18
-0.0015710456 490.18
-0.0015708456 493.379
-0.0015706456 493.379
-0.0015704456 491.78
-0.0015702456 490.58
-0.0015700456 492.979
-0.0015698456 491.38
-0.0015696456 491.78
-0.0015694456 492.18
-0.0015692456 492.18
-0.0015690456 491.38
-0.0015688456 492.979
-0.0015686456 490.58
-0.0015684456 493.779
-0.0015682456 492.18
-0.0015680456 492.18
-0.0015678456 491.78
-0.0015676456 491.78
-0.0015674456 490.18
-0.0015672456 491.78
-0.0015670456 490.18
-0.0015668456 491.38
-0.0015666456 492.979
-0.0015664456 492.18
-0.0015662456 492.579
-0.0015660456 492.579
-0.0015658456 493.379
-0.0015656456 491.38
-0.0015654456 491.78
-0.0015652456 492.979
-0.0015650456 492.18
-0.0015648456 494.578
-0.0015646456 494.578
-0.0015644456 493.779
-0.0015642456 492.18
-0.0015640456 491.78
-0.0015638456 494.179
-0.0015636456 492.979
-0.0015634456 492.579
-0.0015632456 494.179
-0.0015630456 494.179
-0.0015628456 491.78
-0.0015626456 493.779
-0.0015624456 494.978
-0.0015622456 492.979
-0.0015620456 492.979
-0.0015618456 491.38
-0.0015616456 491.38
-0.0015614456 493.379
-0.0015612456 490.58
-0.0015610456 490.58
-0.0015608456 490.18
-0.0015606456 490.18
-0.0015604456 492.18
-0.0015602456 493.379
-0.0015600456 493.779
-0.0015598456 492.18
-0.0015596456 494.978
-0.0015594456 492.579
-0.0015592456 490.98
-0.0015590456 493.379
-0.0015588456 493.779
-0.0015586456 491.78
-0.0015584456 495.378
-0.0015582456 493.779
-0.0015580456 492.979
-0.0015578456 492.18
-0.0015576456 493.379
-0.0015574456 491.78
-0.0015572456 494.578
-0.0015570456 492.579
-0.0015568456 493.379
-0.0015566456 492.579
-0.0015564456 493.379
-0.0015562456 495.778
-0.0015560456 493.379
-0.0015558456 492.18
-0.0015556456 493.779
-0.0015554456 493.779
-0.0015552456 493.779
-0.0015550456 495.378
-0.0015548456 492.579
-0.0015546456 493.379
-0.0015544456 492.579
-0.0015542456 493.379
-0.0015540456 493.779
-0.0015538456 493.779
-0.0015536456 494.179
-0.0015534456 494.578
-0.0015532456 493.379
-0.0015530456 497.377
-0.0015528456 493.379
-0.0015526456 494.179
-0.0015524456 494.578
-0.0015522456 496.578
-0.0015520456 498.976
-0.0015518456 496.578
-0.0015516456 493.379
-0.0015514456 495.378
-0.0015512456 494.578
-0.0015510456 494.179
-0.0015508456 492.18
-0.0015506456 495.378
-0.0015504456 495.378
-0.0015502456 493.779
-0.0015500456 497.777
-0.0015498456 494.978
-0.0015496456 494.179
-0.0015494456 493.779
-0.0015492456 494.578
-0.0015490456 496.178
-0.0015488456 493.779
-0.0015486456 494.179
-0.0015484456 493.379
-0.0015482456 495.778
-0.0015480456 495.378
-0.0015478456 493.779
-0.0015476456 495.378
-0.0015474456 493.779
-0.0015472456 493.379
-0.0015470456 493.779
-0.0015468456 495.378
-0.0015466456 493.779
-0.0015464456 494.978
-0.0015462456 494.978
-0.0015460456 496.578
-0.0015458456 494.578
-0.0015456456 495.378
-0.0015454456 495.378
-0.0015452456 494.179
-0.0015450456 495.778
-0.0015448456 495.778
-0.0015446456 494.179
-0.0015444456 493.779
-0.0015442456 498.177
-0.0015440456 497.777
-0.0015438456 495.378
-0.0015436456 494.978
-0.0015434456 495.778
-0.0015432456 496.178
-0.0015430456 494.578
-0.0015428456 496.178
-0.0015426456 494.179
-0.0015424456 494.179
-0.0015422456 496.977
-0.0015420456 492.979
-0.0015418456 497.777
-0.0015416456 496.578
-0.0015414456 496.178
-0.0015412456 496.977
-0.0015410456 492.579
-0.0015408456 495.378
-0.0015406456 493.379
-0.0015404456 496.178
-0.0015402456 494.578
-0.0015400456 496.977
-0.0015398456 495.778
-0.0015396456 495.778
-0.0015394456 495.378
-0.0015392456 495.778
-0.0015390456 496.578
-0.0015388456 492.979
-0.0015386456 494.978
-0.0015384456 495.778
-0.0015382456 496.977
-0.0015380456 497.377
-0.0015378456 496.178
-0.0015376456 496.578
-0.0015374456 491.38
-0.0015372456 494.578
-0.0015370456 493.779
-0.0015368456 495.378
-0.0015366456 494.179
-0.0015364456 497.377
-0.0015362456 496.178
-0.0015360456 494.978
-0.0015358456 494.978
-0.0015356456 496.578
-0.0015354456 496.578
-0.0015352456 495.378
-0.0015350456 496.178
-0.0015348456 495.778
-0.0015346456 496.178
-0.0015344456 496.977
-0.0015342456 496.977
-0.0015340456 494.978
-0.0015338456 494.578
-0.0015336456 494.578
-0.0015334456 493.779
-0.0015332456 494.578
-0.0015330456 494.578
-0.0015328456 495.778
-0.0015326456 492.18
-0.0015324456 497.777
-0.0015322456 495.778
-0.0015320456 493.779
-0.0015318456 494.978
-0.0015316456 496.178
-0.0015314456 494.978
-0.0015312456 496.977
-0.0015310456 495.378
-0.0015308456 495.378
-0.0015306456 496.578
-0.0015304456 496.178
-0.0015302456 498.577
-0.0015300456 495.778
-0.0015298456 495.378
-0.0015296456 495.778
-0.0015294456 495.778
-0.0015292456 493.779
-0.0015290456 496.977
-0.0015288456 495.378
-0.0015286456 496.977
-0.0015284456 499.376
-0.0015282456 496.578
-0.0015280456 496.977
-0.0015278456 494.578
-0.0015276456 494.978
-0.0015274456 496.178
-0.0015272456 494.978
-0.0015270456 496.178
-0.0015268456 496.977
-0.0015266456 496.578
-0.0015264456 496.178
-0.0015262456 494.978
-0.0015260456 492.18
-0.0015258456 496.977
-0.0015256456 493.379
-0.0015254456 494.578
-0.0015252456 494.978
-0.0015250456 495.378
-0.0015248456 496.977
-0.0015246456 498.577
-0.0015244456 498.177
-0.0015242456 496.977
-0.0015240456 496.977
-0.0015238456 492.18
-0.0015236456 498.177
-0.0015234456 496.178
-0.0015232456 495.378
-0.0015230456 498.577
-0.0015228456 495.378
-0.0015226456 497.777
-0.0015224456 494.978
-0.0015222456 496.578
-0.0015220456 495.378
-0.0015218456 495.378
-0.0015216456 492.979
-0.0015214456 497.777
-0.0015212456 496.578
-0.0015210456 496.977
-0.0015208456 496.178
-0.0015206456 498.577
-0.0015204456 496.178
-0.0015202456 496.178
-0.0015200456 494.978
-0.0015198456 498.177
-0.0015196456 496.578
-0.0015194456 497.777
-0.0015192456 497.377
-0.0015190456 497.777
-0.0015188456 493.379
-0.0015186456 496.178
-0.0015184456 498.976
-0.0015182456 497.377
-0.0015180456 496.578
-0.0015178456 498.976
-0.0015176456 496.578
-0.0015174456 496.578
-0.0015172456 496.578
-0.0015170456 500.176
-0.0015168456 497.777
-0.0015166456 498.177
-0.0015164456 495.778
-0.0015162456 496.578
-0.0015160456 498.177
-0.0015158456 498.976
-0.0015156456 496.977
-0.0015154456 495.378
-0.0015152456 495.778
-0.0015150456 499.376
-0.0015148456 497.777
-0.0015146456 500.576
-0.0015144456 498.577
-0.0015142456 499.776
-0.0015140456 499.376
-0.0015138456 497.377
-0.0015136456 498.577
-0.0015134456 500.176
-0.0015132456 498.976
-0.0015130456 500.576
-0.0015128456 498.177
-0.0015126456 498.577
-0.0015124456 496.977
-0.0015122456 501.375
-0.0015120456 500.576
-0.0015118456 497.377
-0.0015116456 496.578
-0.0015114456 500.576
-0.0015112456 495.778
-0.0015110456 496.977
-0.0015108456 496.977
-0.0015106456 500.576
-0.0015104456 498.976
-0.0015102456 496.178
-0.0015100456 501.775
-0.0015098456 498.577
-0.0015096456 498.577
-0.0015094456 496.977
-0.0015092456 498.976
-0.0015090456 498.976
-0.0015088456 496.578
-0.0015086456 495.778
-0.0015084456 496.578
-0.0015082456 497.777
-0.0015080456 500.576
-0.0015078456 497.377
-0.0015076456 499.776
-0.0015074456 499.776
-0.0015072456 497.377
-0.0015070456 498.976
-0.0015068456 498.177
-0.0015066456 498.177
-0.0015064456 500.176
-0.0015062456 499.376
-0.0015060456 496.178
-0.0015058456 495.378
-0.0015056456 496.977
-0.0015054456 496.178
-0.0015052456 498.976
-0.0015050456 498.177
-0.0015048456 498.577
-0.0015046456 498.177
-0.0015044456 496.977
-0.0015042456 499.376
-0.0015040456 498.577
-0.0015038456 496.578
-0.0015036456 498.177
-0.0015034456 498.976
-0.0015032456 498.976
-0.0015030456 498.976
-0.0015028456 496.977
-0.0015026456 498.976
-0.0015024456 496.977
-0.0015022456 498.976
-0.0015020456 502.575
-0.0015018456 498.577
-0.0015016456 499.776
-0.0015014456 500.176
-0.0015012456 496.977
-0.0015010456 498.177
-0.0015008456 497.377
-0.0015006456 498.577
-0.0015004456 498.177
-0.0015002456 496.977
-0.0015000456 496.977
-0.0014998456 498.177
-0.0014996456 499.376
-0.0014994456 498.577
-0.0014992456 501.375
-0.0014990456 498.577
-0.0014988456 496.578
-0.0014986456 496.578
-0.0014984456 499.776
-0.0014982456 498.976
-0.0014980456 500.176
-0.0014978456 500.176
-0.0014976456 497.777
-0.0014974456 498.976
-0.0014972456 501.375
-0.0014970456 498.577
-0.0014968456 498.577
-0.0014966456 498.177
-0.0014964456 498.976
-0.0014962456 498.577
-0.0014960456 496.178
-0.0014958456 500.176
-0.0014956456 498.177
-0.0014954456 497.777
-0.0014952456 498.177
-0.0014950456 498.976
-0.0014948456 499.376
-0.0014946456 500.576
-0.0014944456 498.177
-0.0014942456 499.776
-0.0014940456 497.777
-0.0014938456 498.177
-0.0014936456 500.976
-0.0014934456 496.977
-0.0014932456 498.177
-0.0014930456 502.575
-0.0014928456 498.577
-0.0014926456 500.576
-0.0014924456 497.777
-0.0014922456 499.376
-0.0014920456 497.377
-0.0014918456 499.776
-0.0014916456 500.176
-0.0014914456 498.976
-0.0014912456 500.176
-0.0014910456 499.776
-0.0014908456 499.376
-0.0014906456 502.175
-0.0014904456 498.577
-0.0014902456 499.776
-0.0014900456 501.375
-0.0014898456 500.576
-0.0014896456 500.176
-0.0014894456 499.776
-0.0014892456 499.776
-0.0014890456 498.976
-0.0014888456 498.577
-0.0014886456 500.976
-0.0014884456 500.176
-0.0014882456 500.976
-0.0014880456 500.176
-0.0014878456 499.376
-0.0014876456 499.776
-0.0014874456 498.577
-0.0014872456 499.376
-0.0014870456 498.577
-0.0014868456 501.375
-0.0014866456 500.176
-0.0014864456 500.576
-0.0014862456 498.577
-0.0014860456 501.375
-0.0014858456 499.776
-0.0014856456 499.776
-0.0014854456 499.376
-0.0014852456 501.775
-0.0014850456 501.775
-0.0014848456 499.776
-0.0014846456 499.376
-0.0014844456 500.976
-0.0014842456 501.375
-0.0014840456 502.175
-0.0014838456 499.376
-0.0014836456 499.776
-0.0014834456 500.976
-0.0014832456 500.976
-0.0014830456 499.776
-0.0014828456 498.577
-0.0014826456 498.577
-0.0014824456 498.976
-0.0014822456 499.776
-0.0014820456 498.577
-0.0014818456 497.377
-0.0014816456 497.377
-0.0014814456 501.775
-0.0014812456 497.777
-0.0014810456 499.776
-0.0014808456 500.976
-0.0014806456 499.376
-0.0014804456 497.777
-0.0014802456 501.775
-0.0014800456 499.776
-0.0014798456 498.177
-0.0014796456 500.176
-0.0014794456 499.776
-0.0014792456 500.176
-0.0014790456 499.376
-0.0014788456 499.776
-0.0014786456 501.775
-0.0014784456 502.575
-0.0014782456 498.976
-0.0014780456 498.976
-0.0014778456 500.976
-0.0014776456 500.976
-0.0014774456 498.177
-0.0014772456 498.976
-0.0014770456 499.776
-0.0014768456 501.375
-0.0014766456 500.576
-0.0014764456 500.576
-0.0014762456 501.375
-0.0014760456 498.577
-0.0014758456 499.776
-0.0014756456 498.976
-0.0014754456 501.375
-0.0014752456 501.375
-0.0014750456 501.775
-0.0014748456 498.577
-0.0014746456 502.175
-0.0014744456 499.376
-0.0014742456 502.975
-0.0014740456 501.375
-0.0014738456 500.976
-0.0014736456 502.575
-0.0014734456 500.976
-0.0014732456 502.575
-0.0014730456 500.576
-0.0014728456 501.775
-0.0014726456 499.376
-0.0014724456 500.176
-0.0014722456 502.575
-0.0014720456 501.775
-0.0014718456 501.775
-0.0014716456 500.176
-0.0014714456 502.175
-0.0014712456 499.776
-0.0014710456 500.176
-0.0014708456 500.576
-0.0014706456 501.775
-0.0014704456 498.577
-0.0014702456 502.575
-0.0014700456 502.575
-0.0014698456 500.576
-0.0014696456 500.176
-0.0014694456 501.375
-0.0014692456 500.976
-0.0014690456 499.776
-0.0014688456 502.175
-0.0014686456 500.176
-0.0014684456 502.175
-0.0014682456 502.575
-0.0014680456 501.775
-0.0014678456 501.375
-0.0014676456 502.975
-0.0014674456 501.375
-0.0014672456 501.775
-0.0014670456 502.175
-0.0014668456 500.176
-0.0014666456 498.577
-0.0014664456 502.175
-0.0014662456 502.575
-0.0014660456 501.775
-0.0014658456 504.174
-0.0014656456 501.375
-0.0014654456 503.374
-0.0014652456 501.375
-0.0014650456 504.974
-0.0014648456 501.775
-0.0014646456 501.775
-0.0014644456 502.575
-0.0014642456 500.576
-0.0014640456 504.574
-0.0014638456 503.374
-0.0014636456 502.575
-0.0014634456 502.575
-0.0014632456 503.374
-0.0014630456 502.175
-0.0014628456 501.375
-0.0014626456 501.775
-0.0014624456 503.774
-0.0014622456 504.574
-0.0014620456 503.374
-0.0014618456 503.774
-0.0014616456 501.375
-0.0014614456 504.574
-0.0014612456 501.775
-0.0014610456 500.576
-0.0014608456 502.975
-0.0014606456 502.175
-0.0014604456 503.774
-0.0014602456 500.976
-0.0014600456 501.375
-0.0014598456 502.575
-0.0014596456 502.575
-0.0014594456 500.976
-0.0014592456 503.774
-0.0014590456 504.574
-0.0014588456 501.775
-0.0014586456 504.574
-0.0014584456 506.573
-0.0014582456 501.375
-0.0014580456 502.575
-0.0014578456 502.175
-0.0014576456 504.174
-0.0014574456 502.975
-0.0014572456 504.974
-0.0014570456 501.375
-0.0014568456 503.774
-0.0014566456 501.375
-0.0014564456 505.374
-0.0014562456 506.973
-0.0014560456 504.174
-0.0014558456 502.975
-0.0014556456 504.174
-0.0014554456 501.775
-0.0014552456 504.174
-0.0014550456 503.374
-0.0014548456 506.173
-0.0014546456 504.974
-0.0014544456 501.775
-0.0014542456 503.374
-0.0014540456 501.775
-0.0014538456 506.173
-0.0014536456 504.174
-0.0014534456 502.975
-0.0014532456 506.973
-0.0014530456 502.175
-0.0014528456 502.975
-0.0014526456 504.974
-0.0014524456 504.174
-0.0014522456 501.775
-0.0014520456 506.173
-0.0014518456 502.975
-0.0014516456 502.175
-0.0014514456 502.975
-0.0014512456 503.374
-0.0014510456 503.374
-0.0014508456 505.773
-0.0014506456 504.574
-0.0014504456 503.774
-0.0014502456 503.774
-0.0014500456 505.374
-0.0014498456 506.573
-0.0014496456 504.574
-0.0014494456 504.974
-0.0014492456 504.174
-0.0014490456 502.975
-0.0014488456 504.174
-0.0014486456 503.374
-0.0014484456 502.975
-0.0014482456 504.974
-0.0014480456 503.774
-0.0014478456 504.574
-0.0014476456 504.574
-0.0014474456 506.573
-0.0014472456 502.575
-0.0014470456 503.374
-0.0014468456 505.374
-0.0014466456 503.774
-0.0014464456 502.175
-0.0014462456 506.573
-0.0014460456 504.174
-0.0014458456 504.574
-0.0014456456 506.573
-0.0014454456 505.374
-0.0014452456 505.773
-0.0014450456 506.573
-0.0014448456 506.973
-0.0014446456 503.774
-0.0014444456 506.173
-0.0014442456 503.774
-0.0014440456 505.374
-0.0014438456 504.974
-0.0014436456 504.974
-0.0014434456 504.174
-0.0014432456 504.174
-0.0014430456 502.575
-0.0014428456 505.773
-0.0014426456 505.773
-0.0014424456 506.573
-0.0014422456 503.774
-0.0014420456 505.374
-0.0014418456 503.374
-0.0014416456 505.374
-0.0014414456 504.574
-0.0014412456 505.773
-0.0014410456 502.975
-0.0014408456 504.574
-0.0014406456 505.773
-0.0014404456 507.373
-0.0014402456 506.573
-0.0014400456 506.173
-0.0014398456 504.974
-0.0014396456 505.374
-0.0014394456 506.173
-0.0014392456 504.974
-0.0014390456 509.372
-0.0014388456 506.173
-0.0014386456 504.974
-0.0014384456 506.173
-0.0014382456 506.173
-0.0014380456 506.573
-0.0014378456 506.573
-0.0014376456 504.174
-0.0014374456 505.773
-0.0014372456 504.974
-0.0014370456 509.372
-0.0014368456 506.173
-0.0014366456 506.973
-0.0014364456 506.173
-0.0014362456 508.572
-0.0014360456 506.573
-0.0014358456 508.172
-0.0014356456 503.774
-0.0014354456 508.572
-0.0014352456 504.974
-0.0014350456 505.773
-0.0014348456 504.574
-0.0014346456 506.973
-0.0014344456 503.374
-0.0014342456 504.574
-0.0014340456 506.573
-0.0014338456 506.973
-0.0014336456 505.374
-0.0014334456 503.374
-0.0014332456 504.574
-0.0014330456 504.174
-0.0014328456 504.174
-0.0014326456 503.374
-0.0014324456 506.573
-0.0014322456 504.974
-0.0014320456 505.773
-0.0014318456 506.173
-0.0014316456 501.775
-0.0014314456 501.775
-0.0014312456 504.574
-0.0014310456 505.773
-0.0014308456 502.975
-0.0014306456 506.973
-0.0014304456 505.773
-0.0014302456 503.374
-0.0014300456 504.574
-0.0014298456 505.374
-0.0014296456 504.574
-0.0014294456 502.975
-0.0014292456 505.374
-0.0014290456 504.174
-0.0014288456 503.374
-0.0014286456 503.374
-0.0014284456 502.575
-0.0014282456 504.974
-0.0014280456 503.774
-0.0014278456 503.374
-0.0014276456 502.575
-0.0014274456 506.173
-0.0014272456 502.575
-0.0014270456 505.773
-0.0014268456 506.573
-0.0014266456 507.773
-0.0014264456 504.174
-0.0014262456 507.373
-0.0014260456 504.574
-0.0014258456 504.974
-0.0014256456 506.573
-0.0014254456 504.974
-0.0014252456 506.173
-0.0014250456 506.573
-0.0014248456 509.372
-0.0014246456 506.173
-0.0014244456 504.574
-0.0014242456 506.973
-0.0014240456 505.374
-0.0014238456 504.974
-0.0014236456 506.173
-0.0014234456 506.973
-0.0014232456 507.773
-0.0014230456 507.373
-0.0014228456 505.773
-0.0014226456 504.574
-0.0014224456 505.773
-0.0014222456 506.573
-0.0014220456 504.574
-0.0014218456 506.973
-0.0014216456 503.774
-0.0014214456 505.773
-0.0014212456 504.574
-0.0014210456 508.172
-0.0014208456 506.173
-0.0014206456 505.773
-0.0014204456 508.172
-0.0014202456 505.773
-0.0014200456 506.573
-0.0014198456 504.974
-0.0014196456 507.373
-0.0014194456 505.374
-0.0014192456 507.773
-0.0014190456 505.773
-0.0014188456 507.373
-0.0014186456 506.973
-0.0014184456 504.974
-0.0014182456 506.573
-0.0014180456 507.773
-0.0014178456 506.173
-0.0014176456 504.974
-0.0014174456 508.172
-0.0014172456 503.374
-0.0014170456 504.574
-0.0014168456 505.374
-0.0014166456 507.373
-0.0014164456 507.373
-0.0014162456 507.773
-0.0014160456 505.374
-0.0014158456 505.773
-0.0014156456 506.573
-0.0014154456 505.773
-0.0014152456 504.574
-0.0014150456 503.774
-0.0014148456 506.973
-0.0014146456 504.574
-0.0014144456 508.172
-0.0014142456 506.573
-0.0014140456 504.174
-0.0014138456 504.574
-0.0014136456 506.973
-0.0014134456 506.173
-0.0014132456 506.973
-0.0014130456 507.373
-0.0014128456 506.573
-0.0014126456 508.172
-0.0014124456 506.173
-0.0014122456 505.374
-0.0014120456 509.772
-0.0014118456 506.573
-0.0014116456 505.773
-0.0014114456 506.173
-0.0014112456 506.973
-0.0014110456 506.573
-0.0014108456 505.773
-0.0014106456 505.374
-0.0014104456 507.373
-0.0014102456 508.172
-0.0014100456 503.374
-0.0014098456 506.573
-0.0014096456 507.773
-0.0014094456 506.573
-0.0014092456 505.374
-0.0014090456 506.973
-0.0014088456 509.372
-0.0014086456 504.174
-0.0014084456 504.974
-0.0014082456 506.973
-0.0014080456 502.975
-0.0014078456 504.974
-0.0014076456 506.173
-0.0014074456 505.773
-0.0014072456 506.973
-0.0014070456 506.173
-0.0014068456 506.973
-0.0014066456 508.172
-0.0014064456 505.374
-0.0014062456 508.172
-0.0014060456 506.573
-0.0014058456 506.973
-0.0014056456 506.573
-0.0014054456 507.373
-0.0014052456 508.972
-0.0014050456 505.773
-0.0014048456 509.772
-0.0014046456 505.773
-0.0014044456 508.972
-0.0014042456 505.773
-0.0014040456 507.773
-0.0014038456 507.373
-0.0014036456 505.773
-0.0014034456 508.172
-0.0014032456 506.973
-0.0014030456 505.374
-0.0014028456 505.773
-0.0014026456 504.174
-0.0014024456 506.173
-0.0014022456 506.173
-0.0014020456 508.572
-0.0014018456 506.573
-0.0014016456 506.173
-0.0014014456 508.172
-0.0014012456 506.973
-0.0014010456 506.573
-0.0014008456 506.973
-0.0014006456 505.374
-0.0014004456 506.973
-0.0014002456 506.973
-0.0014000456 506.173
-0.0013998456 507.373
-0.0013996456 506.973
-0.0013994456 506.973
-0.0013992456 507.373
-0.0013990456 506.973
-0.0013988456 508.172
-0.0013986456 506.573
-0.0013984456 506.173
-0.0013982456 506.973
-0.0013980456 508.172
-0.0013978456 508.172
-0.0013976456 507.373
-0.0013974456 507.773
-0.0013972456 506.973
-0.0013970456 507.373
-0.0013968456 507.773
-0.0013966456 507.373
-0.0013964456 507.773
-0.0013962456 505.773
-0.0013960456 506.573
-0.0013958456 506.573
-0.0013956456 508.172
-0.0013954456 504.974
-0.0013952456 505.773
-0.0013950456 506.973
-0.0013948456 507.373
-0.0013946456 506.973
-0.0013944456 509.372
-0.0013942456 509.372
-0.0013940456 507.373
-0.0013938456 506.573
-0.0013936456 508.172
-0.0013934456 504.974
-0.0013932456 508.172
-0.0013930456 509.772
-0.0013928456 506.973
-0.0013926456 508.172
-0.0013924456 509.372
-0.0013922456 507.773
-0.0013920456 506.573
-0.0013918456 504.974
-0.0013916456 506.573
-0.0013914456 504.974
-0.0013912456 506.173
-0.0013910456 505.773
-0.0013908456 506.173
-0.0013906456 507.773
-0.0013904456 506.973
-0.0013902456 507.773
-0.0013900456 504.974
-0.0013898456 506.973
-0.0013896456 507.373
-0.0013894456 508.972
-0.0013892456 506.173
-0.0013890456 509.372
-0.0013888456 507.373
-0.0013886456 509.772
-0.0013884456 504.974
-0.0013882456 506.973
-0.0013880456 506.573
-0.0013878456 508.572
-0.0013876456 510.971
-0.0013874456 508.572
-0.0013872456 506.173
-0.0013870456 508.172
-0.0013868456 508.172
-0.0013866456 508.172
-0.0013864456 508.572
-0.0013862456 507.773
-0.0013860456 507.373
-0.0013858456 510.171
-0.0013856456 510.971
-0.0013854456 506.973
-0.0013852456 509.372
-0.0013850456 510.171
-0.0013848456 507.773
-0.0013846456 506.973
-0.0013844456 508.972
-0.0013842456 509.772
-0.0013840456 506.573
-0.0013838456 510.571
-0.0013836456 507.773
-0.0013834456 505.374
-0.0013832456 507.773
-0.0013830456 509.772
-0.0013828456 508.972
-0.0013826456 508.972
-0.0013824456 507.373
-0.0013822456 509.372
-0.0013820456 511.771
-0.0013818456 507.773
-0.0013816456 507.773
-0.0013814456 512.97
-0.0013812456 508.572
-0.0013810456 508.972
-0.0013808456 511.371
-0.0013806456 511.771
-0.0013804456 508.572
-0.0013802456 509.772
-0.0013800456 508.572
-0.0013798456 511.771
-0.0013796456 507.373
-0.0013794456 509.372
-0.0013792456 507.373
-0.0013790456 512.57
-0.0013788456 509.372
-0.0013786456 512.57
-0.0013784456 508.172
-0.0013782456 507.373
-0.0013780456 506.973
-0.0013778456 506.173
-0.0013776456 508.172
-0.0013774456 508.172
-0.0013772456 512.57
-0.0013770456 510.971
-0.0013768456 508.972
-0.0013766456 512.57
-0.0013764456 509.772
-0.0013762456 512.97
-0.0013760456 511.771
-0.0013758456 511.771
-0.0013756456 510.571
-0.0013754456 508.972
-0.0013752456 512.171
-0.0013750456 512.57
-0.0013748456 512.57
-0.0013746456 511.771
-0.0013744456 510.171
-0.0013742456 512.57
-0.0013740456 512.171
-0.0013738456 508.172
-0.0013736456 512.171
-0.0013734456 511.371
-0.0013732456 509.772
-0.0013730456 508.972
-0.0013728456 509.772
-0.0013726456 512.97
-0.0013724456 512.57
-0.0013722456 512.97
-0.0013720456 510.171
-0.0013718456 512.171
-0.0013716456 511.771
-0.0013714456 512.97
-0.0013712456 511.771
-0.0013710456 510.171
-0.0013708456 508.172
-0.0013706456 510.171
-0.0013704456 510.171
-0.0013702456 508.172
-0.0013700456 510.171
-0.0013698456 510.971
-0.0013696456 510.571
-0.0013694456 509.372
-0.0013692456 511.371
-0.0013690456 510.571
-0.0013688456 507.773
-0.0013686456 509.372
-0.0013684456 510.571
-0.0013682456 512.97
-0.0013680456 510.971
-0.0013678456 509.372
-0.0013676456 511.371
-0.0013674456 510.171
-0.0013672456 512.97
-0.0013670456 509.772
-0.0013668456 511.771
-0.0013666456 509.772
-0.0013664456 509.772
-0.0013662456 508.572
-0.0013660456 510.171
-0.0013658456 513.37
-0.0013656456 510.571
-0.0013654456 512.171
-0.0013652456 510.171
-0.0013650456 512.171
-0.0013648456 510.571
-0.0013646456 510.171
-0.0013644456 511.371
-0.0013642456 511.371
-0.0013640456 509.372
-0.0013638456 510.971
-0.0013636456 510.171
-0.0013634456 508.172
-0.0013632456 510.571
-0.0013630456 510.971
-0.0013628456 510.571
-0.0013626456 512.171
-0.0013624456 512.171
-0.0013622456 509.772
-0.0013620456 509.372
-0.0013618456 509.372
-0.0013616456 511.371
-0.0013614456 511.771
-0.0013612456 509.772
-0.0013610456 511.771
-0.0013608456 510.971
-0.0013606456 509.772
-0.0013604456 506.973
-0.0013602456 509.772
-0.0013600456 511.371
-0.0013598456 510.571
-0.0013596456 508.572
-0.0013594456 509.372
-0.0013592456 512.57
-0.0013590456 509.372
-0.0013588456 506.973
-0.0013586456 511.371
-0.0013584456 509.372
-0.0013582456 512.57
-0.0013580456 510.971
-0.0013578456 510.971
-0.0013576456 509.372
-0.0013574456 509.372
-0.0013572456 509.372
-0.0013570456 509.372
-0.0013568456 509.772
-0.0013566456 510.571
-0.0013564456 511.371
-0.0013562456 509.772
-0.0013560456 512.57
-0.0013558456 509.772
-0.0013556456 514.569
-0.0013554456 511.371
-0.0013552456 510.971
-0.0013550456 512.171
-0.0013548456 509.772
-0.0013546456 510.571
-0.0013544456 512.57
-0.0013542456 513.37
-0.0013540456 510.171
-0.0013538456 513.77
-0.0013536456 511.771
-0.0013534456 512.97
-0.0013532456 513.37
-0.0013530456 512.171
-0.0013528456 511.371
-0.0013526456 511.371
-0.0013524456 512.57
-0.0013522456 512.171
-0.0013520456 512.171
-0.0013518456 512.57
-0.0013516456 510.571
-0.0013514456 510.971
-0.0013512456 512.57
-0.0013510456 512.97
-0.0013508456 512.171
-0.0013506456 513.37
-0.0013504456 511.371
-0.0013502456 512.57
-0.0013500456 512.171
-0.0013498456 513.37
-0.0013496456 514.569
-0.0013494456 510.171
-0.0013492456 510.171
-0.0013490456 512.57
-0.0013488456 510.971
-0.0013486456 512.57
-0.0013484456 509.372
-0.0013482456 512.171
-0.0013480456 510.171
-0.0013478456 510.171
-0.0013476456 510.571
-0.0013474456 513.37
-0.0013472456 512.171
-0.0013470456 512.57
-0.0013468456 512.171
-0.0013466456 512.97
-0.0013464456 510.171
-0.0013462456 510.171
-0.0013460456 511.371
-0.0013458456 511.771
-0.0013456456 510.171
-0.0013454456 512.171
-0.0013452456 513.77
-0.0013450456 511.771
-0.0013448456 509.772
-0.0013446456 511.371
-0.0013444456 509.372
-0.0013442456 512.57
-0.0013440456 512.97
-0.0013438456 508.572
-0.0013436456 511.771
-0.0013434456 511.771
-0.0013432456 511.371
-0.0013430456 508.972
-0.0013428456 508.972
-0.0013426456 511.371
-0.0013424456 511.371
-0.0013422456 510.171
-0.0013420456 512.171
-0.0013418456 512.97
-0.0013416456 509.772
-0.0013414456 511.771
-0.0013412456 511.371
-0.0013410456 513.77
-0.0013408456 510.971
-0.0013406456 511.371
-0.0013404456 512.171
-0.0013402456 510.971
-0.0013400456 511.371
-0.0013398456 512.57
-0.0013396456 511.371
-0.0013394456 510.971
-0.0013392456 512.57
-0.0013390456 512.171
-0.0013388456 509.372
-0.0013386456 511.371
-0.0013384456 512.57
-0.0013382456 510.571
-0.0013380456 512.57
-0.0013378456 510.171
-0.0013376456 511.371
-0.0013374456 510.971
-0.0013372456 511.771
-0.0013370456 508.172
-0.0013368456 510.571
-0.0013366456 509.372
-0.0013364456 511.371
-0.0013362456 510.971
-0.0013360456 511.771
-0.0013358456 511.371
-0.0013356456 510.971
-0.0013354456 510.971
-0.0013352456 512.57
-0.0013350456 513.77
-0.0013348456 513.37
-0.0013346456 513.77
-0.0013344456 513.37
-0.0013342456 511.371
-0.0013340456 513.77
-0.0013338456 509.772
-0.0013336456 513.37
-0.0013334456 512.97
-0.0013332456 512.171
-0.0013330456 512.97
-0.0013328456 513.37
-0.0013326456 513.37
-0.0013324456 511.771
-0.0013322456 510.971
-0.0013320456 512.57
-0.0013318456 512.57
-0.0013316456 513.37
-0.0013314456 510.971
-0.0013312456 510.971
-0.0013310456 512.97
-0.0013308456 510.971
-0.0013306456 510.971
-0.0013304456 510.171
-0.0013302456 515.369
-0.0013300456 514.17
-0.0013298456 512.97
-0.0013296456 512.97
-0.0013294456 510.971
-0.0013292456 512.57
-0.0013290456 514.17
-0.0013288456 514.969
-0.0013286456 511.771
-0.0013284456 513.77
-0.0013282456 513.37
-0.0013280456 514.17
-0.0013278456 512.57
-0.0013276456 512.97
-0.0013274456 513.37
-0.0013272456 510.171
-0.0013270456 512.57
-0.0013268456 514.17
-0.0013266456 511.371
-0.0013264456 514.569
-0.0013262456 514.569
-0.0013260456 510.571
-0.0013258456 511.371
-0.0013256456 512.57
-0.0013254456 513.37
-0.0013252456 512.171
-0.0013250456 512.171
-0.0013248456 512.97
-0.0013246456 510.571
-0.0013244456 514.969
-0.0013242456 513.77
-0.0013240456 513.77
-0.0013238456 512.57
-0.0013236456 514.17
-0.0013234456 514.17
-0.0013232456 513.37
-0.0013230456 514.569
-0.0013228456 513.37
-0.0013226456 512.57
-0.0013224456 515.369
-0.0013222456 514.17
-0.0013220456 516.169
-0.0013218456 514.569
-0.0013216456 513.77
-0.0013214456 515.369
-0.0013212456 511.771
-0.0013210456 515.769
-0.0013208456 511.371
-0.0013206456 515.369
-0.0013204456 515.369
-0.0013202456 514.17
-0.0013200456 512.57
-0.0013198456 513.77
-0.0013196456 513.77
-0.0013194456 513.37
-0.0013192456 510.971
-0.0013190456 514.569
-0.0013188456 513.37
-0.0013186456 513.77
-0.0013184456 513.37
-0.0013182456 511.371
-0.0013180456 515.369
-0.0013178456 515.769
-0.0013176456 513.37
-0.0013174456 514.17
-0.0013172456 513.77
-0.0013170456 513.37
-0.0013168456 515.769
-0.0013166456 516.169
-0.0013164456 515.369
-0.0013162456 515.369
-0.0013160456 513.37
-0.0013158456 512.97
-0.0013156456 513.37
-0.0013154456 512.97
-0.0013152456 513.77
-0.0013150456 513.77
-0.0013148456 516.569
-0.0013146456 514.569
-0.0013144456 514.17
-0.0013142456 514.569
-0.0013140456 513.77
-0.0013138456 515.369
-0.0013136456 516.968
-0.0013134456 512.97
-0.0013132456 514.969
-0.0013130456 512.57
-0.0013128456 516.569
-0.0013126456 515.769
-0.0013124456 513.77
-0.0013122456 514.969
-0.0013120456 513.77
-0.0013118456 514.17
-0.0013116456 514.969
-0.0013114456 515.369
-0.0013112456 515.369
-0.0013110456 513.77
-0.0013108456 516.569
-0.0013106456 516.169
-0.0013104456 514.17
-0.0013102456 514.569
-0.0013100456 514.569
-0.0013098456 514.569
-0.0013096456 514.569
-0.0013094456 514.17
-0.0013092456 515.769
-0.0013090456 513.77
-0.0013088456 514.969
-0.0013086456 510.971
-0.0013084456 512.97
-0.0013082456 513.77
-0.0013080456 513.37
-0.0013078456 511.771
-0.0013076456 515.369
-0.0013074456 513.37
-0.0013072456 514.17
-0.0013070456 514.17
-0.0013068456 512.97
-0.0013066456 517.368
-0.0013064456 514.569
-0.0013062456 512.97
-0.0013060456 513.77
-0.0013058456 514.569
-0.0013056456 514.569
-0.0013054456 514.569
-0.0013052456 513.77
-0.0013050456 512.171
-0.0013048456 514.17
-0.0013046456 514.969
-0.0013044456 514.17
-0.0013042456 513.37
-0.0013040456 514.569
-0.0013038456 514.969
-0.0013036456 512.97
-0.0013034456 512.171
-0.0013032456 513.77
-0.0013030456 514.569
-0.0013028456 514.569
-0.0013026456 512.57
-0.0013024456 513.77
-0.0013022456 515.369
-0.0013020456 514.969
-0.0013018456 514.17
-0.0013016456 512.97
-0.0013014456 512.171
-0.0013012456 515.369
-0.0013010456 513.37
-0.0013008456 512.57
-0.0013006456 515.769
-0.0013004456 514.17
-0.0013002456 514.969
-0.0013000456 511.771
-0.0012998456 513.37
-0.0012996456 512.97
-0.0012994456 512.97
-0.0012992456 513.37
-0.0012990456 513.37
-0.0012988456 512.97
-0.0012986456 512.171
-0.0012984456 512.97
-0.0012982456 510.571
-0.0012980456 513.37
-0.0012978456 512.57
-0.0012976456 509.372
-0.0012974456 512.97
-0.0012972456 510.571
-0.0012970456 512.97
-0.0012968456 510.571
-0.0012966456 513.77
-0.0012964456 512.171
-0.0012962456 514.17
-0.0012960456 511.371
-0.0012958456 513.77
-0.0012956456 514.569
-0.0012954456 512.97
-0.0012952456 512.57
-0.0012950456 512.97
-0.0012948456 511.371
-0.0012946456 512.97
-0.0012944456 515.369
-0.0012942456 512.97
-0.0012940456 512.57
-0.0012938456 512.171
-0.0012936456 513.37
-0.0012934456 513.37
-0.0012932456 515.369
-0.0012930456 511.371
-0.0012928456 512.171
-0.0012926456 513.77
-0.0012924456 512.57
-0.0012922456 511.371
-0.0012920456 515.369
-0.0012918456 513.77
-0.0012916456 515.369
-0.0012914456 512.97
-0.0012912456 513.37
-0.0012910456 510.971
-0.0012908456 516.569
-0.0012906456 514.569
-0.0012904456 514.17
-0.0012902456 512.97
-0.0012900456 512.97
-0.0012898456 515.769
-0.0012896456 514.569
-0.0012894456 514.17
-0.0012892456 515.769
-0.0012890456 512.57
-0.0012888456 515.769
-0.0012886456 512.97
-0.0012884456 512.97
-0.0012882456 512.57
-0.0012880456 512.57
-0.0012878456 514.17
-0.0012876456 513.37
-0.0012874456 516.169
-0.0012872456 512.171
-0.0012870456 515.369
-0.0012868456 512.97
-0.0012866456 512.171
-0.0012864456 510.971
-0.0012862456 510.171
-0.0012860456 512.57
-0.0012858456 515.369
-0.0012856456 515.369
-0.0012854456 512.97
-0.0012852456 512.171
-0.0012850456 513.77
-0.0012848456 513.77
-0.0012846456 512.97
-0.0012844456 513.37
-0.0012842456 512.97
-0.0012840456 514.569
-0.0012838456 515.369
-0.0012836456 512.97
-0.0012834456 513.37
-0.0012832456 514.969
-0.0012830456 515.769
-0.0012828456 513.37
-0.0012826456 512.97
-0.0012824456 511.771
-0.0012822456 512.57
-0.0012820456 512.57
-0.0012818456 513.37
-0.0012816456 514.569
-0.0012814456 514.569
-0.0012812456 512.57
-0.0012810456 512.171
-0.0012808456 514.569
-0.0012806456 515.769
-0.0012804456 514.569
-0.0012802456 515.769
-0.0012800456 511.771
-0.0012798456 514.569
-0.0012796456 514.969
-0.0012794456 513.37
-0.0012792456 513.37
-0.0012790456 513.37
-0.0012788456 514.569
-0.0012786456 514.569
-0.0012784456 512.97
-0.0012782456 511.771
-0.0012780456 516.569
-0.0012778456 515.769
-0.0012776456 516.169
-0.0012774456 515.769
-0.0012772456 513.37
-0.0012770456 515.769
-0.0012768456 516.968
-0.0012766456 512.97
-0.0012764456 516.169
-0.0012762456 515.769
-0.0012760456 515.769
-0.0012758456 518.568
-0.0012756456 515.369
-0.0012754456 513.77
-0.0012752456 516.169
-0.0012750456 514.17
-0.0012748456 516.569
-0.0012746456 516.968
-0.0012744456 514.17
-0.0012742456 516.569
-0.0012740456 515.769
-0.0012738456 516.169
-0.0012736456 514.569
-0.0012734456 517.368
-0.0012732456 516.968
-0.0012730456 517.368
-0.0012728456 516.968
-0.0012726456 514.969
-0.0012724456 516.569
-0.0012722456 515.369
-0.0012720456 518.168
-0.0012718456 515.769
-0.0012716456 515.769
-0.0012714456 514.969
-0.0012712456 514.569
-0.0012710456 516.968
-0.0012708456 516.569
-0.0012706456 516.169
-0.0012704456 518.568
-0.0012702456 517.768
-0.0012700456 516.968
-0.0012698456 516.569
-0.0012696456 513.77
-0.0012694456 515.769
-0.0012692456 520.167
-0.0012690456 518.168
-0.0012688456 518.168
-0.0012686456 518.168
-0.0012684456 516.169
-0.0012682456 515.769
-0.0012680456 518.568
-0.0012678456 518.968
-0.0012676456 518.568
-0.0012674456 516.169
-0.0012672456 516.569
-0.0012670456 515.369
-0.0012668456 518.968
-0.0012666456 515.369
-0.0012664456 516.569
-0.0012662456 516.968
-0.0012660456 516.169
-0.0012658456 516.968
-0.0012656456 516.968
-0.0012654456 515.769
-0.0012652456 518.168
-0.0012650456 516.569
-0.0012648456 518.568
-0.0012646456 515.369
-0.0012644456 516.569
-0.0012642456 516.968
-0.0012640456 519.367
-0.0012638456 514.969
-0.0012636456 516.569
-0.0012634456 516.968
-0.0012632456 518.968
-0.0012630456 520.167
-0.0012628456 515.369
-0.0012626456 516.169
-0.0012624456 518.968
-0.0012622456 516.569
-0.0012620456 516.169
-0.0012618456 517.368
-0.0012616456 516.169
-0.0012614456 517.768
-0.0012612456 514.969
-0.0012610456 517.368
-0.0012608456 516.569
-0.0012606456 517.368
-0.0012604456 516.569
-0.0012602456 519.767
-0.0012600456 518.568
-0.0012598456 516.968
-0.0012596456 518.568
-0.0012594456 517.368
-0.0012592456 519.367
-0.0012590456 515.369
-0.0012588456 518.568
-0.0012586456 517.368
-0.0012584456 517.368
-0.0012582456 519.767
-0.0012580456 516.569
-0.0012578456 517.368
-0.0012576456 518.168
-0.0012574456 518.168
-0.0012572456 516.968
-0.0012570456 517.768
-0.0012568456 518.168
-0.0012566456 516.569
-0.0012564456 516.968
-0.0012562456 516.569
-0.0012560456 515.369
-0.0012558456 515.769
-0.0012556456 518.968
-0.0012554456 514.17
-0.0012552456 518.168
-0.0012550456 514.17
-0.0012548456 518.568
-0.0012546456 518.168
-0.0012544456 515.369
-0.0012542456 518.568
-0.0012540456 516.569
-0.0012538456 518.168
-0.0012536456 516.569
-0.0012534456 514.17
-0.0012532456 515.769
-0.0012530456 516.569
-0.0012528456 518.168
-0.0012526456 514.969
-0.0012524456 517.768
-0.0012522456 518.168
-0.0012520456 517.368
-0.0012518456 515.369
-0.0012516456 515.769
-0.0012514456 518.168
-0.0012512456 516.968
-0.0012510456 514.17
-0.0012508456 515.369
-0.0012506456 515.769
-0.0012504456 515.369
-0.0012502456 514.17
-0.0012500456 516.968
-0.0012498456 514.969
-0.0012496456 516.169
-0.0012494456 516.169
-0.0012492456 515.769
-0.0012490456 516.968
-0.0012488456 517.368
-0.0012486456 516.569
-0.0012484456 515.369
-0.0012482456 517.368
-0.0012480456 515.369
-0.0012478456 514.17
-0.0012476456 514.17
-0.0012474456 516.169
-0.0012472456 517.768
-0.0012470456 516.569
-0.0012468456 517.768
-0.0012466456 514.569
-0.0012464456 514.17
-0.0012462456 516.569
-0.0012460456 518.568
-0.0012458456 516.169
-0.0012456456 516.968
-0.0012454456 516.968
-0.0012452456 514.969
-0.0012450456 515.369
-0.0012448456 516.569
-0.0012446456 516.169
-0.0012444456 517.368
-0.0012442456 516.169
-0.0012440456 516.968
-0.0012438456 516.169
-0.0012436456 514.569
-0.0012434456 514.569
-0.0012432456 516.169
-0.0012430456 516.569
-0.0012428456 516.169
-0.0012426456 516.169
-0.0012424456 514.569
-0.0012422456 516.968
-0.0012420456 517.368
-0.0012418456 514.17
-0.0012416456 514.969
-0.0012414456 518.168
-0.0012412456 514.17
-0.0012410456 516.968
-0.0012408456 516.169
-0.0012406456 516.169
-0.0012404456 515.769
-0.0012402456 515.769
-0.0012400456 515.769
-0.0012398456 518.168
-0.0012396456 515.369
-0.0012394456 514.569
-0.0012392456 514.569
-0.0012390456 515.769
-0.0012388456 517.368
-0.0012386456 514.569
-0.0012384456 515.369
-0.0012382456 516.968
-0.0012380456 513.77
-0.0012378456 513.37
-0.0012376456 516.169
-0.0012374456 516.169
-0.0012372456 516.169
-0.0012370456 514.569
-0.0012368456 515.769
-0.0012366456 516.169
-0.0012364456 515.769
-0.0012362456 519.367
-0.0012360456 516.169
-0.0012358456 515.769
-0.0012356456 516.569
-0.0012354456 517.368
-0.0012352456 515.769
-0.0012350456 514.969
-0.0012348456 518.968
-0.0012346456 516.169
-0.0012344456 515.769
-0.0012342456 517.368
-0.0012340456 519.367
-0.0012338456 517.368
-0.0012336456 518.568
-0.0012334456 515.369
-0.0012332456 518.168
-0.0012330456 515.769
-0.0012328456 516.569
-0.0012326456 517.368
-0.0012324456 514.569
-0.0012322456 516.569
-0.0012320456 516.169
-0.0012318456 516.569
-0.0012316456 516.569
-0.0012314456 515.369
-0.0012312456 518.568
-0.0012310456 517.768
-0.0012308456 515.369
-0.0012306456 519.367
-0.0012304456 515.769
-0.0012302456 516.968
-0.0012300456 518.168
-0.0012298456 517.768
-0.0012296456 516.569
-0.0012294456 518.168
-0.0012292456 518.168
-0.0012290456 517.768
-0.0012288456 515.369
-0.0012286456 517.768
-0.0012284456 515.769
-0.0012282456 518.568
-0.0012280456 515.369
-0.0012278456 518.168
-0.0012276456 517.768
-0.0012274456 517.768
-0.0012272456 518.168
-0.0012270456 516.569
-0.0012268456 516.569
-0.0012266456 516.169
-0.0012264456 514.569
-0.0012262456 518.968
-0.0012260456 516.569
-0.0012258456 519.367
-0.0012256456 517.368
-0.0012254456 517.768
-0.0012252456 516.569
-0.0012250456 518.168
-0.0012248456 515.769
-0.0012246456 519.767
-0.0012244456 517.768
-0.0012242456 518.968
-0.0012240456 518.968
-0.0012238456 517.368
-0.0012236456 518.168
-0.0012234456 516.968
-0.0012232456 517.768
-0.0012230456 514.569
-0.0012228456 518.168
-0.0012226456 516.968
-0.0012224456 519.767
-0.0012222456 518.568
-0.0012220456 515.769
-0.0012218456 516.968
-0.0012216456 516.169
-0.0012214456 515.769
-0.0012212456 518.968
-0.0012210456 520.967
-0.0012208456 517.368
-0.0012206456 515.769
-0.0012204456 519.767
-0.0012202456 516.169
-0.0012200456 517.768
-0.0012198456 516.569
-0.0012196456 518.168
-0.0012194456 517.768
-0.0012192456 518.568
-0.0012190456 516.169
-0.0012188456 516.968
-0.0012186456 520.167
-0.0012184456 518.168
-0.0012182456 515.769
-0.0012180456 518.168
-0.0012178456 519.367
-0.0012176456 516.169
-0.0012174456 519.367
-0.0012172456 522.166
-0.0012170456 516.569
-0.0012168456 518.168
-0.0012166456 516.569
-0.0012164456 519.767
-0.0012162456 519.367
-0.0012160456 515.769
-0.0012158456 514.569
-0.0012156456 517.368
-0.0012154456 519.767
-0.0012152456 516.968
-0.0012150456 516.569
-0.0012148456 518.968
-0.0012146456 516.569
-0.0012144456 520.567
-0.0012142456 519.767
-0.0012140456 518.568
-0.0012138456 516.968
-0.0012136456 517.768
-0.0012134456 517.368
-0.0012132456 519.767
-0.0012130456 520.167
-0.0012128456 517.768
-0.0012126456 520.567
-0.0012124456 517.768
-0.0012122456 519.367
-0.0012120456 517.368
-0.0012118456 518.968
-0.0012116456 516.968
-0.0012114456 518.568
-0.0012112456 516.569
-0.0012110456 516.968
-0.0012108456 517.368
-0.0012106456 518.168
-0.0012104456 517.368
-0.0012102456 518.968
-0.0012100456 516.968
-0.0012098456 518.168
-0.0012096456 518.968
-0.0012094456 518.968
-0.0012092456 519.367
-0.0012090456 516.569
-0.0012088456 519.767
-0.0012086456 518.968
-0.0012084456 516.968
-0.0012082456 517.368
-0.0012080456 518.568
-0.0012078456 518.568
-0.0012076456 516.169
-0.0012074456 516.968
-0.0012072456 518.968
-0.0012070456 517.768
-0.0012068456 518.968
-0.0012066456 520.167
-0.0012064456 519.367
-0.0012062456 519.767
-0.0012060456 515.769
-0.0012058456 518.968
-0.0012056456 519.367
-0.0012054456 518.568
-0.0012052456 518.168
-0.0012050456 517.368
-0.0012048456 518.168
-0.0012046456 517.768
-0.0012044456 518.168
-0.0012042456 518.568
-0.0012040456 518.168
-0.0012038456 517.768
-0.0012036456 518.168
-0.0012034456 519.767
-0.0012032456 517.768
-0.0012030456 519.367
-0.0012028456 516.968
-0.0012026456 518.168
-0.0012024456 517.768
-0.0012022456 518.968
-0.0012020456 517.768
-0.0012018456 518.168
-0.0012016456 518.968
-0.0012014456 521.766
-0.0012012456 514.969
-0.0012010456 518.168
-0.0012008456 518.168
-0.0012006456 521.366
-0.0012004456 518.968
-0.0012002456 517.768
-0.0012000456 518.568
-0.0011998456 517.768
-0.0011996456 516.169
-0.0011994456 516.968
-0.0011992456 516.569
-0.0011990456 516.569
-0.0011988456 518.968
-0.0011986456 518.568
-0.0011984456 520.567
-0.0011982456 518.168
-0.0011980456 518.968
-0.0011978456 518.968
-0.0011976456 518.968
-0.0011974456 517.768
-0.0011972456 518.168
-0.0011970456 518.168
-0.0011968456 520.167
-0.0011966456 520.967
-0.0011964456 520.567
-0.0011962456 517.768
-0.0011960456 520.167
-0.0011958456 517.768
-0.0011956456 517.768
-0.0011954456 518.168
-0.0011952456 519.367
-0.0011950456 519.367
-0.0011948456 518.568
-0.0011946456 516.968
-0.0011944456 518.568
-0.0011942456 519.767
-0.0011940456 520.567
-0.0011938456 519.367
-0.0011936456 519.367
-0.0011934456 518.168
-0.0011932456 518.968
-0.0011930456 516.169
-0.0011928456 518.568
-0.0011926456 517.368
-0.0011924456 516.968
-0.0011922456 516.968
-0.0011920456 518.568
-0.0011918456 520.167
-0.0011916456 520.967
-0.0011914456 519.767
-0.0011912456 517.768
-0.0011910456 517.368
-0.0011908456 517.768
-0.0011906456 521.766
-0.0011904456 519.767
-0.0011902456 519.367
-0.0011900456 520.967
-0.0011898456 519.767
-0.0011896456 519.367
-0.0011894456 519.367
-0.0011892456 520.967
-0.0011890456 518.568
-0.0011888456 520.967
-0.0011886456 520.567
-0.0011884456 518.568
-0.0011882456 517.768
-0.0011880456 520.567
-0.0011878456 520.567
-0.0011876456 517.768
-0.0011874456 517.368
-0.0011872456 520.567
-0.0011870456 519.767
-0.0011868456 518.568
-0.0011866456 519.367
-0.0011864456 518.968
-0.0011862456 521.366
-0.0011860456 518.568
-0.0011858456 519.367
-0.0011856456 521.366
-0.0011854456 518.968
-0.0011852456 520.167
-0.0011850456 518.568
-0.0011848456 517.368
-0.0011846456 518.968
-0.0011844456 517.368
-0.0011842456 517.368
-0.0011840456 519.767
-0.0011838456 518.968
-0.0011836456 518.168
-0.0011834456 519.367
-0.0011832456 518.168
-0.0011830456 518.568
-0.0011828456 519.367
-0.0011826456 519.367
-0.0011824456 519.767
-0.0011822456 520.967
-0.0011820456 521.366
-0.0011818456 518.168
-0.0011816456 521.366
-0.0011814456 518.168
-0.0011812456 521.366
-0.0011810456 518.968
-0.0011808456 517.368
-0.0011806456 519.367
-0.0011804456 519.367
-0.0011802456 519.767
-0.0011800456 522.566
-0.0011798456 518.168
-0.0011796456 522.166
-0.0011794456 520.567
-0.0011792456 520.567
-0.0011790456 519.767
-0.0011788456 520.567
-0.0011786456 519.367
-0.0011784456 519.767
-0.0011782456 522.166
-0.0011780456 521.766
-0.0011778456 518.168
-0.0011776456 520.567
-0.0011774456 520.567
-0.0011772456 520.567
-0.0011770456 519.767
-0.0011768456 521.766
-0.0011766456 521.366
-0.0011764456 520.567
-0.0011762456 519.367
-0.0011760456 521.366
-0.0011758456 519.367
-0.0011756456 518.968
-0.0011754456 519.367
-0.0011752456 522.166
-0.0011750456 518.968
-0.0011748456 520.567
-0.0011746456 522.166
-0.0011744456 518.968
-0.0011742456 520.567
-0.0011740456 520.567
-0.0011738456 519.767
-0.0011736456 522.166
-0.0011734456 520.567
-0.0011732456 520.567
-0.0011730456 521.366
-0.0011728456 521.766
-0.0011726456 521.366
-0.0011724456 522.966
-0.0011722456 521.366
-0.0011720456 522.166
-0.0011718456 521.366
-0.0011716456 522.166
-0.0011714456 520.167
-0.0011712456 522.966
-0.0011710456 522.966
-0.0011708456 522.166
-0.0011706456 523.366
-0.0011704456 521.366
-0.0011702456 523.366
-0.0011700456 522.966
-0.0011698456 522.166
-0.0011696456 521.766
-0.0011694456 522.566
-0.0011692456 520.967
-0.0011690456 520.567
-0.0011688456 522.566
-0.0011686456 522.966
-0.0011684456 522.966
-0.0011682456 520.567
-0.0011680456 523.366
-0.0011678456 522.166
-0.0011676456 522.966
-0.0011674456 518.968
-0.0011672456 520.967
-0.0011670456 522.966
-0.0011668456 522.966
-0.0011666456 522.166
-0.0011664456 519.367
-0.0011662456 522.566
-0.0011660456 524.565
-0.0011658456 520.967
-0.0011656456 522.166
-0.0011654456 520.167
-0.0011652456 520.967
-0.0011650456 524.165
-0.0011648456 522.566
-0.0011646456 520.167
-0.0011644456 522.966
-0.0011642456 522.966
-0.0011640456 520.567
-0.0011638456 520.967
-0.0011636456 520.567
-0.0011634456 520.967
-0.0011632456 520.967
-0.0011630456 524.565
-0.0011628456 522.166
-0.0011626456 522.166
-0.0011624456 524.565
-0.0011622456 522.166
-0.0011620456 522.166
-0.0011618456 522.166
-0.0011616456 522.566
-0.0011614456 518.968
-0.0011612456 521.766
-0.0011610456 520.567
-0.0011608456 523.765
-0.0011606456 522.166
-0.0011604456 522.966
-0.0011602456 521.766
-0.0011600456 521.366
-0.0011598456 522.166
-0.0011596456 522.166
-0.0011594456 520.567
-0.0011592456 521.366
-0.0011590456 520.567
-0.0011588456 520.567
-0.0011586456 519.767
-0.0011584456 519.367
-0.0011582456 522.566
-0.0011580456 520.567
-0.0011578456 520.567
-0.0011576456 523.366
-0.0011574456 522.566
-0.0011572456 520.167
-0.0011570456 523.765
-0.0011568456 519.367
-0.0011566456 524.165
-0.0011564456 523.765
-0.0011562456 521.766
-0.0011560456 522.966
-0.0011558456 521.766
-0.0011556456 522.166
-0.0011554456 520.967
-0.0011552456 520.567
-0.0011550456 524.165
-0.0011548456 519.767
-0.0011546456 521.766
-0.0011544456 521.366
-0.0011542456 522.166
-0.0011540456 522.966
-0.0011538456 520.967
-0.0011536456 522.566
-0.0011534456 523.765
-0.0011532456 524.165
-0.0011530456 520.567
-0.0011528456 522.566
-0.0011526456 520.967
-0.0011524456 522.166
-0.0011522456 522.166
-0.0011520456 524.965
-0.0011518456 522.966
-0.0011516456 520.967
-0.0011514456 523.765
-0.0011512456 522.966
-0.0011510456 521.366
-0.0011508456 520.967
-0.0011506456 523.366
-0.0011504456 520.967
-0.0011502456 520.567
-0.0011500456 523.366
-0.0011498456 520.567
-0.0011496456 522.966
-0.0011494456 520.567
-0.0011492456 524.165
-0.0011490456 522.566
-0.0011488456 522.566
-0.0011486456 522.566
-0.0011484456 520.167
-0.0011482456 524.565
-0.0011480456 522.566
-0.0011478456 520.967
-0.0011476456 521.366
-0.0011474456 521.366
-0.0011472456 522.166
-0.0011470456 523.765
-0.0011468456 519.767
-0.0011466456 520.567
-0.0011464456 524.165
-0.0011462456 520.967
-0.0011460456 524.165
-0.0011458456 522.566
-0.0011456456 523.366
-0.0011454456 522.966
-0.0011452456 519.767
-0.0011450456 524.165
-0.0011448456 523.366
-0.0011446456 522.166
-0.0011444456 520.567
-0.0011442456 520.967
-0.0011440456 523.366
-0.0011438456 520.567
-0.0011436456 522.166
-0.0011434456 521.766
-0.0011432456 521.366
-0.0011430456 522.166
-0.0011428456 521.766
-0.0011426456 524.565
-0.0011424456 520.167
-0.0011422456 523.366
-0.0011420456 523.765
-0.0011418456 520.567
-0.0011416456 522.966
-0.0011414456 520.567
-0.0011412456 521.766
-0.0011410456 522.166
-0.0011408456 522.166
-0.0011406456 523.765
-0.0011404456 522.566
-0.0011402456 523.366
-0.0011400456 523.366
-0.0011398456 521.766
-0.0011396456 521.366
-0.0011394456 524.565
-0.0011392456 521.366
-0.0011390456 522.566
-0.0011388456 524.565
-0.0011386456 523.765
-0.0011384456 520.567
-0.0011382456 520.567
-0.0011380456 523.366
-0.0011378456 522.566
-0.0011376456 521.766
-0.0011374456 521.766
-0.0011372456 521.366
-0.0011370456 521.766
-0.0011368456 524.165
-0.0011366456 520.967
-0.0011364456 524.965
-0.0011362456 521.366
-0.0011360456 520.567
-0.0011358456 522.566
-0.0011356456 522.166
-0.0011354456 522.966
-0.0011352456 520.967
-0.0011350456 521.366
-0.0011348456 524.165
-0.0011346456 519.367
-0.0011344456 520.967
-0.0011342456 523.765
-0.0011340456 523.366
-0.0011338456 520.967
-0.0011336456 521.366
-0.0011334456 520.967
-0.0011332456 519.367
-0.0011330456 524.165
-0.0011328456 522.166
-0.0011326456 519.367
-0.0011324456 523.765
-0.0011322456 520.567
-0.0011320456 522.966
-0.0011318456 520.967
-0.0011316456 519.367
-0.0011314456 522.166
-0.0011312456 524.165
-0.0011310456 520.967
-0.0011308456 523.366
-0.0011306456 521.366
-0.0011304456 518.568
-0.0011302456 521.766
-0.0011300456 521.366
-0.0011298456 523.366
-0.0011296456 520.567
-0.0011294456 521.366
-0.0011292456 521.366
-0.0011290456 521.766
-0.0011288456 521.366
-0.0011286456 520.967
-0.0011284456 521.366
-0.0011282456 518.968
-0.0011280456 518.968
-0.0011278456 519.767
-0.0011276456 519.367
-0.0011274456 519.767
-0.0011272456 521.366
-0.0011270456 522.566
-0.0011268456 522.166
-0.0011266456 520.167
-0.0011264456 518.568
-0.0011262456 519.367
-0.0011260456 520.967
-0.0011258456 521.766
-0.0011256456 521.766
-0.0011254456 520.967
-0.0011252456 520.967
-0.0011250456 522.166
-0.0011248456 520.567
-0.0011246456 522.966
-0.0011244456 522.166
-0.0011242456 520.567
-0.0011240456 520.967
-0.0011238456 521.766
-0.0011236456 520.567
-0.0011234456 520.567
-0.0011232456 523.366
-0.0011230456 521.366
-0.0011228456 522.966
-0.0011226456 521.366
-0.0011224456 520.967
-0.0011222456 521.366
-0.0011220456 524.165
-0.0011218456 519.767
-0.0011216456 522.166
-0.0011214456 519.767
-0.0011212456 521.366
-0.0011210456 522.566
-0.0011208456 522.566
-0.0011206456 523.765
-0.0011204456 522.566
-0.0011202456 522.166
-0.0011200456 522.966
-0.0011198456 520.167
-0.0011196456 520.167
-0.0011194456 521.766
-0.0011192456 522.566
-0.0011190456 522.166
-0.0011188456 520.567
-0.0011186456 520.567
-0.0011184456 522.966
-0.0011182456 521.366
-0.0011180456 521.366
-0.0011178456 522.566
-0.0011176456 522.166
-0.0011174456 520.567
-0.0011172456 520.967
-0.0011170456 522.566
-0.0011168456 523.366
-0.0011166456 524.565
-0.0011164456 521.366
-0.0011162456 520.167
-0.0011160456 523.366
-0.0011158456 521.366
-0.0011156456 522.566
-0.0011154456 522.566
-0.0011152456 519.767
-0.0011150456 523.765
-0.0011148456 522.166
-0.0011146456 522.566
-0.0011144456 521.766
-0.0011142456 518.568
-0.0011140456 521.766
-0.0011138456 520.967
-0.0011136456 524.965
-0.0011134456 523.366
-0.0011132456 524.165
-0.0011130456 520.967
-0.0011128456 521.366
-0.0011126456 523.765
-0.0011124456 522.166
-0.0011122456 519.367
-0.0011120456 522.166
-0.0011118456 520.567
-0.0011116456 520.967
-0.0011114456 521.766
-0.0011112456 521.366
-0.0011110456 522.566
-0.0011108456 523.765
-0.0011106456 524.165
-0.0011104456 523.366
-0.0011102456 520.567
-0.0011100456 521.766
-0.0011098456 521.766
-0.0011096456 522.966
-0.0011094456 520.967
-0.0011092456 521.766
-0.0011090456 522.966
-0.0011088456 520.967
-0.0011086456 521.766
-0.0011084456 523.366
-0.0011082456 520.567
-0.0011080456 521.366
-0.0011078456 520.967
-0.0011076456 522.966
-0.0011074456 519.767
-0.0011072456 523.765
-0.0011070456 520.567
-0.0011068456 522.166
-0.0011066456 521.766
-0.0011064456 521.766
-0.0011062456 523.765
-0.0011060456 522.966
-0.0011058456 522.566
-0.0011056456 522.966
-0.0011054456 521.366
-0.0011052456 523.765
-0.0011050456 520.967
-0.0011048456 522.566
-0.0011046456 524.165
-0.0011044456 522.966
-0.0011042456 521.766
-0.0011040456 524.165
-0.0011038456 522.166
-0.0011036456 524.165
-0.0011034456 521.366
-0.0011032456 522.566
-0.0011030456 524.565
-0.0011028456 522.566
-0.0011026456 520.567
-0.0011024456 523.765
-0.0011022456 520.967
-0.0011020456 520.967
-0.0011018456 520.967
-0.0011016456 522.166
-0.0011014456 522.966
-0.0011012456 522.166
-0.0011010456 521.366
-0.0011008456 520.967
-0.0011006456 521.766
-0.0011004456 521.366
-0.0011002456 520.167
-0.0011000456 523.765
-0.0010998456 520.567
-0.0010996456 520.967
-0.0010994456 522.166
-0.0010992456 521.766
-0.0010990456 519.367
-0.0010988456 520.567
-0.0010986456 521.366
-0.0010984456 520.967
-0.0010982456 521.766
-0.0010980456 519.767
-0.0010978456 522.966
-0.0010976456 521.766
-0.0010974456 521.366
-0.0010972456 522.966
-0.0010970456 520.567
-0.0010968456 521.366
-0.0010966456 524.165
-0.0010964456 521.366
-0.0010962456 521.766
-0.0010960456 520.167
-0.0010958456 520.567
-0.0010956456 521.366
-0.0010954456 518.568
-0.0010952456 520.567
-0.0010950456 520.167
-0.0010948456 521.766
-0.0010946456 521.766
-0.0010944456 520.967
-0.0010942456 520.567
-0.0010940456 522.166
-0.0010938456 522.566
-0.0010936456 522.966
-0.0010934456 520.967
-0.0010932456 521.766
-0.0010930456 523.366
-0.0010928456 522.166
-0.0010926456 519.367
-0.0010924456 521.366
-0.0010922456 522.966
-0.0010920456 521.366
-0.0010918456 522.566
-0.0010916456 520.567
-0.0010914456 520.967
-0.0010912456 521.766
-0.0010910456 522.566
-0.0010908456 520.567
-0.0010906456 524.165
-0.0010904456 519.767
-0.0010902456 520.967
-0.0010900456 521.766
-0.0010898456 519.767
-0.0010896456 519.367
-0.0010894456 521.366
-0.0010892456 521.766
-0.0010890456 522.966
-0.0010888456 519.367
-0.0010886456 519.767
-0.0010884456 519.767
-0.0010882456 520.567
-0.0010880456 523.765
-0.0010878456 519.367
-0.0010876456 521.766
-0.0010874456 518.568
-0.0010872456 521.366
-0.0010870456 521.766
-0.0010868456 521.766
-0.0010866456 518.168
-0.0010864456 519.767
-0.0010862456 523.366
-0.0010860456 519.767
-0.0010858456 518.168
-0.0010856456 520.167
-0.0010854456 518.968
-0.0010852456 519.367
-0.0010850456 518.168
-0.0010848456 519.767
-0.0010846456 518.968
-0.0010844456 521.366
-0.0010842456 522.966
-0.0010840456 520.967
-0.0010838456 518.568
-0.0010836456 518.168
-0.0010834456 519.367
-0.0010832456 520.967
-0.0010830456 520.967
-0.0010828456 520.167
-0.0010826456 520.167
-0.0010824456 520.567
-0.0010822456 519.367
-0.0010820456 521.366
-0.0010818456 520.967
-0.0010816456 520.167
-0.0010814456 518.968
-0.0010812456 519.767
-0.0010810456 518.968
-0.0010808456 520.967
-0.0010806456 520.967
-0.0010804456 518.968
-0.0010802456 518.168
-0.0010800456 521.366
-0.0010798456 518.568
-0.0010796456 521.366
-0.0010794456 522.566
-0.0010792456 519.367
-0.0010790456 518.168
-0.0010788456 521.366
-0.0010786456 519.767
-0.0010784456 518.168
-0.0010782456 519.367
-0.0010780456 520.167
-0.0010778456 517.368
-0.0010776456 518.968
-0.0010774456 520.967
-0.0010772456 519.367
-0.0010770456 519.367
-0.0010768456 517.368
-0.0010766456 520.167
-0.0010764456 517.368
-0.0010762456 519.367
-0.0010760456 517.768
-0.0010758456 519.367
-0.0010756456 518.968
-0.0010754456 518.968
-0.0010752456 517.768
-0.0010750456 520.567
-0.0010748456 519.767
-0.0010746456 519.367
-0.0010744456 518.168
-0.0010742456 519.367
-0.0010740456 518.568
-0.0010738456 518.968
-0.0010736456 516.169
-0.0010734456 520.167
-0.0010732456 518.968
-0.0010730456 519.767
-0.0010728456 518.168
-0.0010726456 517.368
-0.0010724456 518.968
-0.0010722456 518.568
-0.0010720456 518.968
-0.0010718456 516.968
-0.0010716456 520.567
-0.0010714456 518.968
-0.0010712456 518.568
-0.0010710456 518.568
-0.0010708456 520.167
-0.0010706456 517.768
-0.0010704456 516.968
-0.0010702456 517.368
-0.0010700456 516.169
-0.0010698456 520.967
-0.0010696456 519.367
-0.0010694456 518.168
-0.0010692456 518.168
-0.0010690456 520.567
-0.0010688456 520.167
-0.0010686456 517.768
-0.0010684456 518.968
-0.0010682456 518.168
-0.0010680456 516.169
-0.0010678456 518.168
-0.0010676456 520.967
-0.0010674456 516.968
-0.0010672456 517.368
-0.0010670456 517.768
-0.0010668456 518.168
-0.0010666456 519.767
-0.0010664456 516.569
-0.0010662456 514.969
-0.0010660456 517.368
-0.0010658456 515.369
-0.0010656456 517.368
-0.0010654456 519.767
-0.0010652456 517.368
-0.0010650456 517.368
-0.0010648456 516.169
-0.0010646456 517.768
-0.0010644456 517.768
-0.0010642456 515.769
-0.0010640456 518.968
-0.0010638456 517.768
-0.0010636456 518.168
-0.0010634456 517.368
-0.0010632456 516.569
-0.0010630456 516.569
-0.0010628456 515.769
-0.0010626456 517.768
-0.0010624456 516.569
-0.0010622456 518.968
-0.0010620456 518.168
-0.0010618456 516.569
-0.0010616456 518.568
-0.0010614456 516.169
-0.0010612456 517.768
-0.0010610456 516.968
-0.0010608456 519.767
-0.0010606456 520.167
-0.0010604456 516.569
-0.0010602456 516.968
-0.0010600456 518.168
-0.0010598456 517.368
-0.0010596456 516.569
-0.0010594456 516.968
-0.0010592456 515.369
-0.0010590456 519.767
-0.0010588456 515.369
-0.0010586456 517.368
-0.0010584456 516.968
-0.0010582456 517.368
-0.0010580456 516.169
-0.0010578456 516.569
-0.0010576456 516.968
-0.0010574456 517.768
-0.0010572456 516.569
-0.0010570456 514.969
-0.0010568456 516.569
-0.0010566456 516.569
-0.0010564456 516.169
-0.0010562456 515.369
-0.0010560456 515.769
-0.0010558456 515.769
-0.0010556456 516.569
-0.0010554456 516.169
-0.0010552456 517.368
-0.0010550456 516.968
-0.0010548456 517.768
-0.0010546456 514.969
-0.0010544456 512.57
-0.0010542456 515.369
-0.0010540456 518.168
-0.0010538456 514.569
-0.0010536456 513.37
-0.0010534456 517.768
-0.0010532456 515.769
-0.0010530456 515.769
-0.0010528456 516.968
-0.0010526456 514.969
-0.0010524456 518.168
-0.0010522456 518.968
-0.0010520456 517.768
-0.0010518456 515.369
-0.0010516456 517.768
-0.0010514456 516.968
-0.0010512456 518.968
-0.0010510456 519.767
-0.0010508456 519.767
-0.0010506456 517.368
-0.0010504456 516.569
-0.0010502456 516.569
-0.0010500456 517.368
-0.0010498456 515.369
-0.0010496456 516.569
-0.0010494456 517.768
-0.0010492456 515.769
-0.0010490456 514.17
-0.0010488456 516.569
-0.0010486456 516.169
-0.0010484456 516.169
-0.0010482456 518.568
-0.0010480456 516.569
-0.0010478456 515.769
-0.0010476456 516.569
-0.0010474456 516.968
-0.0010472456 518.168
-0.0010470456 516.968
-0.0010468456 516.169
-0.0010466456 516.968
-0.0010464456 516.569
-0.0010462456 517.368
-0.0010460456 516.169
-0.0010458456 515.769
-0.0010456456 515.769
-0.0010454456 518.168
-0.0010452456 515.369
-0.0010450456 516.968
-0.0010448456 517.368
-0.0010446456 516.968
-0.0010444456 517.368
-0.0010442456 516.569
-0.0010440456 514.969
-0.0010438456 516.169
-0.0010436456 518.968
-0.0010434456 514.969
-0.0010432456 516.569
-0.0010430456 517.368
-0.0010428456 518.568
-0.0010426456 517.368
-0.0010424456 514.969
-0.0010422456 515.769
-0.0010420456 516.968
-0.0010418456 515.769
-0.0010416456 516.569
-0.0010414456 516.569
-0.0010412456 514.569
-0.0010410456 518.568
-0.0010408456 516.569
-0.0010406456 516.569
-0.0010404456 512.97
-0.0010402456 512.171
-0.0010400456 516.569
-0.0010398456 515.769
-0.0010396456 517.368
-0.0010394456 516.968
-0.0010392456 514.569
-0.0010390456 515.769
-0.0010388456 513.37
-0.0010386456 515.369
-0.0010384456 516.569
-0.0010382456 515.369
-0.0010380456 515.369
-0.0010378456 513.77
-0.0010376456 515.769
-0.0010374456 514.569
-0.0010372456 514.569
-0.0010370456 514.569
-0.0010368456 512.97
-0.0010366456 517.368
-0.0010364456 514.569
-0.0010362456 514.969
-0.0010360456 512.57
-0.0010358456 515.369
-0.0010356456 512.57
-0.0010354456 515.769
-0.0010352456 514.969
-0.0010350456 514.17
-0.0010348456 518.968
-0.0010346456 516.169
-0.0010344456 512.97
-0.0010342456 512.97
-0.0010340456 514.569
-0.0010338456 514.569
-0.0010336456 511.371
-0.0010334456 512.57
-0.0010332456 514.17
-0.0010330456 513.77
-0.0010328456 513.37
-0.0010326456 514.569
-0.0010324456 513.37
-0.0010322456 512.57
-0.0010320456 512.57
-0.0010318456 514.969
-0.0010316456 514.969
-0.0010314456 514.17
-0.0010312456 512.171
-0.0010310456 514.569
-0.0010308456 512.171
-0.0010306456 512.97
-0.0010304456 514.17
-0.0010302456 510.171
-0.0010300456 512.97
-0.0010298456 513.77
-0.0010296456 512.57
-0.0010294456 511.771
-0.0010292456 514.17
-0.0010290456 511.771
-0.0010288456 509.772
-0.0010286456 510.971
-0.0010284456 510.971
-0.0010282456 512.97
-0.0010280456 515.369
-0.0010278456 511.371
-0.0010276456 512.171
-0.0010274456 512.171
-0.0010272456 510.571
-0.0010270456 512.57
-0.0010268456 511.371
-0.0010266456 511.371
-0.0010264456 513.37
-0.0010262456 511.771
-0.0010260456 510.971
-0.0010258456 512.57
-0.0010256456 513.37
-0.0010254456 512.57
-0.0010252456 514.569
-0.0010250456 511.771
-0.0010248456 510.971
-0.0010246456 511.771
-0.0010244456 512.171
-0.0010242456 510.571
-0.0010240456 510.171
-0.0010238456 510.171
-0.0010236456 512.97
-0.0010234456 508.572
-0.0010232456 510.971
-0.0010230456 510.971
-0.0010228456 511.371
-0.0010226456 510.971
-0.0010224456 512.171
-0.0010222456 512.171
-0.0010220456 509.372
-0.0010218456 509.772
-0.0010216456 506.973
-0.0010214456 508.172
-0.0010212456 509.772
-0.0010210456 510.971
-0.0010208456 510.971
-0.0010206456 509.372
-0.0010204456 509.372
-0.0010202456 511.771
-0.0010200456 510.971
-0.0010198456 508.172
-0.0010196456 510.571
-0.0010194456 510.971
-0.0010192456 506.973
-0.0010190456 512.57
-0.0010188456 509.372
-0.0010186456 509.372
-0.0010184456 508.972
-0.0010182456 508.972
-0.0010180456 508.572
-0.0010178456 510.971
-0.0010176456 509.372
-0.0010174456 510.971
-0.0010172456 508.972
-0.0010170456 512.171
-0.0010168456 509.772
-0.0010166456 509.372
-0.0010164456 509.372
-0.0010162456 510.971
-0.0010160456 508.172
-0.0010158456 509.372
-0.0010156456 509.372
-0.0010154456 508.972
-0.0010152456 507.773
-0.0010150456 510.571
-0.0010148456 507.373
-0.0010146456 507.773
-0.0010144456 506.973
-0.0010142456 509.372
-0.0010140456 508.572
-0.0010138456 507.773
-0.0010136456 507.773
-0.0010134456 509.372
-0.0010132456 506.973
-0.0010130456 508.572
-0.0010128456 509.372
-0.0010126456 506.573
-0.0010124456 506.573
-0.0010122456 506.573
-0.0010120456 506.573
-0.0010118456 507.373
-0.0010116456 506.973
-0.0010114456 509.772
-0.0010112456 507.373
-0.0010110456 507.773
-0.0010108456 509.372
-0.0010106456 507.373
-0.0010104456 506.973
-0.0010102456 506.973
-0.0010100456 506.173
-0.0010098456 506.173
-0.0010096456 507.773
-0.0010094456 506.973
-0.0010092456 506.173
-0.0010090456 507.773
-0.0010088456 505.773
-0.0010086456 505.773
-0.0010084456 504.574
-0.0010082456 506.573
-0.0010080456 504.974
-0.0010078456 509.372
-0.0010076456 507.373
-0.0010074456 508.172
-0.0010072456 506.573
-0.0010070456 507.373
-0.0010068456 507.373
-0.0010066456 506.973
-0.0010064456 508.572
-0.0010062456 506.173
-0.0010060456 504.974
-0.0010058456 507.373
-0.0010056456 505.773
-0.0010054456 506.973
-0.0010052456 506.973
-0.0010050456 508.572
-0.0010048456 507.373
-0.0010046456 504.974
-0.0010044456 506.573
-0.0010042456 508.172
-0.0010040456 506.973
-0.0010038456 504.974
-0.0010036456 509.372
-0.0010034456 506.173
-0.0010032456 505.773
-0.0010030456 504.574
-0.0010028456 506.573
-0.0010026456 505.773
-0.0010024456 508.972
-0.0010022456 504.974
-0.0010020456 506.573
-0.0010018456 505.773
-0.0010016456 505.374
-0.0010014456 506.573
-0.0010012456 506.573
-0.0010010456 504.574
-0.0010008456 506.573
-0.0010006456 506.173
-0.0010004456 503.774
-0.0010002456 505.374
-0.0010000456 506.973
-0.00099984563 504.974
-0.00099964563 507.773
-0.00099944563 504.974
-0.00099924563 504.174
-0.00099904563 508.172
-0.00099884563 504.574
-0.00099864563 504.574
-0.00099844563 506.173
-0.00099824563 502.575
-0.00099804563 506.573
-0.00099784563 504.974
-0.00099764563 505.773
-0.00099744563 505.374
-0.00099724563 505.374
-0.00099704563 506.173
-0.00099684563 505.374
-0.00099664563 503.374
-0.00099644563 503.774
-0.00099624563 505.773
-0.00099604563 504.974
-0.00099584563 505.374
-0.00099564563 505.773
-0.00099544563 505.374
-0.00099524563 505.773
-0.00099504563 505.773
-0.00099484563 504.174
-0.00099464563 504.974
-0.00099444563 506.573
-0.00099424563 506.173
-0.00099404563 504.974
-0.00099384563 502.575
-0.00099364563 502.975
-0.00099344563 505.773
-0.00099324563 504.574
-0.00099304563 506.573
-0.00099284563 504.574
-0.00099264563 503.374
-0.00099244563 502.975
-0.00099224563 504.574
-0.00099204563 504.574
-0.00099184563 506.173
-0.00099164563 505.773
-0.00099144563 503.774
-0.00099124563 507.373
-0.00099104563 506.173
-0.00099084563 504.174
-0.00099064563 505.773
-0.00099044563 506.973
-0.00099024563 502.175
-0.00099004563 504.974
-0.00098984563 504.174
-0.00098964563 502.175
-0.00098944563 503.374
-0.00098924563 502.575
-0.00098904563 504.174
-0.00098884563 502.575
-0.00098864563 503.374
-0.00098844563 505.374
-0.00098824563 503.774
-0.00098804563 503.774
-0.00098784563 503.374
-0.00098764563 501.775
-0.00098744563 503.374
-0.00098724563 501.775
-0.00098704563 501.775
-0.00098684563 500.576
-0.00098664563 503.774
-0.00098644563 504.974
-0.00098624563 499.376
-0.00098604563 503.774
-0.00098584563 501.775
-0.00098564563 501.375
-0.00098544563 504.174
-0.00098524563 501.375
-0.00098504563 502.975
-0.00098484563 504.174
-0.00098464563 503.374
-0.00098444563 501.375
-0.00098424563 502.575
-0.00098404563 502.575
-0.00098384563 502.575
-0.00098364563 501.375
-0.00098344563 500.976
-0.00098324563 504.174
-0.00098304563 504.174
-0.00098284563 504.174
-0.00098264563 502.575
-0.00098244563 500.576
-0.00098224563 503.374
-0.00098204563 502.975
-0.00098184563 502.575
-0.00098164563 502.575
-0.00098144563 502.975
-0.00098124563 502.575
-0.00098104563 504.174
-0.00098084563 501.375
-0.00098064563 503.374
-0.00098044563 504.574
-0.00098024563 500.976
-0.00098004563 502.575
-0.00097984563 501.775
-0.00097964563 501.775
-0.00097944563 501.775
-0.00097924563 501.375
-0.00097904563 503.374
-0.00097884563 504.174
-0.00097864563 502.975
-0.00097844563 502.175
-0.00097824563 501.375
-0.00097804563 500.576
-0.00097784563 499.376
-0.00097764563 500.576
-0.00097744563 500.576
-0.00097724563 500.176
-0.00097704563 498.577
-0.00097684563 500.576
-0.00097664563 502.175
-0.00097644563 502.175
-0.00097624563 503.374
-0.00097604563 500.976
-0.00097584563 503.374
-0.00097564563 501.775
-0.00097544563 500.576
-0.00097524563 503.374
-0.00097504563 499.376
-0.00097484563 502.575
-0.00097464563 500.576
-0.00097444563 502.175
-0.00097424563 502.975
-0.00097404563 501.775
-0.00097384563 504.574
-0.00097364563 501.375
-0.00097344563 500.976
-0.00097324563 500.976
-0.00097304563 498.976
-0.00097284563 501.775
-0.00097264563 500.576
-0.00097244563 503.774
-0.00097224563 500.176
-0.00097204563 500.176
-0.00097184563 499.376
-0.00097164563 501.775
-0.00097144563 501.375
-0.00097124563 503.774
-0.00097104563 502.175
-0.00097084563 503.774
-0.00097064563 500.976
-0.00097044563 501.775
-0.00097024563 501.775
-0.00097004563 501.375
-0.00096984563 501.775
-0.00096964563 500.576
-0.00096944563 500.176
-0.00096924563 500.576
-0.00096904563 502.575
-0.00096884563 500.976
-0.00096864563 503.374
-0.00096844563 502.575
-0.00096824563 499.776
-0.00096804563 502.175
-0.00096784563 504.174
-0.00096764563 500.176
-0.00096744563 497.377
-0.00096724563 500.176
-0.00096704563 502.575
-0.00096684563 501.775
-0.00096664563 500.576
-0.00096644563 500.976
-0.00096624563 502.575
-0.00096604563 502.575
-0.00096584563 499.376
-0.00096564563 500.976
-0.00096544563 499.776
-0.00096524563 502.975
-0.00096504563 500.976
-0.00096484563 498.177
-0.00096464563 500.176
-0.00096444563 501.375
-0.00096424563 503.374
-0.00096404563 502.175
-0.00096384563 501.775
-0.00096364563 500.176
-0.00096344563 501.775
-0.00096324563 501.375
-0.00096304563 501.375
-0.00096284563 498.577
-0.00096264563 500.976
-0.00096244563 501.775
-0.00096224563 499.776
-0.00096204563 499.776
-0.00096184563 499.776
-0.00096164563 498.177
-0.00096144563 500.976
-0.00096124563 500.176
-0.00096104563 502.575
-0.00096084563 501.775
-0.00096064563 500.976
-0.00096044563 503.774
-0.00096024563 498.177
-0.00096004563 501.775
-0.00095984563 501.775
-0.00095964563 499.376
-0.00095944563 498.577
-0.00095924563 499.376
-0.00095904563 501.775
-0.00095884563 500.576
-0.00095864563 498.976
-0.00095844563 502.175
-0.00095824563 500.576
-0.00095804563 500.976
-0.00095784563 498.177
-0.00095764563 500.176
-0.00095744563 502.575
-0.00095724563 496.977
-0.00095704563 501.375
-0.00095684563 499.376
-0.00095664563 495.778
-0.00095644563 501.375
-0.00095624563 502.175
-0.00095604563 500.176
-0.00095584563 499.776
-0.00095564563 497.777
-0.00095544563 499.376
-0.00095524563 497.777
-0.00095504563 502.975
-0.00095484563 498.577
-0.00095464563 501.375
-0.00095444563 500.176
-0.00095424563 498.177
-0.00095404563 499.376
-0.00095384563 496.578
-0.00095364563 498.976
-0.00095344563 500.176
-0.00095324563 500.176
-0.00095304563 502.175
-0.00095284563 498.577
-0.00095264563 500.576
-0.00095244563 496.977
-0.00095224563 499.776
-0.00095204563 499.376
-0.00095184563 501.375
-0.00095164563 500.976
-0.00095144563 498.177
-0.00095124563 499.376
-0.00095104563 498.976
-0.00095084563 498.577
-0.00095064563 500.176
-0.00095044563 500.976
-0.00095024563 497.777
-0.00095004563 497.777
-0.00094984563 500.176
-0.00094964563 501.375
-0.00094944563 499.776
-0.00094924563 500.176
-0.00094904563 496.977
-0.00094884563 498.976
-0.00094864563 497.377
-0.00094844563 498.976
-0.00094824563 498.976
-0.00094804563 500.576
-0.00094784563 500.176
-0.00094764563 500.576
-0.00094744563 499.376
-0.00094724563 498.976
-0.00094704563 498.976
-0.00094684563 498.976
-0.00094664563 496.578
-0.00094644563 500.976
-0.00094624563 500.176
-0.00094604563 499.376
-0.00094584563 500.576
-0.00094564563 500.176
-0.00094544563 498.177
-0.00094524563 497.377
-0.00094504563 498.577
-0.00094484563 497.377
-0.00094464563 497.377
-0.00094444563 499.376
-0.00094424563 497.377
-0.00094404563 498.177
-0.00094384563 500.976
-0.00094364563 497.377
-0.00094344563 499.376
-0.00094324563 497.377
-0.00094304563 497.377
-0.00094284563 498.976
-0.00094264563 500.576
-0.00094244563 500.176
-0.00094224563 497.777
-0.00094204563 497.777
-0.00094184563 500.576
-0.00094164563 500.176
-0.00094144563 500.976
-0.00094124563 498.976
-0.00094104563 500.576
-0.00094084563 500.176
-0.00094064563 500.176
-0.00094044563 499.376
-0.00094024563 496.977
-0.00094004563 499.776
-0.00093984563 497.377
-0.00093964563 503.374
-0.00093944563 498.976
-0.00093924563 497.377
-0.00093904563 498.177
-0.00093884563 498.577
-0.00093864563 498.976
-0.00093844563 499.376
-0.00093824563 497.777
-0.00093804563 499.776
-0.00093784563 498.976
-0.00093764563 498.177
-0.00093744563 499.376
-0.00093724563 501.775
-0.00093704563 501.775
-0.00093684563 498.976
-0.00093664563 500.176
-0.00093644563 499.776
-0.00093624563 499.376
-0.00093604563 500.976
-0.00093584563 498.177
-0.00093564563 498.976
-0.00093544563 499.376
-0.00093524563 500.176
-0.00093504563 497.377
-0.00093484563 498.577
-0.00093464563 500.976
-0.00093444563 498.577
-0.00093424563 499.776
-0.00093404563 498.976
-0.00093384563 499.776
-0.00093364563 500.176
-0.00093344563 498.976
-0.00093324563 499.376
-0.00093304563 499.776
-0.00093284563 500.576
-0.00093264563 501.375
-0.00093244563 502.175
-0.00093224563 500.576
-0.00093204563 500.576
-0.00093184563 498.976
-0.00093164563 499.776
-0.00093144563 498.577
-0.00093124563 499.776
-0.00093104563 499.776
-0.00093084563 500.576
-0.00093064563 499.376
-0.00093044563 496.578
-0.00093024563 502.575
-0.00093004563 500.576
-0.00092984563 500.576
-0.00092964563 499.776
-0.00092944563 497.377
-0.00092924563 500.976
-0.00092904563 499.776
-0.00092884563 499.776
-0.00092864563 499.376
-0.00092844563 498.577
-0.00092824563 498.976
-0.00092804563 496.977
-0.00092784563 500.576
-0.00092764563 498.577
-0.00092744563 499.776
-0.00092724563 496.977
-0.00092704563 497.777
-0.00092684563 498.976
-0.00092664563 499.376
-0.00092644563 498.577
-0.00092624563 500.176
-0.00092604563 499.776
-0.00092584563 498.177
-0.00092564563 498.177
-0.00092544563 499.376
-0.00092524563 498.577
-0.00092504563 499.776
-0.00092484563 496.977
-0.00092464563 497.777
-0.00092444563 498.976
-0.00092424563 496.977
-0.00092404563 500.176
-0.00092384563 499.376
-0.00092364563 497.777
-0.00092344563 498.577
-0.00092324563 500.176
-0.00092304563 500.176
-0.00092284563 496.977
-0.00092264563 498.976
-0.00092244563 500.976
-0.00092224563 498.976
-0.00092204563 498.577
-0.00092184563 501.375
-0.00092164563 498.577
-0.00092144563 501.775
-0.00092124563 499.376
-0.00092104563 499.776
-0.00092084563 500.576
-0.00092064563 500.176
-0.00092044563 500.176
-0.00092024563 500.176
-0.00092004563 499.776
-0.00091984563 500.576
-0.00091964563 501.375
-0.00091944563 500.176
-0.00091924563 497.777
-0.00091904563 500.576
-0.00091884563 498.976
-0.00091864563 500.576
-0.00091844563 498.976
-0.00091824563 501.375
-0.00091804563 498.177
-0.00091784563 498.177
-0.00091764563 499.776
-0.00091744563 498.976
-0.00091724563 500.576
-0.00091704563 500.576
-0.00091684563 501.375
-0.00091664563 501.375
-0.00091644563 500.176
-0.00091624563 498.177
-0.00091604563 500.976
-0.00091584563 500.976
-0.00091564563 501.775
-0.00091544563 500.176
-0.00091524563 500.576
-0.00091504563 502.975
-0.00091484563 501.775
-0.00091464563 500.176
-0.00091444563 501.775
-0.00091424563 499.376
-0.00091404563 500.176
-0.00091384563 500.576
-0.00091364563 502.575
-0.00091344563 501.775
-0.00091324563 501.375
-0.00091304563 502.975
-0.00091284563 500.176
-0.00091264563 500.976
-0.00091244563 501.375
-0.00091224563 501.775
-0.00091204563 505.374
-0.00091184563 504.574
-0.00091164563 500.976
-0.00091144563 502.575
-0.00091124563 501.375
-0.00091104563 504.574
-0.00091084563 500.576
-0.00091064563 500.576
-0.00091044563 502.575
-0.00091024563 501.775
-0.00091004563 502.575
-0.00090984563 501.775
-0.00090964563 502.975
-0.00090944563 501.375
-0.00090924563 501.375
-0.00090904563 501.375
-0.00090884563 501.375
-0.00090864563 502.175
-0.00090844563 500.176
-0.00090824563 504.174
-0.00090804563 500.976
-0.00090784563 501.375
-0.00090764563 500.176
-0.00090744563 501.775
-0.00090724563 501.375
-0.00090704563 503.374
-0.00090684563 501.775
-0.00090664563 501.375
-0.00090644563 502.575
-0.00090624563 504.574
-0.00090604563 504.574
-0.00090584563 502.175
-0.00090564563 501.775
-0.00090544563 502.175
-0.00090524563 500.976
-0.00090504563 504.174
-0.00090484563 502.175
-0.00090464563 505.374
-0.00090444563 502.975
-0.00090424563 502.575
-0.00090404563 503.774
-0.00090384563 501.775
-0.00090364563 504.574
-0.00090344563 503.774
-0.00090324563 504.174
-0.00090304563 503.774
-0.00090284563 503.774
-0.00090264563 503.774
-0.00090244563 505.374
-0.00090224563 500.976
-0.00090204563 505.773
-0.00090184563 501.375
-0.00090164563 502.575
-0.00090144563 503.774
-0.00090124563 500.576
-0.00090104563 501.375
-0.00090084563 504.974
-0.00090064563 503.374
-0.00090044563 503.774
-0.00090024563 503.774
-0.00090004563 503.774
-0.00089984563 500.176
-0.00089964563 501.775
-0.00089944563 501.775
-0.00089924563 503.374
-0.00089904563 499.776
-0.00089884563 501.775
-0.00089864563 504.574
-0.00089844563 504.174
-0.00089824563 500.976
-0.00089804563 503.374
-0.00089784563 502.175
-0.00089764563 503.374
-0.00089744563 502.175
-0.00089724563 503.774
-0.00089704563 503.374
-0.00089684563 504.174
-0.00089664563 500.576
-0.00089644563 504.174
-0.00089624563 504.574
-0.00089604563 502.175
-0.00089584563 503.374
-0.00089564563 503.374
-0.00089544563 503.774
-0.00089524563 501.775
-0.00089504563 503.374
-0.00089484563 502.575
-0.00089464563 502.975
-0.00089444563 505.374
-0.00089424563 500.576
-0.00089404563 505.374
-0.00089384563 502.975
-0.00089364563 500.976
-0.00089344563 503.774
-0.00089324563 502.175
-0.00089304563 503.774
-0.00089284563 505.374
-0.00089264563 501.775
-0.00089244563 502.975
-0.00089224563 500.176
-0.00089204563 504.574
-0.00089184563 502.975
-0.00089164563 500.176
-0.00089144563 504.574
-0.00089124563 506.573
-0.00089104563 503.774
-0.00089084563 502.175
-0.00089064563 502.575
-0.00089044563 500.976
-0.00089024563 502.575
-0.00089004563 503.374
-0.00088984563 501.775
-0.00088964563 502.175
-0.00088944563 503.374
-0.00088924563 503.774
-0.00088904563 502.575
-0.00088884563 502.975
-0.00088864563 502.175
-0.00088844563 502.575
-0.00088824563 504.174
-0.00088804563 502.975
-0.00088784563 504.174
-0.00088764563 502.175
-0.00088744563 505.773
-0.00088724563 502.575
-0.00088704563 503.774
-0.00088684563 503.374
-0.00088664563 502.975
-0.00088644563 503.374
-0.00088624563 501.375
-0.00088604563 503.774
-0.00088584563 505.374
-0.00088564563 504.174
-0.00088544563 500.976
-0.00088524563 504.174
-0.00088504563 504.174
-0.00088484563 502.575
-0.00088464563 504.974
-0.00088444563 502.575
-0.00088424563 504.574
-0.00088404563 504.974
-0.00088384563 506.173
-0.00088364563 502.575
-0.00088344563 504.574
-0.00088324563 502.575
-0.00088304563 502.975
-0.00088284563 505.374
-0.00088264563 504.974
-0.00088244563 504.574
-0.00088224563 504.974
-0.00088204563 503.374
-0.00088184563 502.575
-0.00088164563 503.374
-0.00088144563 502.975
-0.00088124563 506.573
-0.00088104563 506.573
-0.00088084563 504.974
-0.00088064563 504.174
-0.00088044563 505.773
-0.00088024563 505.374
-0.00088004563 503.374
-0.00087984563 503.774
-0.00087964563 506.573
-0.00087944563 503.774
-0.00087924563 503.774
-0.00087904563 503.374
-0.00087884563 504.974
-0.00087864563 503.374
-0.00087844563 506.973
-0.00087824563 504.974
-0.00087804563 503.374
-0.00087784563 503.774
-0.00087764563 503.774
-0.00087744563 502.175
-0.00087724563 505.374
-0.00087704563 502.575
-0.00087684563 504.974
-0.00087664563 506.573
-0.00087644563 504.574
-0.00087624563 506.973
-0.00087604563 505.773
-0.00087584563 503.774
-0.00087564563 506.173
-0.00087544563 505.773
-0.00087524563 505.374
-0.00087504563 505.374
-0.00087484563 504.174
-0.00087464563 504.174
-0.00087444563 505.374
-0.00087424563 504.974
-0.00087404563 503.374
-0.00087384563 502.575
-0.00087364563 502.975
-0.00087344563 504.974
-0.00087324563 503.374
-0.00087304563 505.374
-0.00087284563 506.973
-0.00087264563 504.574
-0.00087244563 504.174
-0.00087224563 502.575
-0.00087204563 505.374
-0.00087184563 505.374
-0.00087164563 505.374
-0.00087144563 506.573
-0.00087124563 506.973
-0.00087104563 502.175
-0.00087084563 507.373
-0.00087064563 506.173
-0.00087044563 503.774
-0.00087024563 505.773
-0.00087004563 503.774
-0.00086984563 505.374
-0.00086964563 505.374
-0.00086944563 507.773
-0.00086924563 503.374
-0.00086904563 503.374
-0.00086884563 506.573
-0.00086864563 506.173
-0.00086844563 506.973
-0.00086824563 504.974
-0.00086804563 505.773
-0.00086784563 505.773
-0.00086764563 506.173
-0.00086744563 504.974
-0.00086724563 504.974
-0.00086704563 506.173
-0.00086684563 503.374
-0.00086664563 506.573
-0.00086644563 504.974
-0.00086624563 505.374
-0.00086604563 505.773
-0.00086584563 507.773
-0.00086564563 504.974
-0.00086544563 505.773
-0.00086524563 506.973
-0.00086504563 504.574
-0.00086484563 506.573
-0.00086464563 509.772
-0.00086444563 505.773
-0.00086424563 505.374
-0.00086404563 505.773
-0.00086384563 504.974
-0.00086364563 504.974
-0.00086344563 504.574
-0.00086324563 504.574
-0.00086304563 505.773
-0.00086284563 505.773
-0.00086264563 508.972
-0.00086244563 507.773
-0.00086224563 508.572
-0.00086204563 505.374
-0.00086184563 506.173
-0.00086164563 508.172
-0.00086144563 504.574
-0.00086124563 506.573
-0.00086104563 506.173
-0.00086084563 507.773
-0.00086064563 504.974
-0.00086044563 505.773
-0.00086024563 506.173
-0.00086004563 507.373
-0.00085984563 508.572
-0.00085964563 507.773
-0.00085944563 508.572
-0.00085924563 508.172
-0.00085904563 508.572
-0.00085884563 505.773
-0.00085864563 506.573
-0.00085844563 507.373
-0.00085824563 506.973
-0.00085804563 506.173
-0.00085784563 507.773
-0.00085764563 507.373
-0.00085744563 506.573
-0.00085724563 507.773
-0.00085704563 508.972
-0.00085684563 506.173
-0.00085664563 508.572
-0.00085644563 507.373
-0.00085624563 506.573
-0.00085604563 505.773
-0.00085584563 506.573
-0.00085564563 508.572
-0.00085544563 508.972
-0.00085524563 509.772
-0.00085504563 509.372
-0.00085484563 507.373
-0.00085464563 507.773
-0.00085444563 506.973
-0.00085424563 506.973
-0.00085404563 508.572
-0.00085384563 508.572
-0.00085364563 506.973
-0.00085344563 510.571
-0.00085324563 506.973
-0.00085304563 508.972
-0.00085284563 510.171
-0.00085264563 510.571
-0.00085244563 506.173
-0.00085224563 509.772
-0.00085204563 510.571
-0.00085184563 508.172
-0.00085164563 509.372
-0.00085144563 509.772
-0.00085124563 509.772
-0.00085104563 508.572
-0.00085084563 508.572
-0.00085064563 508.972
-0.00085044563 508.572
-0.00085024563 510.971
-0.00085004563 510.971
-0.00084984563 508.572
-0.00084964563 510.571
-0.00084944563 510.971
-0.00084924563 509.372
-0.00084904563 508.172
-0.00084884563 510.971
-0.00084864563 511.371
-0.00084844563 510.571
-0.00084824563 510.971
-0.00084804563 510.571
-0.00084784563 510.971
-0.00084764563 510.571
-0.00084744563 511.771
-0.00084724563 509.372
-0.00084704563 513.77
-0.00084684563 506.573
-0.00084664563 512.57
-0.00084644563 512.171
-0.00084624563 511.371
-0.00084604563 509.772
-0.00084584563 511.771
-0.00084564563 512.97
-0.00084544563 509.772
-0.00084524563 509.372
-0.00084504563 510.171
-0.00084484563 508.972
-0.00084464563 510.171
-0.00084444563 510.971
-0.00084424563 509.372
-0.00084404563 513.37
-0.00084384563 512.97
-0.00084364563 511.771
-0.00084344563 512.171
-0.00084324563 511.371
-0.00084304563 510.571
-0.00084284563 511.371
-0.00084264563 511.771
-0.00084244563 509.772
-0.00084224563 512.171
-0.00084204563 510.971
-0.00084184563 510.971
-0.00084164563 512.57
-0.00084144563 513.77
-0.00084124563 510.971
-0.00084104563 509.372
-0.00084084563 515.769
-0.00084064563 511.771
-0.00084044563 514.17
-0.00084024563 510.571
-0.00084004563 512.57
-0.00083984563 509.372
-0.00083964563 513.37
-0.00083944563 510.971
-0.00083924563 514.969
-0.00083904563 511.771
-0.00083884563 513.77
-0.00083864563 513.37
-0.00083844563 514.17
-0.00083824563 511.771
-0.00083804563 513.77
-0.00083784563 513.37
-0.00083764563 511.771
-0.00083744563 513.37
-0.00083724563 511.771
-0.00083704563 516.169
-0.00083684563 511.771
-0.00083664563 513.37
-0.00083644563 514.569
-0.00083624563 516.968
-0.00083604563 515.369
-0.00083584563 513.77
-0.00083564563 510.571
-0.00083544563 515.769
-0.00083524563 514.969
-0.00083504563 514.17
-0.00083484563 514.569
-0.00083464563 514.569
-0.00083444563 514.17
-0.00083424563 514.17
-0.00083404563 515.769
-0.00083384563 514.569
-0.00083364563 513.77
-0.00083344563 515.769
-0.00083324563 515.369
-0.00083304563 513.77
-0.00083284563 515.369
-0.00083264563 514.17
-0.00083244563 514.569
-0.00083224563 514.569
-0.00083204563 512.57
-0.00083184563 516.169
-0.00083164563 515.369
-0.00083144563 515.769
-0.00083124563 515.769
-0.00083104563 516.569
-0.00083084563 513.37
-0.00083064563 515.769
-0.00083044563 512.97
-0.00083024563 514.569
-0.00083004563 514.17
-0.00082984563 515.369
-0.00082964563 515.369
-0.00082944563 514.17
-0.00082924563 514.569
-0.00082904563 516.169
-0.00082884563 513.77
-0.00082864563 515.769
-0.00082844563 516.169
-0.00082824563 517.768
-0.00082804563 513.77
-0.00082784563 517.368
-0.00082764563 516.569
-0.00082744563 519.367
-0.00082724563 516.968
-0.00082704563 516.169
-0.00082684563 517.368
-0.00082664563 516.968
-0.00082644563 514.969
-0.00082624563 516.569
-0.00082604563 516.569
-0.00082584563 516.968
-0.00082564563 516.569
-0.00082544563 514.569
-0.00082524563 517.368
-0.00082504563 515.369
-0.00082484563 518.568
-0.00082464563 515.369
-0.00082444563 514.969
-0.00082424563 514.969
-0.00082404563 517.368
-0.00082384563 516.169
-0.00082364563 517.368
-0.00082344563 519.767
-0.00082324563 514.569
-0.00082304563 516.169
-0.00082284563 518.168
-0.00082264563 516.968
-0.00082244563 518.168
-0.00082224563 518.568
-0.00082204563 515.769
-0.00082184563 520.567
-0.00082164563 518.568
-0.00082144563 515.369
-0.00082124563 516.968
-0.00082104563 515.369
-0.00082084563 518.568
-0.00082064563 515.369
-0.00082044563 518.968
-0.00082024563 516.569
-0.00082004563 517.368
-0.00081984563 518.968
-0.00081964563 517.368
-0.00081944563 517.368
-0.00081924563 518.168
-0.00081904563 521.366
-0.00081884563 518.968
-0.00081864563 520.567
-0.00081844563 518.968
-0.00081824563 517.368
-0.00081804563 516.169
-0.00081784563 518.568
-0.00081764563 516.968
-0.00081744563 518.168
-0.00081724563 520.567
-0.00081704563 518.968
-0.00081684563 515.769
-0.00081664563 515.769
-0.00081644563 517.368
-0.00081624563 517.368
-0.00081604563 521.366
-0.00081584563 518.968
-0.00081564563 518.168
-0.00081544563 518.568
-0.00081524563 520.167
-0.00081504563 518.568
-0.00081484563 517.768
-0.00081464563 518.568
-0.00081444563 517.768
-0.00081424563 519.767
-0.00081404563 520.967
-0.00081384563 517.768
-0.00081364563 518.968
-0.00081344563 519.367
-0.00081324563 518.968
-0.00081304563 520.967
-0.00081284563 519.367
-0.00081264563 516.968
-0.00081244563 521.366
-0.00081224563 521.766
-0.00081204563 521.766
-0.00081184563 518.968
-0.00081164563 519.367
-0.00081144563 520.167
-0.00081124563 519.767
-0.00081104563 520.967
-0.00081084563 517.768
-0.00081064563 519.767
-0.00081044563 520.167
-0.00081024563 519.367
-0.00081004563 518.168
-0.00080984563 518.168
-0.00080964563 519.767
-0.00080944563 518.568
-0.00080924563 520.567
-0.00080904563 520.167
-0.00080884563 517.368
-0.00080864563 518.168
-0.00080844563 520.167
-0.00080824563 520.167
-0.00080804563 518.168
-0.00080784563 522.566
-0.00080764563 518.568
-0.00080744563 523.366
-0.00080724563 515.769
-0.00080704563 519.367
-0.00080684563 522.166
-0.00080664563 520.567
-0.00080644563 518.568
-0.00080624563 520.167
-0.00080604563 520.967
-0.00080584563 520.167
-0.00080564563 520.167
-0.00080544563 521.766
-0.00080524563 520.567
-0.00080504563 520.967
-0.00080484563 519.767
-0.00080464563 520.967
-0.00080444563 518.168
-0.00080424563 520.567
-0.00080404563 520.967
-0.00080384563 519.367
-0.00080364563 519.767
-0.00080344563 521.366
-0.00080324563 520.167
-0.00080304563 522.166
-0.00080284563 518.168
-0.00080264563 520.567
-0.00080244563 520.967
-0.00080224563 519.367
-0.00080204563 519.767
-0.00080184563 520.967
-0.00080164563 520.167
-0.00080144563 520.167
-0.00080124563 519.367
-0.00080104563 520.567
-0.00080084563 521.766
-0.00080064563 518.568
-0.00080044563 519.367
-0.00080024563 520.567
-0.00080004563 522.166
-0.00079984563 520.967
-0.00079964563 522.166
-0.00079944563 519.367
-0.00079924563 518.568
-0.00079904563 522.166
-0.00079884563 522.566
-0.00079864563 522.166
-0.00079844563 520.567
-0.00079824563 519.767
-0.00079804563 521.766
-0.00079784563 520.967
-0.00079764563 521.366
-0.00079744563 520.567
-0.00079724563 520.567
-0.00079704563 520.567
-0.00079684563 519.367
-0.00079664563 521.366
-0.00079644563 520.167
-0.00079624563 520.167
-0.00079604563 521.366
-0.00079584563 519.367
-0.00079564563 518.168
-0.00079544563 519.767
-0.00079524563 520.167
-0.00079504563 519.367
-0.00079484563 522.966
-0.00079464563 519.767
-0.00079444563 520.967
-0.00079424563 519.367
-0.00079404563 518.968
-0.00079384563 520.967
-0.00079364563 521.766
-0.00079344563 520.167
-0.00079324563 523.366
-0.00079304563 520.967
-0.00079284563 522.566
-0.00079264563 524.565
-0.00079244563 520.967
-0.00079224563 522.166
-0.00079204563 520.567
-0.00079184563 520.567
-0.00079164563 520.967
-0.00079144563 519.767
-0.00079124563 522.966
-0.00079104563 521.766
-0.00079084563 518.568
-0.00079064563 520.567
-0.00079044563 521.366
-0.00079024563 520.967
-0.00079004563 521.366
-0.00078984563 522.566
-0.00078964563 525.764
-0.00078944563 523.765
-0.00078924563 521.366
-0.00078904563 519.767
-0.00078884563 520.167
-0.00078864563 519.767
-0.00078844563 519.767
-0.00078824563 518.168
-0.00078804563 522.566
-0.00078784563 522.566
-0.00078764563 522.966
-0.00078744563 521.366
-0.00078724563 521.766
-0.00078704563 521.766
-0.00078684563 518.968
-0.00078664563 520.967
-0.00078644563 520.967
-0.00078624563 521.766
-0.00078604563 521.766
-0.00078584563 523.765
-0.00078564563 519.767
-0.00078544563 521.766
-0.00078524563 518.568
-0.00078504563 519.367
-0.00078484563 521.366
-0.00078464563 518.968
-0.00078444563 523.765
-0.00078424563 520.167
-0.00078404563 519.367
-0.00078384563 524.165
-0.00078364563 520.567
-0.00078344563 524.565
-0.00078324563 521.366
-0.00078304563 521.366
-0.00078284563 520.567
-0.00078264563 520.167
-0.00078244563 520.967
-0.00078224563 518.968
-0.00078204563 521.366
-0.00078184563 521.766
-0.00078164563 520.967
-0.00078144563 520.967
-0.00078124563 521.366
-0.00078104563 520.967
-0.00078084563 522.166
-0.00078064563 520.567
-0.00078044563 524.965
-0.00078024563 522.166
-0.00078004563 519.767
-0.00077984563 522.566
-0.00077964563 521.366
-0.00077944563 522.966
-0.00077924563 524.165
-0.00077904563 521.366
-0.00077884563 522.166
-0.00077864563 523.366
-0.00077844563 520.967
-0.00077824563 522.166
-0.00077804563 522.966
-0.00077784563 523.366
-0.00077764563 520.967
-0.00077744563 520.167
-0.00077724563 524.165
-0.00077704563 519.367
-0.00077684563 521.766
-0.00077664563 522.566
-0.00077644563 521.766
-0.00077624563 522.166
-0.00077604563 522.166
-0.00077584563 523.366
-0.00077564563 522.566
-0.00077544563 524.565
-0.00077524563 525.365
-0.00077504563 522.966
-0.00077484563 522.166
-0.00077464563 522.966
-0.00077444563 521.366
-0.00077424563 520.967
-0.00077404563 524.165
-0.00077384563 522.566
-0.00077364563 523.366
-0.00077344563 522.966
-0.00077324563 522.966
-0.00077304563 522.166
-0.00077284563 524.165
-0.00077264563 521.766
-0.00077244563 522.566
-0.00077224563 522.566
-0.00077204563 523.366
-0.00077184563 523.765
-0.00077164563 524.165
-0.00077144563 522.966
-0.00077124563 519.767
-0.00077104563 523.366
-0.00077084563 523.366
-0.00077064563 521.366
-0.00077044563 521.766
-0.00077024563 524.165
-0.00077004563 525.365
-0.00076984563 523.765
-0.00076964563 524.565
-0.00076944563 522.166
-0.00076924563 523.366
-0.00076904563 524.165
-0.00076884563 521.366
-0.00076864563 522.966
-0.00076844563 524.965
-0.00076824563 520.167
-0.00076804563 522.966
-0.00076784563 521.766
-0.00076764563 525.365
-0.00076744563 523.765
-0.00076724563 522.166
-0.00076704563 524.565
-0.00076684563 523.765
-0.00076664563 524.965
-0.00076644563 524.965
-0.00076624563 524.165
-0.00076604563 524.965
-0.00076584563 523.765
-0.00076564563 523.765
-0.00076544563 526.564
-0.00076524563 524.165
-0.00076504563 525.365
-0.00076484563 522.966
-0.00076464563 522.566
-0.00076444563 524.165
-0.00076424563 524.965
-0.00076404563 523.765
-0.00076384563 525.365
-0.00076364563 523.366
-0.00076344563 523.765
-0.00076324563 524.565
-0.00076304563 521.366
-0.00076284563 522.966
-0.00076264563 527.364
-0.00076244563 524.165
-0.00076224563 524.965
-0.00076204563 522.966
-0.00076184563 527.364
-0.00076164563 525.365
-0.00076144563 523.765
-0.00076124563 525.365
-0.00076104563 522.966
-0.00076084563 524.565
-0.00076064563 524.565
-0.00076044563 525.365
-0.00076024563 524.165
-0.00076004563 525.365
-0.00075984563 525.365
-0.00075964563 526.164
-0.00075944563 526.564
-0.00075924563 524.965
-0.00075904563 524.165
-0.00075884563 526.964
-0.00075864563 525.764
-0.00075844563 523.366
-0.00075824563 524.165
-0.00075804563 526.164
-0.00075784563 525.365
-0.00075764563 524.965
-0.00075744563 525.764
-0.00075724563 524.565
-0.00075704563 525.365
-0.00075684563 526.164
-0.00075664563 524.965
-0.00075644563 524.165
-0.00075624563 524.965
-0.00075604563 522.566
-0.00075584563 526.564
-0.00075564563 523.765
-0.00075544563 525.365
-0.00075524563 524.565
-0.00075504563 524.565
-0.00075484563 523.765
-0.00075464563 523.765
-0.00075444563 523.366
-0.00075424563 525.365
-0.00075404563 524.565
-0.00075384563 523.765
-0.00075364563 524.165
-0.00075344563 526.564
-0.00075324563 526.164
-0.00075304563 524.965
-0.00075284563 525.365
-0.00075264563 521.366
-0.00075244563 523.765
-0.00075224563 526.964
-0.00075204563 526.964
-0.00075184563 523.765
-0.00075164563 525.764
-0.00075144563 525.365
-0.00075124563 526.564
-0.00075104563 525.764
-0.00075084563 526.164
-0.00075064563 525.365
-0.00075044563 525.764
-0.00075024563 523.765
-0.00075004563 525.365
-0.00074984563 526.164
-0.00074964563 526.564
-0.00074944563 523.765
-0.00074924563 524.565
-0.00074904563 526.964
-0.00074884563 525.764
-0.00074864563 524.565
-0.00074844563 524.965
-0.00074824563 524.965
-0.00074804563 524.565
-0.00074784563 524.965
-0.00074764563 525.764
-0.00074744563 527.364
-0.00074724563 526.564
-0.00074704563 525.365
-0.00074684563 525.764
-0.00074664563 525.365
-0.00074644563 524.965
-0.00074624563 524.965
-0.00074604563 524.565
-0.00074584563 526.964
-0.00074564563 525.365
-0.00074544563 524.565
-0.00074524563 523.765
-0.00074504563 524.165
-0.00074484563 523.765
-0.00074464563 523.366
-0.00074444563 524.165
-0.00074424563 525.764
-0.00074404563 525.764
-0.00074384563 525.764
-0.00074364563 522.166
-0.00074344563 525.764
-0.00074324563 523.765
-0.00074304563 524.565
-0.00074284563 523.765
-0.00074264563 522.966
-0.00074244563 523.765
-0.00074224563 526.564
-0.00074204563 526.564
-0.00074184563 525.764
-0.00074164563 526.164
-0.00074144563 524.965
-0.00074124563 524.965
-0.00074104563 521.366
-0.00074084563 522.966
-0.00074064563 526.564
-0.00074044563 524.165
-0.00074024563 526.964
-0.00074004563 525.764
-0.00073984563 523.765
-0.00073964563 525.365
-0.00073944563 526.164
-0.00073924563 524.965
-0.00073904563 525.365
-0.00073884563 526.964
-0.00073864563 526.964
-0.00073844563 526.164
-0.00073824563 523.765
-0.00073804563 523.765
-0.00073784563 523.765
-0.00073764563 524.965
-0.00073744563 525.365
-0.00073724563 527.364
-0.00073704563 525.764
-0.00073684563 526.164
-0.00073664563 525.365
-0.00073644563 527.364
-0.00073624563 524.965
-0.00073604563 526.964
-0.00073584563 525.764
-0.00073564563 524.965
-0.00073544563 522.966
-0.00073524563 524.565
-0.00073504563 525.365
-0.00073484563 522.566
-0.00073464563 524.965
-0.00073444563 524.165
-0.00073424563 525.764
-0.00073404563 524.965
-0.00073384563 521.366
-0.00073364563 522.566
-0.00073344563 524.565
-0.00073324563 524.965
-0.00073304563 524.165
-0.00073284563 523.366
-0.00073264563 522.966
-0.00073244563 524.165
-0.00073224563 525.764
-0.00073204563 524.165
-0.00073184563 525.764
-0.00073164563 524.965
-0.00073144563 526.164
-0.00073124563 522.166
-0.00073104563 524.965
-0.00073084563 525.764
-0.00073064563 521.766
-0.00073044563 522.566
-0.00073024563 525.365
-0.00073004563 524.565
-0.00072984563 524.165
-0.00072964563 524.565
-0.00072944563 524.165
-0.00072924563 526.164
-0.00072904563 525.365
-0.00072884563 526.164
-0.00072864563 526.564
-0.00072844563 526.564
-0.00072824563 525.365
-0.00072804563 525.764
-0.00072784563 525.764
-0.00072764563 522.966
-0.00072744563 525.365
-0.00072724563 525.764
-0.00072704563 525.764
-0.00072684563 525.365
-0.00072664563 522.966
-0.00072644563 526.164
-0.00072624563 524.965
-0.00072604563 524.165
-0.00072584563 526.164
-0.00072564563 525.365
-0.00072544563 524.565
-0.00072524563 524.965
-0.00072504563 524.565
-0.00072484563 526.164
-0.00072464563 524.165
-0.00072444563 525.365
-0.00072424563 522.566
-0.00072404563 524.165
-0.00072384563 529.763
-0.00072364563 523.765
-0.00072344563 525.365
-0.00072324563 523.765
-0.00072304563 526.564
-0.00072284563 523.765
-0.00072264563 524.565
-0.00072244563 525.365
-0.00072224563 524.965
-0.00072204563 524.965
-0.00072184563 525.764
-0.00072164563 525.764
-0.00072144563 524.165
-0.00072124563 526.564
-0.00072104563 525.365
-0.00072084563 524.965
-0.00072064563 525.764
-0.00072044563 524.965
-0.00072024563 526.564
-0.00072004563 524.565
-0.00071984563 522.966
-0.00071964563 525.365
-0.00071944563 524.965
-0.00071924563 523.366
-0.00071904563 522.566
-0.00071884563 525.764
-0.00071864563 523.366
-0.00071844563 524.565
-0.00071824563 526.164
-0.00071804563 523.366
-0.00071784563 525.764
-0.00071764563 524.565
-0.00071744563 529.763
-0.00071724563 526.564
-0.00071704563 523.366
-0.00071684563 524.565
-0.00071664563 524.965
-0.00071644563 523.366
-0.00071624563 524.165
-0.00071604563 525.764
-0.00071584563 525.365
-0.00071564563 523.765
-0.00071544563 522.966
-0.00071524563 524.165
-0.00071504563 525.365
-0.00071484563 524.565
-0.00071464563 525.365
-0.00071444563 527.364
-0.00071424563 522.966
-0.00071404563 528.163
-0.00071384563 523.765
-0.00071364563 526.564
-0.00071344563 523.366
-0.00071324563 522.566
-0.00071304563 524.565
-0.00071284563 522.966
-0.00071264563 524.165
-0.00071244563 522.566
-0.00071224563 525.764
-0.00071204563 525.365
-0.00071184563 525.764
-0.00071164563 525.365
-0.00071144563 524.165
-0.00071124563 525.764
-0.00071104563 523.765
-0.00071084563 524.165
-0.00071064563 523.765
-0.00071044563 526.164
-0.00071024563 526.964
-0.00071004563 523.765
-0.00070984563 523.765
-0.00070964563 525.764
-0.00070944563 524.565
-0.00070924563 522.966
-0.00070904563 525.764
-0.00070884563 525.764
-0.00070864563 524.165
-0.00070844563 525.764
-0.00070824563 528.563
-0.00070804563 524.965
-0.00070784563 522.966
-0.00070764563 527.764
-0.00070744563 527.764
-0.00070724563 525.764
-0.00070704563 525.365
-0.00070684563 525.764
-0.00070664563 523.366
-0.00070644563 528.163
-0.00070624563 524.965
-0.00070604563 526.164
-0.00070584563 522.166
-0.00070564563 522.966
-0.00070544563 525.365
-0.00070524563 526.964
-0.00070504563 524.965
-0.00070484563 525.365
-0.00070464563 528.563
-0.00070444563 520.967
-0.00070424563 524.565
-0.00070404563 522.166
-0.00070384563 526.964
-0.00070364563 522.166
-0.00070344563 524.565
-0.00070324563 524.565
-0.00070304563 522.566
-0.00070284563 526.564
-0.00070264563 522.166
-0.00070244563 523.366
-0.00070224563 526.564
-0.00070204563 525.764
-0.00070184563 525.365
-0.00070164563 524.165
-0.00070144563 523.765
-0.00070124563 522.566
-0.00070104563 524.965
-0.00070084563 525.764
-0.00070064563 526.164
-0.00070044563 524.165
-0.00070024563 523.366
-0.00070004563 524.565
-0.00069984563 524.565
-0.00069964563 521.366
-0.00069944563 525.365
-0.00069924563 525.365
-0.00069904563 521.766
-0.00069884563 525.365
-0.00069864563 524.565
-0.00069844563 524.165
-0.00069824563 524.165
-0.00069804563 525.365
-0.00069784563 525.365
-0.00069764563 524.965
-0.00069744563 523.765
-0.00069724563 522.966
-0.00069704563 525.764
-0.00069684563 523.366
-0.00069664563 523.366
-0.00069644563 522.966
-0.00069624563 524.565
-0.00069604563 520.567
-0.00069584563 524.965
-0.00069564563 524.165
-0.00069544563 525.764
-0.00069524563 523.366
-0.00069504563 526.564
-0.00069484563 522.966
-0.00069464563 524.965
-0.00069444563 526.164
-0.00069424563 524.165
-0.00069404563 525.365
-0.00069384563 524.965
-0.00069364563 520.967
-0.00069344563 524.165
-0.00069324563 522.166
-0.00069304563 526.164
-0.00069284563 521.366
-0.00069264563 525.764
-0.00069244563 523.765
-0.00069224563 524.965
-0.00069204563 525.764
-0.00069184563 527.764
-0.00069164563 524.565
-0.00069144563 525.365
-0.00069124563 522.166
-0.00069104563 521.766
-0.00069084563 524.165
-0.00069064563 522.966
-0.00069044563 524.165
-0.00069024563 520.967
-0.00069004563 523.765
-0.00068984563 526.564
-0.00068964563 522.566
-0.00068944563 525.764
-0.00068924563 523.765
-0.00068904563 525.764
-0.00068884563 524.965
-0.00068864563 523.366
-0.00068844563 527.764
-0.00068824563 525.764
-0.00068804563 525.764
-0.00068784563 523.765
-0.00068764563 523.366
-0.00068744563 522.566
-0.00068724563 522.966
-0.00068704563 525.764
-0.00068684563 525.764
-0.00068664563 523.366
-0.00068644563 524.565
-0.00068624563 522.966
-0.00068604563 526.164
-0.00068584563 524.165
-0.00068564563 524.565
-0.00068544563 524.165
-0.00068524563 524.965
-0.00068504563 524.965
-0.00068484563 524.565
-0.00068464563 524.565
-0.00068444563 526.564
-0.00068424563 522.966
-0.00068404563 522.166
-0.00068384563 520.967
-0.00068364563 523.366
-0.00068344563 524.165
-0.00068324563 525.764
-0.00068304563 525.365
-0.00068284563 522.166
-0.00068264563 524.965
-0.00068244563 523.366
-0.00068224563 524.165
-0.00068204563 522.166
-0.00068184563 522.966
-0.00068164563 522.166
-0.00068144563 522.966
-0.00068124563 523.765
-0.00068104563 520.167
-0.00068084563 523.765
-0.00068064563 524.165
-0.00068044563 523.765
-0.00068024563 525.365
-0.00068004563 523.765
-0.00067984563 524.565
-0.00067964563 524.565
-0.00067944563 523.366
-0.00067924563 521.766
-0.00067904563 525.365
-0.00067884563 524.165
-0.00067864563 522.966
-0.00067844563 520.567
-0.00067824563 521.366
-0.00067804563 522.566
-0.00067784563 523.765
-0.00067764563 525.764
-0.00067744563 520.967
-0.00067724563 521.366
-0.00067704563 520.567
-0.00067684563 523.366
-0.00067664563 522.566
-0.00067644563 523.765
-0.00067624563 523.765
-0.00067604563 523.765
-0.00067584563 522.166
-0.00067564563 524.965
-0.00067544563 519.767
-0.00067524563 522.566
-0.00067504563 522.166
-0.00067484563 520.967
-0.00067464563 523.765
-0.00067444563 522.566
-0.00067424563 520.967
-0.00067404563 522.966
-0.00067384563 522.166
-0.00067364563 521.366
-0.00067344563 522.966
-0.00067324563 520.967
-0.00067304563 522.566
-0.00067284563 524.565
-0.00067264563 521.766
-0.00067244563 522.566
-0.00067224563 524.165
-0.00067204563 518.968
-0.00067184563 522.166
-0.00067164563 520.967
-0.00067144563 520.967
-0.00067124563 523.366
-0.00067104563 520.967
-0.00067084563 524.965
-0.00067064563 525.365
-0.00067044563 523.366
-0.00067024563 526.164
-0.00067004563 526.164
-0.00066984563 522.566
-0.00066964563 524.165
-0.00066944563 520.567
-0.00066924563 525.365
-0.00066904563 522.566
-0.00066884563 523.366
-0.00066864563 520.967
-0.00066844563 522.966
-0.00066824563 520.967
-0.00066804563 522.566
-0.00066784563 521.366
-0.00066764563 524.165
-0.00066744563 522.166
-0.00066724563 521.766
-0.00066704563 521.766
-0.00066684563 524.165
-0.00066664563 524.565
-0.00066644563 521.366
-0.00066624563 520.567
-0.00066604563 522.166
-0.00066584563 521.766
-0.00066564563 521.766
-0.00066544563 520.567
-0.00066524563 522.166
-0.00066504563 524.965
-0.00066484563 522.166
-0.00066464563 524.165
-0.00066444563 520.967
-0.00066424563 523.765
-0.00066404563 524.565
-0.00066384563 522.966
-0.00066364563 522.966
-0.00066344563 520.967
-0.00066324563 523.765
-0.00066304563 523.366
-0.00066284563 523.366
-0.00066264563 520.967
-0.00066244563 520.967
-0.00066224563 524.565
-0.00066204563 522.166
-0.00066184563 524.965
-0.00066164563 521.366
-0.00066144563 520.967
-0.00066124563 525.365
-0.00066104563 523.366
-0.00066084563 524.165
-0.00066064563 525.365
-0.00066044563 522.966
-0.00066024563 522.966
-0.00066004563 522.566
-0.00065984563 523.366
-0.00065964563 522.966
-0.00065944563 524.965
-0.00065924563 522.566
-0.00065904563 523.366
-0.00065884563 522.166
-0.00065864563 521.766
-0.00065844563 523.366
-0.00065824563 522.966
-0.00065804563 520.967
-0.00065784563 524.565
-0.00065764563 523.765
-0.00065744563 520.567
-0.00065724563 524.565
-0.00065704563 522.966
-0.00065684563 522.166
-0.00065664563 523.366
-0.00065644563 524.165
-0.00065624563 526.164
-0.00065604563 524.165
-0.00065584563 523.765
-0.00065564563 520.567
-0.00065544563 522.166
-0.00065524563 522.166
-0.00065504563 521.366
-0.00065484563 525.764
-0.00065464563 522.166
-0.00065444563 526.164
-0.00065424563 522.566
-0.00065404563 524.565
-0.00065384563 522.166
-0.00065364563 522.966
-0.00065344563 522.566
-0.00065324563 521.766
-0.00065304563 520.567
-0.00065284563 524.165
-0.00065264563 524.965
-0.00065244563 524.165
-0.00065224563 521.766
-0.00065204563 522.166
-0.00065184563 523.366
-0.00065164563 523.765
-0.00065144563 522.966
-0.00065124563 522.566
-0.00065104563 523.765
-0.00065084563 522.566
-0.00065064563 525.365
-0.00065044563 523.765
-0.00065024563 522.166
-0.00065004563 522.966
-0.00064984563 524.165
-0.00064964563 521.366
-0.00064944563 520.567
-0.00064924563 520.967
-0.00064904563 521.766
-0.00064884563 522.966
-0.00064864563 524.565
-0.00064844563 522.566
-0.00064824563 521.766
-0.00064804563 522.966
-0.00064784563 524.165
-0.00064764563 523.765
-0.00064744563 520.167
-0.00064724563 522.966
-0.00064704563 524.565
-0.00064684563 519.767
-0.00064664563 522.966
-0.00064644563 524.165
-0.00064624563 520.967
-0.00064604563 522.966
-0.00064584563 522.566
-0.00064564563 522.166
-0.00064544563 522.566
-0.00064524563 521.366
-0.00064504563 520.967
-0.00064484563 523.366
-0.00064464563 522.566
-0.00064444563 522.566
-0.00064424563 521.766
-0.00064404563 524.165
-0.00064384563 521.366
-0.00064364563 521.766
-0.00064344563 520.967
-0.00064324563 524.165
-0.00064304563 520.167
-0.00064284563 522.966
-0.00064264563 524.165
-0.00064244563 523.366
-0.00064224563 521.366
-0.00064204563 524.565
-0.00064184563 521.366
-0.00064164563 520.567
-0.00064144563 524.165
-0.00064124563 523.765
-0.00064104563 523.366
-0.00064084563 521.766
-0.00064064563 522.566
-0.00064044563 522.966
-0.00064024563 522.566
-0.00064004563 521.366
-0.00063984563 521.366
-0.00063964563 520.567
-0.00063944563 521.366
-0.00063924563 522.166
-0.00063904563 520.967
-0.00063884563 524.565
-0.00063864563 520.167
-0.00063844563 522.966
-0.00063824563 521.766
-0.00063804563 524.165
-0.00063784563 523.366
-0.00063764563 521.366
-0.00063744563 520.167
-0.00063724563 520.967
-0.00063704563 520.967
-0.00063684563 519.367
-0.00063664563 518.968
-0.00063644563 519.767
-0.00063624563 520.967
-0.00063604563 523.366
-0.00063584563 521.766
-0.00063564563 522.566
-0.00063544563 521.766
-0.00063524563 517.768
-0.00063504563 521.366
-0.00063484563 520.967
-0.00063464563 522.566
-0.00063444563 521.366
-0.00063424563 521.766
-0.00063404563 521.766
-0.00063384563 520.167
-0.00063364563 521.366
-0.00063344563 522.166
-0.00063324563 519.767
-0.00063304563 523.765
-0.00063284563 519.367
-0.00063264563 520.167
-0.00063244563 523.366
-0.00063224563 522.166
-0.00063204563 518.568
-0.00063184563 521.766
-0.00063164563 521.766
-0.00063144563 521.366
-0.00063124563 521.766
-0.00063104563 523.366
-0.00063084563 520.567
-0.00063064563 521.366
-0.00063044563 519.767
-0.00063024563 523.366
-0.00063004563 520.167
-0.00062984563 521.766
-0.00062964563 522.966
-0.00062944563 520.167
-0.00062924563 523.765
-0.00062904563 522.166
-0.00062884563 521.366
-0.00062864563 521.366
-0.00062844563 521.766
-0.00062824563 524.165
-0.00062804563 520.567
-0.00062784563 523.366
-0.00062764563 524.565
-0.00062744563 518.168
-0.00062724563 521.766
-0.00062704563 520.967
-0.00062684563 521.366
-0.00062664563 522.566
-0.00062644563 521.766
-0.00062624563 522.166
-0.00062604563 520.967
-0.00062584563 520.967
-0.00062564563 520.167
-0.00062544563 522.566
-0.00062524563 521.766
-0.00062504563 519.367
-0.00062484563 518.968
-0.00062464563 521.766
-0.00062444563 519.367
-0.00062424563 521.366
-0.00062404563 520.567
-0.00062384563 520.567
-0.00062364563 521.366
-0.00062344563 519.767
-0.00062324563 522.966
-0.00062304563 521.766
-0.00062284563 522.566
-0.00062264563 519.367
-0.00062244563 521.766
-0.00062224563 522.566
-0.00062204563 522.166
-0.00062184563 522.166
-0.00062164563 521.366
-0.00062144563 520.967
-0.00062124563 522.166
-0.00062104563 522.966
-0.00062084563 520.167
-0.00062064563 520.967
-0.00062044563 520.567
-0.00062024563 521.366
-0.00062004563 522.166
-0.00061984563 519.767
-0.00061964563 522.566
-0.00061944563 520.567
-0.00061924563 518.168
-0.00061904563 521.366
-0.00061884563 520.567
-0.00061864563 520.567
-0.00061844563 519.767
-0.00061824563 520.567
-0.00061804563 521.366
-0.00061784563 521.766
-0.00061764563 520.167
-0.00061744563 519.767
-0.00061724563 522.566
-0.00061704563 519.367
-0.00061684563 518.168
-0.00061664563 522.166
-0.00061644563 519.767
-0.00061624563 521.366
-0.00061604563 519.367
-0.00061584563 520.567
-0.00061564563 520.167
-0.00061544563 519.767
-0.00061524563 519.767
-0.00061504563 521.366
-0.00061484563 518.568
-0.00061464563 519.767
-0.00061444563 520.567
-0.00061424563 520.967
-0.00061404563 520.967
-0.00061384563 522.166
-0.00061364563 519.767
-0.00061344563 520.967
-0.00061324563 516.169
-0.00061304563 522.566
-0.00061284563 519.767
-0.00061264563 519.367
-0.00061244563 518.968
-0.00061224563 516.569
-0.00061204563 520.567
-0.00061184563 520.167
-0.00061164563 521.366
-0.00061144563 517.768
-0.00061124563 518.968
-0.00061104563 521.366
-0.00061084563 518.168
-0.00061064563 519.767
-0.00061044563 520.567
-0.00061024563 519.367
-0.00061004563 518.568
-0.00060984563 520.567
-0.00060964563 518.568
-0.00060944563 518.968
-0.00060924563 520.967
-0.00060904563 516.569
-0.00060884563 519.367
-0.00060864563 522.166
-0.00060844563 520.167
-0.00060824563 522.166
-0.00060804563 519.767
-0.00060784563 520.967
-0.00060764563 518.568
-0.00060744563 519.767
-0.00060724563 518.568
-0.00060704563 518.968
-0.00060684563 518.968
-0.00060664563 518.168
-0.00060644563 520.167
-0.00060624563 520.167
-0.00060604563 519.367
-0.00060584563 519.367
-0.00060564563 518.968
-0.00060544563 518.168
-0.00060524563 521.366
-0.00060504563 518.968
-0.00060484563 520.167
-0.00060464563 521.766
-0.00060444563 520.167
-0.00060424563 519.367
-0.00060404563 523.366
-0.00060384563 521.766
-0.00060364563 518.568
-0.00060344563 521.766
-0.00060324563 520.967
-0.00060304563 517.768
-0.00060284563 518.968
-0.00060264563 521.766
-0.00060244563 519.767
-0.00060224563 520.967
-0.00060204563 519.367
-0.00060184563 520.567
-0.00060164563 520.567
-0.00060144563 518.168
-0.00060124563 520.567
-0.00060104563 519.367
-0.00060084563 519.367
-0.00060064563 520.167
-0.00060044563 521.766
-0.00060024563 518.968
-0.00060004563 518.968
-0.00059984563 518.968
-0.00059964563 521.366
-0.00059944563 518.968
-0.00059924563 520.167
-0.00059904563 518.968
-0.00059884563 519.767
-0.00059864563 519.367
-0.00059844563 521.766
-0.00059824563 519.367
-0.00059804563 518.568
-0.00059784563 518.168
-0.00059764563 520.167
-0.00059744563 520.967
-0.00059724563 518.568
-0.00059704563 518.968
-0.00059684563 516.569
-0.00059664563 519.367
-0.00059644563 520.167
-0.00059624563 520.167
-0.00059604563 519.367
-0.00059584563 519.367
-0.00059564563 518.968
-0.00059544563 521.366
-0.00059524563 518.168
-0.00059504563 518.968
-0.00059484563 517.368
-0.00059464563 519.367
-0.00059444563 518.568
-0.00059424563 519.367
-0.00059404563 519.367
-0.00059384563 520.967
-0.00059364563 519.767
-0.00059344563 518.568
-0.00059324563 518.968
-0.00059304563 516.968
-0.00059284563 518.568
-0.00059264563 518.968
-0.00059244563 518.968
-0.00059224563 517.368
-0.00059204563 519.367
-0.00059184563 519.367
-0.00059164563 520.567
-0.00059144563 520.167
-0.00059124563 518.168
-0.00059104563 519.767
-0.00059084563 519.767
-0.00059064563 517.768
-0.00059044563 517.368
-0.00059024563 519.767
-0.00059004563 518.568
-0.00058984563 515.769
-0.00058964563 517.368
-0.00058944563 520.167
-0.00058924563 518.568
-0.00058904563 518.568
-0.00058884563 519.367
-0.00058864563 521.366
-0.00058844563 518.968
-0.00058824563 516.169
-0.00058804563 519.767
-0.00058784563 518.568
-0.00058764563 519.767
-0.00058744563 520.967
-0.00058724563 518.568
-0.00058704563 519.367
-0.00058684563 517.368
-0.00058664563 516.968
-0.00058644563 518.968
-0.00058624563 519.767
-0.00058604563 520.167
-0.00058584563 519.367
-0.00058564563 516.569
-0.00058544563 520.967
-0.00058524563 515.769
-0.00058504563 518.168
-0.00058484563 520.567
-0.00058464563 519.767
-0.00058444563 518.168
-0.00058424563 519.767
-0.00058404563 518.968
-0.00058384563 519.367
-0.00058364563 520.967
-0.00058344563 520.167
-0.00058324563 518.568
-0.00058304563 522.166
-0.00058284563 516.569
-0.00058264563 517.768
-0.00058244563 521.766
-0.00058224563 520.167
-0.00058204563 516.169
-0.00058184563 520.167
-0.00058164563 519.767
-0.00058144563 518.968
-0.00058124563 518.168
-0.00058104563 516.569
-0.00058084563 517.368
-0.00058064563 518.568
-0.00058044563 518.968
-0.00058024563 518.568
-0.00058004563 518.968
-0.00057984563 520.967
-0.00057964563 520.567
-0.00057944563 518.568
-0.00057924563 520.167
-0.00057904563 518.968
-0.00057884563 518.568
-0.00057864563 519.367
-0.00057844563 520.167
-0.00057824563 519.367
-0.00057804563 522.566
-0.00057784563 517.368
-0.00057764563 520.567
-0.00057744563 517.368
-0.00057724563 520.167
-0.00057704563 518.968
-0.00057684563 521.366
-0.00057664563 521.766
-0.00057644563 519.367
-0.00057624563 519.767
-0.00057604563 517.768
-0.00057584563 520.567
-0.00057564563 520.967
-0.00057544563 519.367
-0.00057524563 518.968
-0.00057504563 518.968
-0.00057484563 519.367
-0.00057464563 520.567
-0.00057444563 517.768
-0.00057424563 519.367
-0.00057404563 519.367
-0.00057384563 518.968
-0.00057364563 518.968
-0.00057344563 520.567
-0.00057324563 518.968
-0.00057304563 518.568
-0.00057284563 518.168
-0.00057264563 516.169
-0.00057244563 524.165
-0.00057224563 518.968
-0.00057204563 518.968
-0.00057184563 518.968
-0.00057164563 520.167
-0.00057144563 517.768
-0.00057124563 519.367
-0.00057104563 518.968
-0.00057084563 519.367
-0.00057064563 519.367
-0.00057044563 519.367
-0.00057024563 519.367
-0.00057004563 518.968
-0.00056984563 518.568
-0.00056964563 520.567
-0.00056944563 518.168
-0.00056924563 519.767
-0.00056904563 522.566
-0.00056884563 520.567
-0.00056864563 521.366
-0.00056844563 518.568
-0.00056824563 518.568
-0.00056804563 520.567
-0.00056784563 520.567
-0.00056764563 517.768
-0.00056744563 520.567
-0.00056724563 520.567
-0.00056704563 518.968
-0.00056684563 518.968
-0.00056664563 518.168
-0.00056644563 519.767
-0.00056624563 520.967
-0.00056604563 521.366
-0.00056584563 518.968
-0.00056564563 518.568
-0.00056544563 520.967
-0.00056524563 518.168
-0.00056504563 518.968
-0.00056484563 520.967
-0.00056464563 519.367
-0.00056444563 519.367
-0.00056424563 518.968
-0.00056404563 518.968
-0.00056384563 520.167
-0.00056364563 518.568
-0.00056344563 516.569
-0.00056324563 518.568
-0.00056304563 519.367
-0.00056284563 520.167
-0.00056264563 518.168
-0.00056244563 518.568
-0.00056224563 519.367
-0.00056204563 520.167
-0.00056184563 520.567
-0.00056164563 514.569
-0.00056144563 519.767
-0.00056124563 519.367
-0.00056104563 516.169
-0.00056084563 518.968
-0.00056064563 520.967
-0.00056044563 517.768
-0.00056024563 520.167
-0.00056004563 518.168
-0.00055984563 519.767
-0.00055964563 518.568
-0.00055944563 518.968
-0.00055924563 518.168
-0.00055904563 516.968
-0.00055884563 520.167
-0.00055864563 517.368
-0.00055844563 517.368
-0.00055824563 518.968
-0.00055804563 518.168
-0.00055784563 518.968
-0.00055764563 519.367
-0.00055744563 518.168
-0.00055724563 518.968
-0.00055704563 518.968
-0.00055684563 518.568
-0.00055664563 517.368
-0.00055644563 520.567
-0.00055624563 518.568
-0.00055604563 517.368
-0.00055584563 517.368
-0.00055564563 520.567
-0.00055544563 516.968
-0.00055524563 517.768
-0.00055504563 518.568
-0.00055484563 517.368
-0.00055464563 516.169
-0.00055444563 515.769
-0.00055424563 517.768
-0.00055404563 519.367
-0.00055384563 518.568
-0.00055364563 519.367
-0.00055344563 516.169
-0.00055324563 520.567
-0.00055304563 516.569
-0.00055284563 517.768
-0.00055264563 516.169
-0.00055244563 516.169
-0.00055224563 519.767
-0.00055204563 518.568
-0.00055184563 519.767
-0.00055164563 518.568
-0.00055144563 515.369
-0.00055124563 514.17
-0.00055104563 516.968
-0.00055084563 516.169
-0.00055064563 516.968
-0.00055044563 516.569
-0.00055024563 519.367
-0.00055004563 516.169
-0.00054984563 516.169
-0.00054964563 516.569
-0.00054944563 516.169
-0.00054924563 516.569
-0.00054904563 516.968
-0.00054884563 518.168
-0.00054864563 516.569
-0.00054844563 515.769
-0.00054824563 516.569
-0.00054804563 519.367
-0.00054784563 518.568
-0.00054764563 515.369
-0.00054744563 515.769
-0.00054724563 518.568
-0.00054704563 518.568
-0.00054684563 516.968
-0.00054664563 516.569
-0.00054644563 517.768
-0.00054624563 518.568
-0.00054604563 516.968
-0.00054584563 514.969
-0.00054564563 515.769
-0.00054544563 517.768
-0.00054524563 519.767
-0.00054504563 518.568
-0.00054484563 516.968
-0.00054464563 516.169
-0.00054444563 516.169
-0.00054424563 517.368
-0.00054404563 516.169
-0.00054384563 516.968
-0.00054364563 516.569
-0.00054344563 516.569
-0.00054324563 516.569
-0.00054304563 516.169
-0.00054284563 519.367
-0.00054264563 517.368
-0.00054244563 515.769
-0.00054224563 516.968
-0.00054204563 515.769
-0.00054184563 519.767
-0.00054164563 519.367
-0.00054144563 516.968
-0.00054124563 514.569
-0.00054104563 517.768
-0.00054084563 517.368
-0.00054064563 517.368
-0.00054044563 516.569
-0.00054024563 516.968
-0.00054004563 516.169
-0.00053984563 516.169
-0.00053964563 517.768
-0.00053944563 517.368
-0.00053924563 517.368
-0.00053904563 515.369
-0.00053884563 516.169
-0.00053864563 518.168
-0.00053844563 515.769
-0.00053824563 514.17
-0.00053804563 516.169
-0.00053784563 518.568
-0.00053764563 516.169
-0.00053744563 514.569
-0.00053724563 514.569
-0.00053704563 515.769
-0.00053684563 515.769
-0.00053664563 518.568
-0.00053644563 516.169
-0.00053624563 515.369
-0.00053604563 516.169
-0.00053584563 516.569
-0.00053564563 516.169
-0.00053544563 516.569
-0.00053524563 516.169
-0.00053504563 517.368
-0.00053484563 515.769
-0.00053464563 516.169
-0.00053444563 516.968
-0.00053424563 517.368
-0.00053404563 518.568
-0.00053384563 520.167
-0.00053364563 516.169
-0.00053344563 516.169
-0.00053324563 516.569
-0.00053304563 518.568
-0.00053284563 516.569
-0.00053264563 516.569
-0.00053244563 517.768
-0.00053224563 518.568
-0.00053204563 516.569
-0.00053184563 514.969
-0.00053164563 516.169
-0.00053144563 515.769
-0.00053124563 517.768
-0.00053104563 514.969
-0.00053084563 514.969
-0.00053064563 515.369
-0.00053044563 514.969
-0.00053024563 516.169
-0.00053004563 513.77
-0.00052984563 514.969
-0.00052964563 514.17
-0.00052944563 516.569
-0.00052924563 515.769
-0.00052904563 516.968
-0.00052884563 517.368
-0.00052864563 516.169
-0.00052844563 516.968
-0.00052824563 517.368
-0.00052804563 515.369
-0.00052784563 518.168
-0.00052764563 514.17
-0.00052744563 516.968
-0.00052724563 518.168
-0.00052704563 517.368
-0.00052684563 516.968
-0.00052664563 515.769
-0.00052644563 514.17
-0.00052624563 515.369
-0.00052604563 515.769
-0.00052584563 515.769
-0.00052564563 515.769
-0.00052544563 515.769
-0.00052524563 517.368
-0.00052504563 512.171
-0.00052484563 514.569
-0.00052464563 514.969
-0.00052444563 515.369
-0.00052424563 516.569
-0.00052404563 515.769
-0.00052384563 514.569
-0.00052364563 515.769
-0.00052344563 514.569
-0.00052324563 516.569
-0.00052304563 517.368
-0.00052284563 518.568
-0.00052264563 515.769
-0.00052244563 516.569
-0.00052224563 516.169
-0.00052204563 518.968
-0.00052184563 516.569
-0.00052164563 517.368
-0.00052144563 518.168
-0.00052124563 516.968
-0.00052104563 515.369
-0.00052084563 515.769
-0.00052064563 515.769
-0.00052044563 519.767
-0.00052024563 515.769
-0.00052004563 515.769
-0.00051984563 516.169
-0.00051964563 516.569
-0.00051944563 515.369
-0.00051924563 514.17
-0.00051904563 518.968
-0.00051884563 516.569
-0.00051864563 518.968
-0.00051844563 519.767
-0.00051824563 514.969
-0.00051804563 514.969
-0.00051784563 515.369
-0.00051764563 520.567
-0.00051744563 514.569
-0.00051724563 514.17
-0.00051704563 513.77
-0.00051684563 515.769
-0.00051664563 515.369
-0.00051644563 518.168
-0.00051624563 515.769
-0.00051604563 513.37
-0.00051584563 514.17
-0.00051564563 515.769
-0.00051544563 516.169
-0.00051524563 514.569
-0.00051504563 514.17
-0.00051484563 515.369
-0.00051464563 516.169
-0.00051444563 512.97
-0.00051424563 515.369
-0.00051404563 515.369
-0.00051384563 513.77
-0.00051364563 514.569
-0.00051344563 513.37
-0.00051324563 514.569
-0.00051304563 514.569
-0.00051284563 515.769
-0.00051264563 516.169
-0.00051244563 516.169
-0.00051224563 513.77
-0.00051204563 516.169
-0.00051184563 514.969
-0.00051164563 514.17
-0.00051144563 513.77
-0.00051124563 514.969
-0.00051104563 513.37
-0.00051084563 512.97
-0.00051064563 515.369
-0.00051044563 513.37
-0.00051024563 514.17
-0.00051004563 514.969
-0.00050984563 514.969
-0.00050964563 514.17
-0.00050944563 515.769
-0.00050924563 515.369
-0.00050904563 514.969
-0.00050884563 512.57
-0.00050864563 515.769
-0.00050844563 515.769
-0.00050824563 516.169
-0.00050804563 512.97
-0.00050784563 512.97
-0.00050764563 516.169
-0.00050744563 511.771
-0.00050724563 515.769
-0.00050704563 512.57
-0.00050684563 515.369
-0.00050664563 516.569
-0.00050644563 515.369
-0.00050624563 516.169
-0.00050604563 514.17
-0.00050584563 516.569
-0.00050564563 514.17
-0.00050544563 511.771
-0.00050524563 512.97
-0.00050504563 515.369
-0.00050484563 515.369
-0.00050464563 515.369
-0.00050444563 514.569
-0.00050424563 513.37
-0.00050404563 514.969
-0.00050384563 514.17
-0.00050364563 514.569
-0.00050344563 514.969
-0.00050324563 514.17
-0.00050304563 514.17
-0.00050284563 513.77
-0.00050264563 513.37
-0.00050244563 515.769
-0.00050224563 516.169
-0.00050204563 513.37
-0.00050184563 516.169
-0.00050164563 515.369
-0.00050144563 514.17
-0.00050124563 514.17
-0.00050104563 514.17
-0.00050084563 513.37
-0.00050064563 515.769
-0.00050044563 515.769
-0.00050024563 515.369
-0.00050004563 515.369
-0.00049984563 515.369
-0.00049964563 513.77
-0.00049944563 514.569
-0.00049924563 514.969
-0.00049904563 516.169
-0.00049884563 512.97
-0.00049864563 517.368
-0.00049844563 514.17
-0.00049824563 514.569
-0.00049804563 516.569
-0.00049784563 514.569
-0.00049764563 516.569
-0.00049744563 516.169
-0.00049724563 513.37
-0.00049704563 515.369
-0.00049684563 514.17
-0.00049664563 516.169
-0.00049644563 515.369
-0.00049624563 514.569
-0.00049604563 516.169
-0.00049584563 514.969
-0.00049564563 515.369
-0.00049544563 514.17
-0.00049524563 516.169
-0.00049504563 516.169
-0.00049484563 514.17
-0.00049464563 515.769
-0.00049444563 513.77
-0.00049424563 514.969
-0.00049404563 514.17
-0.00049384563 516.169
-0.00049364563 515.369
-0.00049344563 512.97
-0.00049324563 513.37
-0.00049304563 515.369
-0.00049284563 514.569
-0.00049264563 514.17
-0.00049244563 514.569
-0.00049224563 515.369
-0.00049204563 516.968
-0.00049184563 515.769
-0.00049164563 515.369
-0.00049144563 515.369
-0.00049124563 514.969
-0.00049104563 513.77
-0.00049084563 514.969
-0.00049064563 515.769
-0.00049044563 514.569
-0.00049024563 511.371
-0.00049004563 518.168
-0.00048984563 516.169
-0.00048964563 516.968
-0.00048944563 512.97
-0.00048924563 515.369
-0.00048904563 514.969
-0.00048884563 514.969
-0.00048864563 516.169
-0.00048844563 516.169
-0.00048824563 512.97
-0.00048804563 514.17
-0.00048784563 515.369
-0.00048764563 515.369
-0.00048744563 513.77
-0.00048724563 514.569
-0.00048704563 512.57
-0.00048684563 514.569
-0.00048664563 516.169
-0.00048644563 516.169
-0.00048624563 515.369
-0.00048604563 516.169
-0.00048584563 514.569
-0.00048564563 511.771
-0.00048544563 514.969
-0.00048524563 513.77
-0.00048504563 516.569
-0.00048484563 512.57
-0.00048464563 516.169
-0.00048444563 511.771
-0.00048424563 512.57
-0.00048404563 511.771
-0.00048384563 516.169
-0.00048364563 515.369
-0.00048344563 513.37
-0.00048324563 512.97
-0.00048304563 516.569
-0.00048284563 514.569
-0.00048264563 514.569
-0.00048244563 515.769
-0.00048224563 514.969
-0.00048204563 515.369
-0.00048184563 514.969
-0.00048164563 516.569
-0.00048144563 514.17
-0.00048124563 512.97
-0.00048104563 515.369
-0.00048084563 515.369
-0.00048064563 514.569
-0.00048044563 514.17
-0.00048024563 512.97
-0.00048004563 516.169
-0.00047984563 510.171
-0.00047964563 514.969
-0.00047944563 514.17
-0.00047924563 512.171
-0.00047904563 514.969
-0.00047884563 512.97
-0.00047864563 513.77
-0.00047844563 514.969
-0.00047824563 515.769
-0.00047804563 512.97
-0.00047784563 515.769
-0.00047764563 511.771
-0.00047744563 512.171
-0.00047724563 513.37
-0.00047704563 517.368
-0.00047684563 515.369
-0.00047664563 512.171
-0.00047644563 513.37
-0.00047624563 514.17
-0.00047604563 513.77
-0.00047584563 514.569
-0.00047564563 510.571
-0.00047544563 513.37
-0.00047524563 512.97
-0.00047504563 512.171
-0.00047484563 513.37
-0.00047464563 510.971
-0.00047444563 510.971
-0.00047424563 512.57
-0.00047404563 514.17
-0.00047384563 514.569
-0.00047364563 513.37
-0.00047344563 512.171
-0.00047324563 510.971
-0.00047304563 512.97
-0.00047284563 514.969
-0.00047264563 512.57
-0.00047244563 514.569
-0.00047224563 508.972
-0.00047204563 512.57
-0.00047184563 511.371
-0.00047164563 511.371
-0.00047144563 510.171
-0.00047124563 510.971
-0.00047104563 514.969
-0.00047084563 510.571
-0.00047064563 514.17
-0.00047044563 510.571
-0.00047024563 510.171
-0.00047004563 510.171
-0.00046984563 512.171
-0.00046964563 512.171
-0.00046944563 512.57
-0.00046924563 512.97
-0.00046904563 513.37
-0.00046884563 510.171
-0.00046864563 511.771
-0.00046844563 512.97
-0.00046824563 512.97
-0.00046804563 511.771
-0.00046784563 511.771
-0.00046764563 514.569
-0.00046744563 510.571
-0.00046724563 510.171
-0.00046704563 510.171
-0.00046684563 512.57
-0.00046664563 510.571
-0.00046644563 512.57
-0.00046624563 511.771
-0.00046604563 515.769
-0.00046584563 514.17
-0.00046564563 512.171
-0.00046544563 513.37
-0.00046524563 509.772
-0.00046504563 511.371
-0.00046484563 512.97
-0.00046464563 510.571
-0.00046444563 511.771
-0.00046424563 512.57
-0.00046404563 511.371
-0.00046384563 512.57
-0.00046364563 509.772
-0.00046344563 511.371
-0.00046324563 511.371
-0.00046304563 512.171
-0.00046284563 512.57
-0.00046264563 510.571
-0.00046244563 509.772
-0.00046224563 509.372
-0.00046204563 512.57
-0.00046184563 512.57
-0.00046164563 511.771
-0.00046144563 510.971
-0.00046124563 511.771
-0.00046104563 512.57
-0.00046084563 511.371
-0.00046064563 509.772
-0.00046044563 512.171
-0.00046024563 511.771
-0.00046004563 511.371
-0.00045984563 509.372
-0.00045964563 510.571
-0.00045944563 510.971
-0.00045924563 510.971
-0.00045904563 508.972
-0.00045884563 513.77
-0.00045864563 511.371
-0.00045844563 510.971
-0.00045824563 513.37
-0.00045804563 512.57
-0.00045784563 512.57
-0.00045764563 510.971
-0.00045744563 512.171
-0.00045724563 513.37
-0.00045704563 512.97
-0.00045684563 511.771
-0.00045664563 513.37
-0.00045644563 511.371
-0.00045624563 512.171
-0.00045604563 510.571
-0.00045584563 511.371
-0.00045564563 512.171
-0.00045544563 510.571
-0.00045524563 509.372
-0.00045504563 510.571
-0.00045484563 511.371
-0.00045464563 509.772
-0.00045444563 510.171
-0.00045424563 511.371
-0.00045404563 511.771
-0.00045384563 512.57
-0.00045364563 508.572
-0.00045344563 512.57
-0.00045324563 511.771
-0.00045304563 512.57
-0.00045284563 510.571
-0.00045264563 508.972
-0.00045244563 511.771
-0.00045224563 510.171
-0.00045204563 511.771
-0.00045184563 512.171
-0.00045164563 513.37
-0.00045144563 510.571
-0.00045124563 512.97
-0.00045104563 509.772
-0.00045084563 510.171
-0.00045064563 511.371
-0.00045044563 512.171
-0.00045024563 511.371
-0.00045004563 511.771
-0.00044984563 510.971
-0.00044964563 508.972
-0.00044944563 510.971
-0.00044924563 508.172
-0.00044904563 511.771
-0.00044884563 509.772
-0.00044864563 512.57
-0.00044844563 509.772
-0.00044824563 510.571
-0.00044804563 510.971
-0.00044784563 509.772
-0.00044764563 511.371
-0.00044744563 512.97
-0.00044724563 512.171
-0.00044704563 510.571
-0.00044684563 511.771
-0.00044664563 512.57
-0.00044644563 510.171
-0.00044624563 512.57
-0.00044604563 512.171
-0.00044584563 510.571
-0.00044564563 510.971
-0.00044544563 508.972
-0.00044524563 512.171
-0.00044504563 508.972
-0.00044484563 511.371
-0.00044464563 509.372
-0.00044444563 509.372
-0.00044424563 509.372
-0.00044404563 512.97
-0.00044384563 509.372
-0.00044364563 507.773
-0.00044344563 510.571
-0.00044324563 508.572
-0.00044304563 508.172
-0.00044284563 509.772
-0.00044264563 510.571
-0.00044244563 511.371
-0.00044224563 509.772
-0.00044204563 510.971
-0.00044184563 511.371
-0.00044164563 506.973
-0.00044144563 509.772
-0.00044124563 508.972
-0.00044104563 508.172
-0.00044084563 510.971
-0.00044064563 509.372
-0.00044044563 508.572
-0.00044024563 509.372
-0.00044004563 509.372
-0.00043984563 509.772
-0.00043964563 509.372
-0.00043944563 510.171
-0.00043924563 511.371
-0.00043904563 508.972
-0.00043884563 510.571
-0.00043864563 511.771
-0.00043844563 508.972
-0.00043824563 509.772
-0.00043804563 510.171
-0.00043784563 508.572
-0.00043764563 507.773
-0.00043744563 506.573
-0.00043724563 508.172
-0.00043704563 506.173
-0.00043684563 509.372
-0.00043664563 506.973
-0.00043644563 508.572
-0.00043624563 511.771
-0.00043604563 506.173
-0.00043584563 509.372
-0.00043564563 508.972
-0.00043544563 508.572
-0.00043524563 508.572
-0.00043504563 511.371
-0.00043484563 508.572
-0.00043464563 507.773
-0.00043444563 509.372
-0.00043424563 508.572
-0.00043404563 508.172
-0.00043384563 508.172
-0.00043364563 508.572
-0.00043344563 508.572
-0.00043324563 507.373
-0.00043304563 507.773
-0.00043284563 508.972
-0.00043264563 508.172
-0.00043244563 507.773
-0.00043224563 507.773
-0.00043204563 510.171
-0.00043184563 506.573
-0.00043164563 506.973
-0.00043144563 510.171
-0.00043124563 506.573
-0.00043104563 505.773
-0.00043084563 507.773
-0.00043064563 509.772
-0.00043044563 507.373
-0.00043024563 510.171
-0.00043004563 506.573
-0.00042984563 507.373
-0.00042964563 509.372
-0.00042944563 508.172
-0.00042924563 507.373
-0.00042904563 510.571
-0.00042884563 504.574
-0.00042864563 507.773
-0.00042844563 508.172
-0.00042824563 512.171
-0.00042804563 509.372
-0.00042784563 508.572
-0.00042764563 507.773
-0.00042744563 508.572
-0.00042724563 507.373
-0.00042704563 507.373
-0.00042684563 510.171
-0.00042664563 508.972
-0.00042644563 510.971
-0.00042624563 508.172
-0.00042604563 510.971
-0.00042584563 505.773
-0.00042564563 506.973
-0.00042544563 505.773
-0.00042524563 507.773
-0.00042504563 507.773
-0.00042484563 507.373
-0.00042464563 506.573
-0.00042444563 506.173
-0.00042424563 504.974
-0.00042404563 507.773
-0.00042384563 505.773
-0.00042364563 503.774
-0.00042344563 506.973
-0.00042324563 507.773
-0.00042304563 506.173
-0.00042284563 507.373
-0.00042264563 508.572
-0.00042244563 508.572
-0.00042224563 507.773
-0.00042204563 504.174
-0.00042184563 506.573
-0.00042164563 508.172
-0.00042144563 506.173
-0.00042124563 507.373
-0.00042104563 506.173
-0.00042084563 506.573
-0.00042064563 507.373
-0.00042044563 506.573
-0.00042024563 504.974
-0.00042004563 506.173
-0.00041984563 505.773
-0.00041964563 504.174
-0.00041944563 505.773
-0.00041924563 506.973
-0.00041904563 506.973
-0.00041884563 507.373
-0.00041864563 505.773
-0.00041844563 506.573
-0.00041824563 506.573
-0.00041804563 507.373
-0.00041784563 507.373
-0.00041764563 508.972
-0.00041744563 503.774
-0.00041724563 506.573
-0.00041704563 504.974
-0.00041684563 506.573
-0.00041664563 506.973
-0.00041644563 506.173
-0.00041624563 506.573
-0.00041604563 508.572
-0.00041584563 506.573
-0.00041564563 504.974
-0.00041544563 505.374
-0.00041524563 506.173
-0.00041504563 507.373
-0.00041484563 505.374
-0.00041464563 507.373
-0.00041444563 506.973
-0.00041424563 506.173
-0.00041404563 506.973
-0.00041384563 505.773
-0.00041364563 503.374
-0.00041344563 505.773
-0.00041324563 506.573
-0.00041304563 508.572
-0.00041284563 508.172
-0.00041264563 507.773
-0.00041244563 504.974
-0.00041224563 507.773
-0.00041204563 506.573
-0.00041184563 505.773
-0.00041164563 504.574
-0.00041144563 504.974
-0.00041124563 506.173
-0.00041104563 506.173
-0.00041084563 506.573
-0.00041064563 505.773
-0.00041044563 506.173
-0.00041024563 505.773
-0.00041004563 504.974
-0.00040984563 507.373
-0.00040964563 503.774
-0.00040944563 508.172
-0.00040924563 507.373
-0.00040904563 505.374
-0.00040884563 506.173
-0.00040864563 506.173
-0.00040844563 506.573
-0.00040824563 506.173
-0.00040804563 507.373
-0.00040784563 506.973
-0.00040764563 507.373
-0.00040744563 506.973
-0.00040724563 505.374
-0.00040704563 505.374
-0.00040684563 504.174
-0.00040664563 506.173
-0.00040644563 505.773
-0.00040624563 504.574
-0.00040604563 506.173
-0.00040584563 506.173
-0.00040564563 506.173
-0.00040544563 506.173
-0.00040524563 504.574
-0.00040504563 504.974
-0.00040484563 505.374
-0.00040464563 506.573
-0.00040444563 505.374
-0.00040424563 502.975
-0.00040404563 505.374
-0.00040384563 508.172
-0.00040364563 506.973
-0.00040344563 506.173
-0.00040324563 502.575
-0.00040304563 507.773
-0.00040284563 504.174
-0.00040264563 507.773
-0.00040244563 507.373
-0.00040224563 507.773
-0.00040204563 506.173
-0.00040184563 505.374
-0.00040164563 507.773
-0.00040144563 504.974
-0.00040124563 504.974
-0.00040104563 504.574
-0.00040084563 506.573
-0.00040064563 505.773
-0.00040044563 505.374
-0.00040024563 503.774
-0.00040004563 506.173
-0.00039984563 504.974
-0.00039964563 504.574
-0.00039944563 504.174
-0.00039924563 503.374
-0.00039904563 506.573
-0.00039884563 505.374
-0.00039864563 505.773
-0.00039844563 504.974
-0.00039824563 503.374
-0.00039804563 504.174
-0.00039784563 504.174
-0.00039764563 504.574
-0.00039744563 507.373
-0.00039724563 503.374
-0.00039704563 502.975
-0.00039684563 504.574
-0.00039664563 503.374
-0.00039644563 506.973
-0.00039624563 504.974
-0.00039604563 502.975
-0.00039584563 508.172
-0.00039564563 506.173
-0.00039544563 507.373
-0.00039524563 503.774
-0.00039504563 505.773
-0.00039484563 503.774
-0.00039464563 504.574
-0.00039444563 506.573
-0.00039424563 504.974
-0.00039404563 504.974
-0.00039384563 504.174
-0.00039364563 501.775
-0.00039344563 506.173
-0.00039324563 504.174
-0.00039304563 502.975
-0.00039284563 505.773
-0.00039264563 502.175
-0.00039244563 502.175
-0.00039224563 507.373
-0.00039204563 504.574
-0.00039184563 502.575
-0.00039164563 502.575
-0.00039144563 502.575
-0.00039124563 502.175
-0.00039104563 504.174
-0.00039084563 504.574
-0.00039064563 502.575
-0.00039044563 502.575
-0.00039024563 506.173
-0.00039004563 504.974
-0.00038984563 503.374
-0.00038964563 503.374
-0.00038944563 504.574
-0.00038924563 504.974
-0.00038904563 503.374
-0.00038884563 504.974
-0.00038864563 503.774
-0.00038844563 504.174
-0.00038824563 502.975
-0.00038804563 502.975
-0.00038784563 502.975
-0.00038764563 503.774
-0.00038744563 506.173
-0.00038724563 503.374
-0.00038704563 502.175
-0.00038684563 503.374
-0.00038664563 504.574
-0.00038644563 504.974
-0.00038624563 503.374
-0.00038604563 502.175
-0.00038584563 504.574
-0.00038564563 504.974
-0.00038544563 499.376
-0.00038524563 503.774
-0.00038504563 504.574
-0.00038484563 502.175
-0.00038464563 506.173
-0.00038444563 503.374
-0.00038424563 500.976
-0.00038404563 501.775
-0.00038384563 502.975
-0.00038364563 503.374
-0.00038344563 504.974
-0.00038324563 503.374
-0.00038304563 500.976
-0.00038284563 503.374
-0.00038264563 503.374
-0.00038244563 501.375
-0.00038224563 501.375
-0.00038204563 504.574
-0.00038184563 504.174
-0.00038164563 500.176
-0.00038144563 504.174
-0.00038124563 504.174
-0.00038104563 503.774
-0.00038084563 502.175
-0.00038064563 502.575
-0.00038044563 504.574
-0.00038024563 504.974
-0.00038004563 502.975
-0.00037984563 503.374
-0.00037964563 503.374
-0.00037944563 504.574
-0.00037924563 502.975
-0.00037904563 500.176
-0.00037884563 502.575
-0.00037864563 504.174
-0.00037844563 502.975
-0.00037824563 498.976
-0.00037804563 501.375
-0.00037784563 502.975
-0.00037764563 501.775
-0.00037744563 503.774
-0.00037724563 502.575
-0.00037704563 502.575
-0.00037684563 506.573
-0.00037664563 502.175
-0.00037644563 500.976
-0.00037624563 502.175
-0.00037604563 505.773
-0.00037584563 506.173
-0.00037564563 504.574
-0.00037544563 504.974
-0.00037524563 501.375
-0.00037504563 502.975
-0.00037484563 500.976
-0.00037464563 503.374
-0.00037444563 505.773
-0.00037424563 502.975
-0.00037404563 500.976
-0.00037384563 502.975
-0.00037364563 500.976
-0.00037344563 504.574
-0.00037324563 504.574
-0.00037304563 502.575
-0.00037284563 504.974
-0.00037264563 499.776
-0.00037244563 502.175
-0.00037224563 501.375
-0.00037204563 503.374
-0.00037184563 502.975
-0.00037164563 504.174
-0.00037144563 502.575
-0.00037124563 502.575
-0.00037104563 502.975
-0.00037084563 501.775
-0.00037064563 503.374
-0.00037044563 501.775
-0.00037024563 504.574
-0.00037004563 502.575
-0.00036984563 500.976
-0.00036964563 504.574
-0.00036944563 502.175
-0.00036924563 501.775
-0.00036904563 502.175
-0.00036884563 501.375
-0.00036864563 502.575
-0.00036844563 500.976
-0.00036824563 502.175
-0.00036804563 502.975
-0.00036784563 503.774
-0.00036764563 502.575
-0.00036744563 502.975
-0.00036724563 502.175
-0.00036704563 500.176
-0.00036684563 501.375
-0.00036664563 503.774
-0.00036644563 503.774
-0.00036624563 501.375
-0.00036604563 499.376
-0.00036584563 502.575
-0.00036564563 502.975
-0.00036544563 503.374
-0.00036524563 500.576
-0.00036504563 501.775
-0.00036484563 503.774
-0.00036464563 502.575
-0.00036444563 500.176
-0.00036424563 500.976
-0.00036404563 501.775
-0.00036384563 500.976
-0.00036364563 499.376
-0.00036344563 501.775
-0.00036324563 503.374
-0.00036304563 501.775
-0.00036284563 500.976
-0.00036264563 500.976
-0.00036244563 501.375
-0.00036224563 501.775
-0.00036204563 500.176
-0.00036184563 499.776
-0.00036164563 500.976
-0.00036144563 501.775
-0.00036124563 502.975
-0.00036104563 500.576
-0.00036084563 498.177
-0.00036064563 500.576
-0.00036044563 499.776
-0.00036024563 501.375
-0.00036004563 500.176
-0.00035984563 501.775
-0.00035964563 500.576
-0.00035944563 501.375
-0.00035924563 500.176
-0.00035904563 501.375
-0.00035884563 498.976
-0.00035864563 501.375
-0.00035844563 498.177
-0.00035824563 500.576
-0.00035804563 498.976
-0.00035784563 502.575
-0.00035764563 498.976
-0.00035744563 498.577
-0.00035724563 500.176
-0.00035704563 501.775
-0.00035684563 504.174
-0.00035664563 501.775
-0.00035644563 499.376
-0.00035624563 500.976
-0.00035604563 501.375
-0.00035584563 502.175
-0.00035564563 498.177
-0.00035544563 500.976
-0.00035524563 503.374
-0.00035504563 499.376
-0.00035484563 498.577
-0.00035464563 499.376
-0.00035444563 502.175
-0.00035424563 499.776
-0.00035404563 501.375
-0.00035384563 500.576
-0.00035364563 502.175
-0.00035344563 500.176
-0.00035324563 496.578
-0.00035304563 500.976
-0.00035284563 498.577
-0.00035264563 500.576
-0.00035244563 500.176
-0.00035224563 501.375
-0.00035204563 499.376
-0.00035184563 497.777
-0.00035164563 501.375
-0.00035144563 500.576
-0.00035124563 500.976
-0.00035104563 500.576
-0.00035084563 498.976
-0.00035064563 502.575
-0.00035044563 498.577
-0.00035024563 498.976
-0.00035004563 500.176
-0.00034984563 501.375
-0.00034964563 498.976
-0.00034944563 500.576
-0.00034924563 499.776
-0.00034904563 500.176
-0.00034884563 496.977
-0.00034864563 498.577
-0.00034844563 500.976
-0.00034824563 501.375
-0.00034804563 499.376
-0.00034784563 498.976
-0.00034764563 497.377
-0.00034744563 498.177
-0.00034724563 498.577
-0.00034704563 498.577
-0.00034684563 498.577
-0.00034664563 499.376
-0.00034644563 496.578
-0.00034624563 500.176
-0.00034604563 498.577
-0.00034584563 499.376
-0.00034564563 498.577
-0.00034544563 500.576
-0.00034524563 496.178
-0.00034504563 498.577
-0.00034484563 496.977
-0.00034464563 495.778
-0.00034444563 498.976
-0.00034424563 500.176
-0.00034404563 498.577
-0.00034384563 498.577
-0.00034364563 497.777
-0.00034344563 498.177
-0.00034324563 498.177
-0.00034304563 498.177
-0.00034284563 497.777
-0.00034264563 495.778
-0.00034244563 498.577
-0.00034224563 497.377
-0.00034204563 500.176
-0.00034184563 496.578
-0.00034164563 498.177
-0.00034144563 496.578
-0.00034124563 495.378
-0.00034104563 499.376
-0.00034084563 496.178
-0.00034064563 497.777
-0.00034044563 494.978
-0.00034024563 496.977
-0.00034004563 498.577
-0.00033984563 499.776
-0.00033964563 498.177
-0.00033944563 496.578
-0.00033924563 499.776
-0.00033904563 495.378
-0.00033884563 498.577
-0.00033864563 498.577
-0.00033844563 497.377
-0.00033824563 495.778
-0.00033804563 496.578
-0.00033784563 496.977
-0.00033764563 495.378
-0.00033744563 498.177
-0.00033724563 496.578
-0.00033704563 498.976
-0.00033684563 498.976
-0.00033664563 499.376
-0.00033644563 496.977
-0.00033624563 497.377
-0.00033604563 496.578
-0.00033584563 496.977
-0.00033564563 497.777
-0.00033544563 496.578
-0.00033524563 496.178
-0.00033504563 496.977
-0.00033484563 496.578
-0.00033464563 500.176
-0.00033444563 496.578
-0.00033424563 496.178
-0.00033404563 498.976
-0.00033384563 499.376
-0.00033364563 500.176
-0.00033344563 496.977
-0.00033324563 495.778
-0.00033304563 497.377
-0.00033284563 496.178
-0.00033264563 497.377
-0.00033244563 498.976
-0.00033224563 495.378
-0.00033204563 497.777
-0.00033184563 497.777
-0.00033164563 500.576
-0.00033144563 497.777
-0.00033124563 498.976
-0.00033104563 497.377
-0.00033084563 496.977
-0.00033064563 496.178
-0.00033044563 495.778
-0.00033024563 499.776
-0.00033004563 496.178
-0.00032984563 498.177
-0.00032964563 500.176
-0.00032944563 498.177
-0.00032924563 498.177
-0.00032904563 497.777
-0.00032884563 498.577
-0.00032864563 498.177
-0.00032844563 497.777
-0.00032824563 500.176
-0.00032804563 498.577
-0.00032784563 498.577
-0.00032764563 498.577
-0.00032744563 498.577
-0.00032724563 495.378
-0.00032704563 496.977
-0.00032684563 498.976
-0.00032664563 496.578
-0.00032644563 500.576
-0.00032624563 498.577
-0.00032604563 494.978
-0.00032584563 498.177
-0.00032564563 496.578
-0.00032544563 496.977
-0.00032524563 498.577
-0.00032504563 496.977
-0.00032484563 500.576
-0.00032464563 497.377
-0.00032444563 499.376
-0.00032424563 502.575
-0.00032404563 498.177
-0.00032384563 498.177
-0.00032364563 498.177
-0.00032344563 496.977
-0.00032324563 497.777
-0.00032304563 498.976
-0.00032284563 498.976
-0.00032264563 498.976
-0.00032244563 496.578
-0.00032224563 498.976
-0.00032204563 500.976
-0.00032184563 498.177
-0.00032164563 500.176
-0.00032144563 496.977
-0.00032124563 498.177
-0.00032104563 501.775
-0.00032084563 497.377
-0.00032064563 500.176
-0.00032044563 499.376
-0.00032024563 498.976
-0.00032004563 500.576
-0.00031984563 501.375
-0.00031964563 499.376
-0.00031944563 500.176
-0.00031924563 497.777
-0.00031904563 497.777
-0.00031884563 501.375
-0.00031864563 500.976
-0.00031844563 497.777
-0.00031824563 498.177
-0.00031804563 501.375
-0.00031784563 498.976
-0.00031764563 499.376
-0.00031744563 499.376
-0.00031724563 498.177
-0.00031704563 500.976
-0.00031684563 499.376
-0.00031664563 499.376
-0.00031644563 500.176
-0.00031624563 497.377
-0.00031604563 498.577
-0.00031584563 501.375
-0.00031564563 498.976
-0.00031544563 497.777
-0.00031524563 500.976
-0.00031504563 498.577
-0.00031484563 498.976
-0.00031464563 496.578
-0.00031444563 498.577
-0.00031424563 498.577
-0.00031404563 497.777
-0.00031384563 498.976
-0.00031364563 497.377
-0.00031344563 497.377
-0.00031324563 498.177
-0.00031304563 498.177
-0.00031284563 496.977
-0.00031264563 498.577
-0.00031244563 499.376
-0.00031224563 498.976
-0.00031204563 498.976
-0.00031184563 503.374
-0.00031164563 499.376
-0.00031144563 502.575
-0.00031124563 498.976
-0.00031104563 497.377
-0.00031084563 500.976
-0.00031064563 500.976
-0.00031044563 500.576
-0.00031024563 496.578
-0.00031004563 497.377
-0.00030984563 498.976
-0.00030964563 498.177
-0.00030944563 498.577
-0.00030924563 497.377
-0.00030904563 499.776
-0.00030884563 498.177
-0.00030864563 498.976
-0.00030844563 499.776
-0.00030824563 500.176
-0.00030804563 501.775
-0.00030784563 499.776
-0.00030764563 499.776
-0.00030744563 499.776
-0.00030724563 497.377
-0.00030704563 500.976
-0.00030684563 498.577
-0.00030664563 498.177
-0.00030644563 499.776
-0.00030624563 499.376
-0.00030604563 499.776
-0.00030584563 498.577
-0.00030564563 500.576
-0.00030544563 500.576
-0.00030524563 499.776
-0.00030504563 500.976
-0.00030484563 498.177
-0.00030464563 497.377
-0.00030444563 501.775
-0.00030424563 498.976
-0.00030404563 498.976
-0.00030384563 498.976
-0.00030364563 497.377
-0.00030344563 496.977
-0.00030324563 497.377
-0.00030304563 499.376
-0.00030284563 497.377
-0.00030264563 498.577
-0.00030244563 496.977
-0.00030224563 497.377
-0.00030204563 496.977
-0.00030184563 498.976
-0.00030164563 498.976
-0.00030144563 498.577
-0.00030124563 496.977
-0.00030104563 498.976
-0.00030084563 496.178
-0.00030064563 500.976
-0.00030044563 495.378
-0.00030024563 500.576
-0.00030004563 496.977
-0.00029984563 495.378
-0.00029964563 498.177
-0.00029944563 496.977
-0.00029924563 498.976
-0.00029904563 497.777
-0.00029884563 498.177
-0.00029864563 496.578
-0.00029844563 496.977
-0.00029824563 497.377
-0.00029804563 498.577
-0.00029784563 497.377
-0.00029764563 493.779
-0.00029744563 498.976
-0.00029724563 498.177
-0.00029704563 496.578
-0.00029684563 494.179
-0.00029664563 498.577
-0.00029644563 496.977
-0.00029624563 492.18
-0.00029604563 498.177
-0.00029584563 496.178
-0.00029564563 494.978
-0.00029544563 494.179
-0.00029524563 496.977
-0.00029504563 496.178
-0.00029484563 496.578
-0.00029464563 497.377
-0.00029444563 494.179
-0.00029424563 494.578
-0.00029404563 495.778
-0.00029384563 492.979
-0.00029364563 495.778
-0.00029344563 493.779
-0.00029324563 496.578
-0.00029304563 495.778
-0.00029284563 494.578
-0.00029264563 496.977
-0.00029244563 493.779
-0.00029224563 492.979
-0.00029204563 493.379
-0.00029184563 495.778
-0.00029164563 495.778
-0.00029144563 494.578
-0.00029124563 497.377
-0.00029104563 493.379
-0.00029084563 495.378
-0.00029064563 492.579
-0.00029044563 495.778
-0.00029024563 494.978
-0.00029004563 495.778
-0.00028984563 495.378
-0.00028964563 495.778
-0.00028944563 497.377
-0.00028924563 495.778
-0.00028904563 491.78
-0.00028884563 493.779
-0.00028864563 493.379
-0.00028844563 496.578
-0.00028824563 495.378
-0.00028804563 490.98
-0.00028784563 494.179
-0.00028764563 492.18
-0.00028744563 494.978
-0.00028724563 496.578
-0.00028704563 492.18
-0.00028684563 494.978
-0.00028664563 495.378
-0.00028644563 494.179
-0.00028624563 494.978
-0.00028604563 496.178
-0.00028584563 496.178
-0.00028564563 494.179
-0.00028544563 491.78
-0.00028524563 491.78
-0.00028504563 495.378
-0.00028484563 492.579
-0.00028464563 494.179
-0.00028444563 494.578
-0.00028424563 494.978
-0.00028404563 496.578
-0.00028384563 493.379
-0.00028364563 494.978
-0.00028344563 496.578
-0.00028324563 494.179
-0.00028304563 495.778
-0.00028284563 496.178
-0.00028264563 493.779
-0.00028244563 494.578
-0.00028224563 496.178
-0.00028204563 498.177
-0.00028184563 494.179
-0.00028164563 495.778
-0.00028144563 493.379
-0.00028124563 492.579
-0.00028104563 495.378
-0.00028084563 494.578
-0.00028064563 492.579
-0.00028044563 495.778
-0.00028024563 492.979
-0.00028004563 494.578
-0.00027984563 493.379
-0.00027964563 494.179
-0.00027944563 495.778
-0.00027924563 493.779
-0.00027904563 495.378
-0.00027884563 493.779
-0.00027864563 492.979
-0.00027844563 492.18
-0.00027824563 494.179
-0.00027804563 495.378
-0.00027784563 491.78
-0.00027764563 494.179
-0.00027744563 493.379
-0.00027724563 495.378
-0.00027704563 493.379
-0.00027684563 492.579
-0.00027664563 493.379
-0.00027644563 492.579
-0.00027624563 491.78
-0.00027604563 494.179
-0.00027584563 490.58
-0.00027564563 494.578
-0.00027544563 494.978
-0.00027524563 493.779
-0.00027504563 495.778
-0.00027484563 493.379
-0.00027464563 492.979
-0.00027444563 492.979
-0.00027424563 496.578
-0.00027404563 493.379
-0.00027384563 492.979
-0.00027364563 493.379
-0.00027344563 493.779
-0.00027324563 492.979
-0.00027304563 493.779
-0.00027284563 494.179
-0.00027264563 495.378
-0.00027244563 493.779
-0.00027224563 493.379
-0.00027204563 494.978
-0.00027184563 495.378
-0.00027164563 494.978
-0.00027144563 493.379
-0.00027124563 494.179
-0.00027104563 491.38
-0.00027084563 495.378
-0.00027064563 494.179
-0.00027044563 496.578
-0.00027024563 493.779
-0.00027004563 493.779
-0.00026984563 494.578
-0.00026964563 493.779
-0.00026944563 492.579
-0.00026924563 491.78
-0.00026904563 494.179
-0.00026884563 492.579
-0.00026864563 492.579
-0.00026844563 492.18
-0.00026824563 495.778
-0.00026804563 496.178
-0.00026784563 494.179
-0.00026764563 494.179
-0.00026744563 494.578
-0.00026724563 494.179
-0.00026704563 492.579
-0.00026684563 494.179
-0.00026664563 494.179
-0.00026644563 494.179
-0.00026624563 494.578
-0.00026604563 494.578
-0.00026584563 494.578
-0.00026564563 493.779
-0.00026544563 495.378
-0.00026524563 494.179
-0.00026504563 493.379
-0.00026484563 494.978
-0.00026464563 494.578
-0.00026444563 492.18
-0.00026424563 493.379
-0.00026404563 495.378
-0.00026384563 492.579
-0.00026364563 494.179
-0.00026344563 494.578
-0.00026324563 495.378
-0.00026304563 494.578
-0.00026284563 496.178
-0.00026264563 495.378
-0.00026244563 494.578
-0.00026224563 496.578
-0.00026204563 495.378
-0.00026184563 492.18
-0.00026164563 494.578
-0.00026144563 493.379
-0.00026124563 494.578
-0.00026104563 494.978
-0.00026084563 494.978
-0.00026064563 493.379
-0.00026044563 492.979
-0.00026024563 492.579
-0.00026004563 494.578
-0.00025984563 494.978
-0.00025964563 497.777
-0.00025944563 494.578
-0.00025924563 495.778
-0.00025904563 495.778
-0.00025884563 492.979
-0.00025864563 495.778
-0.00025844563 494.578
-0.00025824563 493.779
-0.00025804563 494.978
-0.00025784563 494.578
-0.00025764563 494.978
-0.00025744563 492.979
-0.00025724563 494.179
-0.00025704563 493.379
-0.00025684563 493.779
-0.00025664563 496.578
-0.00025644563 492.979
-0.00025624563 492.979
-0.00025604563 494.578
-0.00025584563 494.179
-0.00025564563 494.978
-0.00025544563 494.978
-0.00025524563 495.778
-0.00025504563 491.38
-0.00025484563 497.377
-0.00025464563 493.379
-0.00025444563 495.378
-0.00025424563 494.578
-0.00025404563 492.579
-0.00025384563 495.378
-0.00025364563 493.779
-0.00025344563 496.578
-0.00025324563 495.378
-0.00025304563 492.979
-0.00025284563 494.578
-0.00025264563 492.979
-0.00025244563 494.578
-0.00025224563 492.979
-0.00025204563 496.178
-0.00025184563 495.378
-0.00025164563 494.578
-0.00025144563 495.378
-0.00025124563 494.978
-0.00025104563 496.578
-0.00025084563 495.778
-0.00025064563 498.177
-0.00025044563 494.179
-0.00025024563 497.777
-0.00025004563 494.978
-0.00024984563 493.779
-0.00024964563 494.179
-0.00024944563 494.978
-0.00024924563 493.379
-0.00024904563 495.778
-0.00024884563 492.18
-0.00024864563 495.378
-0.00024844563 496.578
-0.00024824563 494.578
-0.00024804563 495.778
-0.00024784563 494.578
-0.00024764563 496.977
-0.00024744563 498.577
-0.00024724563 494.578
-0.00024704563 496.178
-0.00024684563 496.578
-0.00024664563 496.578
-0.00024644563 496.578
-0.00024624563 493.779
-0.00024604563 492.579
-0.00024584563 496.178
-0.00024564563 492.579
-0.00024544563 493.379
-0.00024524563 494.978
-0.00024504563 496.578
-0.00024484563 493.779
-0.00024464563 493.779
-0.00024444563 495.778
-0.00024424563 495.778
-0.00024404563 494.978
-0.00024384563 496.977
-0.00024364563 494.978
-0.00024344563 494.179
-0.00024324563 496.178
-0.00024304563 492.579
-0.00024284563 494.179
-0.00024264563 494.978
-0.00024244563 494.179
-0.00024224563 497.777
-0.00024204563 497.377
-0.00024184563 496.578
-0.00024164563 494.978
-0.00024144563 494.179
-0.00024124563 496.977
-0.00024104563 495.378
-0.00024084563 494.978
-0.00024064563 493.779
-0.00024044563 493.379
-0.00024024563 495.378
-0.00024004563 496.178
-0.00023984563 494.978
-0.00023964563 494.578
-0.00023944563 496.178
-0.00023924563 494.978
-0.00023904563 492.18
-0.00023884563 497.377
-0.00023864563 497.777
-0.00023844563 491.78
-0.00023824563 495.378
-0.00023804563 497.777
-0.00023784563 496.977
-0.00023764563 493.779
-0.00023744563 495.778
-0.00023724563 496.578
-0.00023704563 494.978
-0.00023684563 495.778
-0.00023664563 496.977
-0.00023644563 492.979
-0.00023624563 496.578
-0.00023604563 493.379
-0.00023584563 495.778
-0.00023564563 492.18
-0.00023544563 496.578
-0.00023524563 495.378
-0.00023504563 492.979
-0.00023484563 496.977
-0.00023464563 494.978
-0.00023444563 494.578
-0.00023424563 497.377
-0.00023404563 496.977
-0.00023384563 493.779
-0.00023364563 496.178
-0.00023344563 496.178
-0.00023324563 494.578
-0.00023304563 495.378
-0.00023284563 495.778
-0.00023264563 494.578
-0.00023244563 496.977
-0.00023224563 496.578
-0.00023204563 496.178
-0.00023184563 494.179
-0.00023164563 494.978
-0.00023144563 494.179
-0.00023124563 495.378
-0.00023104563 496.578
-0.00023084563 494.978
-0.00023064563 494.578
-0.00023044563 496.578
-0.00023024563 496.578
-0.00023004563 494.978
-0.00022984563 495.378
-0.00022964563 494.978
-0.00022944563 499.376
-0.00022924563 493.379
-0.00022904563 496.178
-0.00022884563 495.378
-0.00022864563 496.977
-0.00022844563 494.978
-0.00022824563 492.979
-0.00022804563 494.578
-0.00022784563 497.377
-0.00022764563 494.978
-0.00022744563 497.777
-0.00022724563 493.779
-0.00022704563 496.578
-0.00022684563 496.178
-0.00022664563 491.78
-0.00022644563 492.979
-0.00022624563 495.378
-0.00022604563 494.578
-0.00022584563 494.179
-0.00022564563 492.579
-0.00022544563 493.779
-0.00022524563 493.379
-0.00022504563 495.378
-0.00022484563 492.979
-0.00022464563 496.578
-0.00022444563 492.979
-0.00022424563 495.378
-0.00022404563 494.578
-0.00022384563 493.779
-0.00022364563 494.578
-0.00022344563 494.578
-0.00022324563 494.978
-0.00022304563 493.379
-0.00022284563 492.18
-0.00022264563 493.379
-0.00022244563 494.578
-0.00022224563 494.978
-0.00022204563 493.379
-0.00022184563 493.779
-0.00022164563 490.18
-0.00022144563 493.379
-0.00022124563 492.979
-0.00022104563 494.578
-0.00022084563 493.379
-0.00022064563 492.979
-0.00022044563 494.978
-0.00022024563 494.578
-0.00022004563 494.578
-0.00021984563 492.979
-0.00021964563 492.979
-0.00021944563 496.578
-0.00021924563 492.979
-0.00021904563 492.18
-0.00021884563 492.579
-0.00021864563 492.979
-0.00021844563 493.379
-0.00021824563 492.18
-0.00021804563 494.578
-0.00021784563 494.578
-0.00021764563 494.978
-0.00021744563 492.579
-0.00021724563 491.78
-0.00021704563 492.579
-0.00021684563 493.779
-0.00021664563 495.778
-0.00021644563 491.78
-0.00021624563 493.779
-0.00021604563 494.978
-0.00021584563 494.179
-0.00021564563 495.378
-0.00021544563 494.978
-0.00021524563 492.979
-0.00021504563 492.579
-0.00021484563 492.979
-0.00021464563 492.18
-0.00021444563 492.18
-0.00021424563 492.18
-0.00021404563 492.579
-0.00021384563 493.379
-0.00021364563 497.777
-0.00021344563 491.38
-0.00021324563 491.78
-0.00021304563 492.18
-0.00021284563 491.78
-0.00021264563 492.579
-0.00021244563 493.779
-0.00021224563 492.579
-0.00021204563 494.179
-0.00021184563 492.18
-0.00021164563 493.379
-0.00021144563 492.18
-0.00021124563 492.18
-0.00021104563 490.98
-0.00021084563 491.38
-0.00021064563 492.979
-0.00021044563 491.38
-0.00021024563 492.18
-0.00021004563 494.578
-0.00020984563 493.779
-0.00020964563 492.18
-0.00020944563 491.78
-0.00020924563 492.979
-0.00020904563 494.978
-0.00020884563 488.981
-0.00020864563 492.979
-0.00020844563 496.178
-0.00020824563 492.979
-0.00020804563 492.979
-0.00020784563 492.18
-0.00020764563 492.18
-0.00020744563 490.58
-0.00020724563 493.779
-0.00020704563 492.18
-0.00020684563 492.18
-0.00020664563 493.779
-0.00020644563 492.979
-0.00020624563 493.379
-0.00020604563 492.979
-0.00020584563 494.978
-0.00020564563 493.379
-0.00020544563 493.779
-0.00020524563 494.978
-0.00020504563 494.179
-0.00020484563 490.18
-0.00020464563 493.379
-0.00020444563 494.179
-0.00020424563 493.379
-0.00020404563 492.18
-0.00020384563 492.579
-0.00020364563 492.18
-0.00020344563 492.579
-0.00020324563 491.78
-0.00020304563 492.979
-0.00020284563 491.38
-0.00020264563 492.579
-0.00020244563 492.979
-0.00020224563 495.378
-0.00020204563 495.378
-0.00020184563 491.78
-0.00020164563 493.779
-0.00020144563 494.978
-0.00020124563 491.78
-0.00020104563 492.18
-0.00020084563 490.98
-0.00020064563 492.979
-0.00020044563 492.18
-0.00020024563 492.579
-0.00020004563 492.18
-0.00019984563 490.98
-0.00019964563 494.179
-0.00019944563 492.979
-0.00019924563 492.979
-0.00019904563 492.18
-0.00019884563 490.18
-0.00019864563 493.379
-0.00019844563 491.38
-0.00019824563 492.18
-0.00019804563 491.78
-0.00019784563 493.379
-0.00019764563 494.978
-0.00019744563 491.38
-0.00019724563 491.78
-0.00019704563 493.379
-0.00019684563 493.379
-0.00019664563 493.379
-0.00019644563 491.78
-0.00019624563 489.781
-0.00019604563 489.781
-0.00019584563 492.18
-0.00019564563 492.18
-0.00019544563 492.979
-0.00019524563 492.18
-0.00019504563 488.981
-0.00019484563 490.98
-0.00019464563 493.379
-0.00019444563 491.78
-0.00019424563 492.18
-0.00019404563 492.579
-0.00019384563 493.379
-0.00019364563 490.58
-0.00019344563 490.18
-0.00019324563 492.18
-0.00019304563 494.179
-0.00019284563 489.381
-0.00019264563 492.18
-0.00019244563 490.18
-0.00019224563 491.38
-0.00019204563 488.981
-0.00019184563 491.78
-0.00019164563 491.38
-0.00019144563 490.18
-0.00019124563 491.38
-0.00019104563 492.979
-0.00019084563 492.18
-0.00019064563 493.379
-0.00019044563 492.18
-0.00019024563 491.78
-0.00019004563 491.78
-0.00018984563 490.58
-0.00018964563 492.579
-0.00018944563 491.78
-0.00018924563 490.58
-0.00018904563 489.781
-0.00018884563 490.98
-0.00018864563 488.981
-0.00018844563 491.78
-0.00018824563 491.38
-0.00018804563 492.18
-0.00018784563 492.579
-0.00018764563 490.58
-0.00018744563 492.18
-0.00018724563 492.579
-0.00018704563 490.18
-0.00018684563 491.78
-0.00018664563 492.579
-0.00018644563 491.38
-0.00018624563 492.979
-0.00018604563 492.979
-0.00018584563 494.179
-0.00018564563 492.579
-0.00018544563 492.18
-0.00018524563 490.58
-0.00018504563 491.78
-0.00018484563 493.379
-0.00018464563 493.379
-0.00018444563 493.379
-0.00018424563 490.18
-0.00018404563 491.78
-0.00018384563 492.18
-0.00018364563 490.58
-0.00018344563 492.979
-0.00018324563 490.58
-0.00018304563 492.18
-0.00018284563 491.78
-0.00018264563 491.38
-0.00018244563 492.979
-0.00018224563 490.98
-0.00018204563 490.98
-0.00018184563 491.78
-0.00018164563 492.18
-0.00018144563 492.18
-0.00018124563 490.18
-0.00018104563 491.78
-0.00018084563 490.58
-0.00018064563 491.38
-0.00018044563 491.38
-0.00018024563 492.18
-0.00018004563 491.78
-0.00017984563 493.379
-0.00017964563 491.78
-0.00017944563 490.18
-0.00017924563 492.979
-0.00017904563 491.38
-0.00017884563 490.58
-0.00017864563 488.981
-0.00017844563 491.38
-0.00017824563 489.781
-0.00017804563 490.58
-0.00017784563 486.582
-0.00017764563 493.379
-0.00017744563 491.78
-0.00017724563 491.78
-0.00017704563 490.18
-0.00017684563 492.18
-0.00017664563 491.38
-0.00017644563 489.781
-0.00017624563 490.98
-0.00017604563 490.58
-0.00017584563 492.579
-0.00017564563 489.381
-0.00017544563 492.979
-0.00017524563 491.38
-0.00017504563 490.58
-0.00017484563 491.78
-0.00017464563 488.181
-0.00017444563 490.98
-0.00017424563 492.579
-0.00017404563 486.982
-0.00017384563 490.98
-0.00017364563 490.98
-0.00017344563 488.981
-0.00017324563 489.381
-0.00017304563 488.981
-0.00017284563 490.58
-0.00017264563 490.18
-0.00017244563 490.18
-0.00017224563 489.781
-0.00017204563 491.78
-0.00017184563 488.581
-0.00017164563 492.18
-0.00017144563 488.981
-0.00017124563 490.58
-0.00017104563 491.78
-0.00017084563 487.781
-0.00017064563 489.781
-0.00017044563 490.18
-0.00017024563 490.58
-0.00017004563 488.981
-0.00016984563 488.181
-0.00016964563 488.981
-0.00016944563 487.781
-0.00016924563 488.181
-0.00016904563 490.18
-0.00016884563 490.18
-0.00016864563 490.18
-0.00016844563 489.381
-0.00016824563 487.781
-0.00016804563 488.581
-0.00016784563 490.18
-0.00016764563 487.781
-0.00016744563 486.182
-0.00016724563 488.981
-0.00016704563 487.382
-0.00016684563 488.181
-0.00016664563 490.18
-0.00016644563 489.781
-0.00016624563 488.581
-0.00016604563 492.579
-0.00016584563 488.981
-0.00016564563 488.181
-0.00016544563 490.18
-0.00016524563 488.581
-0.00016504563 486.982
-0.00016484563 488.581
-0.00016464563 487.382
-0.00016444563 489.381
-0.00016424563 488.981
-0.00016404563 487.382
-0.00016384563 488.581
-0.00016364563 486.982
-0.00016344563 490.18
-0.00016324563 488.981
-0.00016304563 489.381
-0.00016284563 488.181
-0.00016264563 486.982
-0.00016244563 489.781
-0.00016224563 487.382
-0.00016204563 487.781
-0.00016184563 486.582
-0.00016164563 488.581
-0.00016144563 488.981
-0.00016124563 488.181
-0.00016104563 490.98
-0.00016084563 491.38
-0.00016064563 489.381
-0.00016044563 487.781
-0.00016024563 489.781
-0.00016004563 488.181
-0.00015984563 488.181
-0.00015964563 488.181
-0.00015944563 486.182
-0.00015924563 487.382
-0.00015904563 489.781
-0.00015884563 487.382
-0.00015864563 487.781
-0.00015844563 486.982
-0.00015824563 488.981
-0.00015804563 486.182
-0.00015784563 486.582
-0.00015764563 485.782
-0.00015744563 488.181
-0.00015724563 487.781
-0.00015704563 484.583
-0.00015684563 484.983
-0.00015664563 487.382
-0.00015644563 486.582
-0.00015624563 487.781
-0.00015604563 486.982
-0.00015584563 486.982
-0.00015564563 489.381
-0.00015544563 487.781
-0.00015524563 486.582
-0.00015504563 485.383
-0.00015484563 486.182
-0.00015464563 486.182
-0.00015444563 486.582
-0.00015424563 486.582
-0.00015404563 487.781
-0.00015384563 485.782
-0.00015364563 487.382
-0.00015344563 487.781
-0.00015324563 486.982
-0.00015304563 488.181
-0.00015284563 485.782
-0.00015264563 485.383
-0.00015244563 485.782
-0.00015224563 486.982
-0.00015204563 483.783
-0.00015184563 487.781
-0.00015164563 484.983
-0.00015144563 483.783
-0.00015124563 486.582
-0.00015104563 482.184
-0.00015084563 485.782
-0.00015064563 484.183
-0.00015044563 485.383
-0.00015024563 486.182
-0.00015004563 484.983
-0.00014984563 486.582
-0.00014964563 485.383
-0.00014944563 487.382
-0.00014924563 486.182
-0.00014904563 484.183
-0.00014884563 485.383
-0.00014864563 485.782
-0.00014844563 486.582
-0.00014824563 486.182
-0.00014804563 484.183
-0.00014784563 484.983
-0.00014764563 482.584
-0.00014744563 482.984
-0.00014724563 484.583
-0.00014704563 485.782
-0.00014684563 484.583
-0.00014664563 486.582
-0.00014644563 483.383
-0.00014624563 486.982
-0.00014604563 484.983
-0.00014584563 484.983
-0.00014564563 483.783
-0.00014544563 487.382
-0.00014524563 484.183
-0.00014504563 483.383
-0.00014484563 483.783
-0.00014464563 483.383
-0.00014444563 482.584
-0.00014424563 483.783
-0.00014404563 482.584
-0.00014384563 484.983
-0.00014364563 482.984
-0.00014344563 483.383
-0.00014324563 484.583
-0.00014304563 484.183
-0.00014284563 483.383
-0.00014264563 483.783
-0.00014244563 482.584
-0.00014224563 482.984
-0.00014204563 485.782
-0.00014184563 484.583
-0.00014164563 483.783
-0.00014144563 482.584
-0.00014124563 482.584
-0.00014104563 484.183
-0.00014084563 484.983
-0.00014064563 483.383
-0.00014044563 482.584
-0.00014024563 482.584
-0.00014004563 484.983
-0.00013984563 481.384
-0.00013964563 483.383
-0.00013944563 482.184
-0.00013924563 482.184
-0.00013904563 480.985
-0.00013884563 483.383
-0.00013864563 481.784
-0.00013844563 484.583
-0.00013824563 483.783
-0.00013804563 482.984
-0.00013784563 482.584
-0.00013764563 482.584
-0.00013744563 481.784
-0.00013724563 482.184
-0.00013704563 481.784
-0.00013684563 481.384
-0.00013664563 482.184
-0.00013644563 481.784
-0.00013624563 481.784
-0.00013604563 484.583
-0.00013584563 481.384
-0.00013564563 480.985
-0.00013544563 480.985
-0.00013524563 482.584
-0.00013504563 479.385
-0.00013484563 483.783
-0.00013464563 481.784
-0.00013444563 480.985
-0.00013424563 481.784
-0.00013404563 480.985
-0.00013384563 483.783
-0.00013364563 481.784
-0.00013344563 482.584
-0.00013324563 484.183
-0.00013304563 485.383
-0.00013284563 484.183
-0.00013264563 484.183
-0.00013244563 482.184
-0.00013224563 482.184
-0.00013204563 482.584
-0.00013184563 482.184
-0.00013164563 482.584
-0.00013144563 482.584
-0.00013124563 481.784
-0.00013104563 480.585
-0.00013084563 479.385
-0.00013064563 480.585
-0.00013044563 480.985
-0.00013024563 479.385
-0.00013004563 479.385
-0.00012984563 481.784
-0.00012964563 480.985
-0.00012944563 477.786
-0.00012924563 480.985
-0.00012904563 480.185
-0.00012884563 478.586
-0.00012864563 480.585
-0.00012844563 480.185
-0.00012824563 480.585
-0.00012804563 479.785
-0.00012784563 481.384
-0.00012764563 478.985
-0.00012744563 478.186
-0.00012724563 479.385
-0.00012704563 480.985
-0.00012684563 478.186
-0.00012664563 479.385
-0.00012644563 477.786
-0.00012624563 478.586
-0.00012604563 479.385
-0.00012584563 478.586
-0.00012564563 477.386
-0.00012544563 478.186
-0.00012524563 478.985
-0.00012504563 476.986
-0.00012484563 478.586
-0.00012464563 477.386
-0.00012444563 478.186
-0.00012424563 476.586
-0.00012404563 477.786
-0.00012384563 477.786
-0.00012364563 477.386
-0.00012344563 477.386
-0.00012324563 476.986
-0.00012304563 476.986
-0.00012284563 479.385
-0.00012264563 478.186
-0.00012244563 475.787
-0.00012224563 473.388
-0.00012204563 476.586
-0.00012184563 476.986
-0.00012164563 477.386
-0.00012144563 476.986
-0.00012124563 476.586
-0.00012104563 476.187
-0.00012084563 477.786
-0.00012064563 478.186
-0.00012044563 477.786
-0.00012024563 476.187
-0.00012004563 475.787
-0.00011984563 473.788
-0.00011964563 478.985
-0.00011944563 473.388
-0.00011924563 474.188
-0.00011904563 476.187
-0.00011884563 476.986
-0.00011864563 474.987
-0.00011844563 474.188
-0.00011824563 474.987
-0.00011804563 475.387
-0.00011784563 475.387
-0.00011764563 477.786
-0.00011744563 474.188
-0.00011724563 474.987
-0.00011704563 475.387
-0.00011684563 475.387
-0.00011664563 476.187
-0.00011644563 474.987
-0.00011624563 472.588
-0.00011604563 474.188
-0.00011584563 474.188
-0.00011564563 474.587
-0.00011544563 478.186
-0.00011524563 475.787
-0.00011504563 476.586
-0.00011484563 475.787
-0.00011464563 472.188
-0.00011444563 472.588
-0.00011424563 473.388
-0.00011404563 474.188
-0.00011384563 474.587
-0.00011364563 473.388
-0.00011344563 472.988
-0.00011324563 473.788
-0.00011304563 473.788
-0.00011284563 473.388
-0.00011264563 474.987
-0.00011244563 474.188
-0.00011224563 473.788
-0.00011204563 474.188
-0.00011184563 474.587
-0.00011164563 472.588
-0.00011144563 474.587
-0.00011124563 476.986
-0.00011104563 474.188
-0.00011084563 473.388
-0.00011064563 473.388
-0.00011044563 473.788
-0.00011024563 473.388
-0.00011004563 475.387
-0.00010984563 472.588
-0.00010964563 472.588
-0.00010944563 472.988
-0.00010924563 473.388
-0.00010904563 472.588
-0.00010884563 473.788
-0.00010864563 470.989
-0.00010844563 472.988
-0.00010824563 473.388
-0.00010804563 472.588
-0.00010784563 474.188
-0.00010764563 474.188
-0.00010744563 471.389
-0.00010724563 474.587
-0.00010704563 470.589
-0.00010684563 475.787
-0.00010664563 472.988
-0.00010644563 472.188
-0.00010624563 472.588
-0.00010604563 474.987
-0.00010584563 472.588
-0.00010564563 472.188
-0.00010544563 474.188
-0.00010524563 472.588
-0.00010504563 473.788
-0.00010484563 474.188
-0.00010464563 471.389
-0.00010444563 472.588
-0.00010424563 469.39
-0.00010404563 472.188
-0.00010384563 473.388
-0.00010364563 468.99
-0.00010344563 472.988
-0.00010324563 471.789
-0.00010304563 471.789
-0.00010284563 472.588
-0.00010264563 470.989
-0.00010244563 470.989
-0.00010224563 469.79
-0.00010204563 472.588
-0.00010184563 472.188
-0.00010164563 467.79
-0.00010144563 470.989
-0.00010124563 470.189
-0.00010104563 471.789
-0.00010084563 469.39
-0.00010064563 471.389
-0.00010044563 473.788
-0.00010024563 471.789
-0.00010004563 472.588
-9.9845633e-005 470.189
-9.9645633e-005 472.188
-9.9445633e-005 469.79
-9.9245633e-005 468.59
-9.9045633e-005 472.188
-9.8845633e-005 465.791
-9.8645633e-005 468.59
-9.8445633e-005 470.989
-9.8245633e-005 471.789
-9.8045633e-005 471.389
-9.7845633e-005 471.389
-9.7645633e-005 466.991
-9.7445633e-005 470.989
-9.7245633e-005 467.79
-9.7045633e-005 467.79
-9.6845633e-005 468.59
-9.6645633e-005 469.39
-9.6445633e-005 469.39
-9.6245633e-005 465.791
-9.6045633e-005 468.59
-9.5845633e-005 468.59
-9.5645633e-005 468.59
-9.5445633e-005 469.79
-9.5245633e-005 468.59
-9.5045633e-005 469.39
-9.4845633e-005 466.591
-9.4645633e-005 469.39
-9.4445633e-005 467.391
-9.4245633e-005 470.189
-9.4045633e-005 466.591
-9.3845633e-005 469.39
-9.3645633e-005 467.391
-9.3445633e-005 468.99
-9.3245633e-005 468.99
-9.3045633e-005 465.392
-9.2845633e-005 468.99
-9.2645633e-005 465.392
-9.2445633e-005 467.391
-9.2245633e-005 465.392
-9.2045633e-005 467.391
-9.1845633e-005 464.192
-9.1645633e-005 464.992
-9.1445633e-005 467.391
-9.1245633e-005 468.19
-9.1045633e-005 467.79
-9.0845633e-005 467.79
-9.0645633e-005 464.992
-9.0445633e-005 467.391
-9.0245633e-005 466.191
-9.0045633e-005 466.591
-8.9845633e-005 465.392
-8.9645633e-005 468.19
-8.9445633e-005 465.791
-8.9245633e-005 466.191
-8.9045633e-005 466.591
-8.8845633e-005 464.592
-8.8645633e-005 466.591
-8.8445633e-005 466.191
-8.8245633e-005 464.192
-8.8045633e-005 466.191
-8.7845633e-005 466.191
-8.7645633e-005 466.191
-8.7445633e-005 467.391
-8.7245633e-005 463.792
-8.7045633e-005 469.39
-8.6845633e-005 467.391
-8.6645633e-005 468.19
-8.6445633e-005 466.191
-8.6245633e-005 465.791
-8.6045633e-005 466.591
-8.5845633e-005 467.391
-8.5645633e-005 467.391
-8.5445633e-005 468.99
-8.5245633e-005 465.392
-8.5045633e-005 465.392
-8.4845633e-005 466.191
-8.4645633e-005 465.392
-8.4445633e-005 465.392
-8.4245633e-005 462.593
-8.4045633e-005 468.19
-8.3845633e-005 463.392
-8.3645633e-005 463.792
-8.3445633e-005 463.392
-8.3245633e-005 462.593
-8.3045633e-005 466.191
-8.2845633e-005 466.591
-8.2645633e-005 464.592
-8.2445633e-005 464.992
-8.2245633e-005 463.792
-8.2045633e-005 464.992
-8.1845633e-005 463.792
-8.1645633e-005 467.79
-8.1445633e-005 466.191
-8.1245633e-005 462.593
-8.1045633e-005 466.191
-8.0845633e-005 463.792
-8.0645633e-005 464.992
-8.0445633e-005 462.593
-8.0245633e-005 464.992
-8.0045633e-005 465.791
-7.9845633e-005 463.392
-7.9645633e-005 464.192
-7.9445633e-005 462.593
-7.9245633e-005 464.192
-7.9045633e-005 463.792
-7.8845633e-005 462.593
-7.8645633e-005 466.991
-7.8445633e-005 464.992
-7.8245633e-005 462.593
-7.8045633e-005 462.993
-7.7845633e-005 459.394
-7.7645633e-005 462.993
-7.7445633e-005 462.593
-7.7245633e-005 461.793
-7.7045633e-005 462.593
-7.6845633e-005 461.793
-7.6645633e-005 461.393
-7.6445633e-005 461.393
-7.6245633e-005 463.792
-7.6045633e-005 461.793
-7.5845633e-005 461.793
-7.5645633e-005 462.193
-7.5445633e-005 462.593
-7.5245633e-005 461.793
-7.5045633e-005 464.192
-7.4845633e-005 462.193
-7.4645633e-005 461.793
-7.4445633e-005 459.794
-7.4245633e-005 461.793
-7.4045633e-005 462.193
-7.3845633e-005 460.993
-7.3645633e-005 461.793
-7.3445633e-005 461.793
-7.3245633e-005 462.593
-7.3045633e-005 462.193
-7.2845633e-005 462.193
-7.2645633e-005 460.993
-7.2445633e-005 461.793
-7.2245633e-005 462.993
-7.2045633e-005 463.392
-7.1845633e-005 458.994
-7.1645633e-005 460.194
-7.1445633e-005 462.593
-7.1245633e-005 459.394
-7.1045633e-005 461.393
-7.0845633e-005 460.993
-7.0645633e-005 460.194
-7.0445633e-005 458.595
-7.0245633e-005 458.195
-7.0045633e-005 459.794
-6.9845633e-005 460.993
-6.9645633e-005 460.594
-6.9445633e-005 459.394
-6.9245633e-005 459.794
-6.9045633e-005 458.595
-6.8845633e-005 459.794
-6.8645633e-005 458.994
-6.8445633e-005 458.195
-6.8245633e-005 460.194
-6.8045633e-005 458.595
-6.7845633e-005 462.593
-6.7645633e-005 459.394
-6.7445633e-005 458.595
-6.7245633e-005 457.395
-6.7045633e-005 460.594
-6.6845633e-005 460.993
-6.6645633e-005 460.594
-6.6445633e-005 461.793
-6.6245633e-005 458.595
-6.6045633e-005 456.995
-6.5845633e-005 460.993
-6.5645633e-005 456.595
-6.5445633e-005 459.794
-6.5245633e-005 457.795
-6.5045633e-005 458.595
-6.4845633e-005 458.994
-6.4645633e-005 460.594
-6.4445633e-005 458.595
-6.4245633e-005 458.195
-6.4045633e-005 457.795
-6.3845633e-005 458.994
-6.3645633e-005 458.195
-6.3445633e-005 456.595
-6.3245633e-005 456.995
-6.3045633e-005 459.394
-6.2845633e-005 459.394
-6.2645633e-005 456.595
-6.2445633e-005 456.995
-6.2245633e-005 458.595
-6.2045633e-005 458.994
-6.1845633e-005 459.394
-6.1645633e-005 457.395
-6.1445633e-005 457.395
-6.1245633e-005 455.796
-6.1045633e-005 458.195
-6.0845633e-005 458.195
-6.0645633e-005 458.595
-6.0445633e-005 456.196
-6.0245633e-005 455.796
-6.0045633e-005 458.994
-5.9845633e-005 456.995
-5.9645633e-005 456.595
-5.9445633e-005 456.595
-5.9245633e-005 456.995
-5.9045633e-005 457.795
-5.8845633e-005 455.396
-5.8645633e-005 456.995
-5.8445633e-005 455.396
-5.8245633e-005 456.196
-5.8045633e-005 457.795
-5.7845633e-005 455.796
-5.7645633e-005 458.195
-5.7445633e-005 454.996
-5.7245633e-005 456.196
-5.7045633e-005 458.195
-5.6845633e-005 456.595
-5.6645633e-005 453.797
-5.6445633e-005 455.796
-5.6245633e-005 453.397
-5.6045633e-005 452.597
-5.5845633e-005 452.997
-5.5645633e-005 457.395
-5.5445633e-005 455.796
-5.5245633e-005 454.996
-5.5045633e-005 454.996
-5.4845633e-005 456.995
-5.4645633e-005 455.796
-5.4445633e-005 452.997
-5.4245633e-005 454.596
-5.4045633e-005 453.397
-5.3845633e-005 455.796
-5.3645633e-005 456.995
-5.3445633e-005 456.995
-5.3245633e-005 452.997
-5.3045633e-005 461.393
-5.2845633e-005 453.397
-5.2645633e-005 454.996
-5.2445633e-005 456.995
-5.2245633e-005 453.397
-5.2045633e-005 457.395
-5.1845633e-005 453.797
-5.1645633e-005 454.197
-5.1445633e-005 452.197
-5.1245633e-005 455.396
-5.1045633e-005 453.797
-5.0845633e-005 455.796
-5.0645633e-005 451.798
-5.0445633e-005 456.995
-5.0245633e-005 455.796
-5.0045633e-005 454.197
-4.9845633e-005 454.197
-4.9645633e-005 455.396
-4.9445633e-005 454.596
-4.9245633e-005 452.997
-4.9045633e-005 454.996
-4.8845633e-005 453.797
-4.8645633e-005 454.996
-4.8445633e-005 454.197
-4.8245633e-005 451.398
-4.8045633e-005 454.996
-4.7845633e-005 454.197
-4.7645633e-005 452.197
-4.7445633e-005 454.596
-4.7245633e-005 454.197
-4.7045633e-005 451.798
-4.6845633e-005 454.596
-4.6645633e-005 452.197
-4.6445633e-005 453.797
-4.6245633e-005 451.798
-4.6045633e-005 452.997
-4.5845633e-005 450.198
-4.5645633e-005 453.397
-4.5445633e-005 452.997
-4.5245633e-005 454.197
-4.5045633e-005 452.597
-4.4845633e-005 453.397
-4.4645633e-005 452.597
-4.4445633e-005 451.398
-4.4245633e-005 449.399
-4.4045633e-005 451.398
-4.3845633e-005 452.997
-4.3645633e-005 449.798
-4.3445633e-005 450.598
-4.3245633e-005 451.398
-4.3045633e-005 453.797
-4.2845633e-005 451.798
-4.2645633e-005 453.397
-4.2445633e-005 454.596
-4.2245633e-005 452.997
-4.2045633e-005 452.997
-4.1845633e-005 452.197
-4.1645633e-005 452.197
-4.1445633e-005 451.798
-4.1245633e-005 449.798
-4.1045633e-005 451.398
-4.0845633e-005 451.398
-4.0645633e-005 449.798
-4.0445633e-005 450.198
-4.0245633e-005 450.198
-4.0045633e-005 449.399
-3.9845633e-005 449.399
-3.9645633e-005 450.998
-3.9445633e-005 452.197
-3.9245633e-005 449.798
-3.9045633e-005 448.199
-3.8845633e-005 449.399
-3.8645633e-005 452.197
-3.8445633e-005 450.198
-3.8245633e-005 448.199
-3.8045633e-005 450.998
-3.7845633e-005 449.798
-3.7645633e-005 446.2
-3.7445633e-005 450.198
-3.7245633e-005 449.798
-3.7045633e-005 451.398
-3.6845633e-005 451.398
-3.6645633e-005 450.998
-3.6445633e-005 448.199
-3.6245633e-005 449.399
-3.6045633e-005 449.798
-3.5845633e-005 448.999
-3.5645633e-005 451.798
-3.5445633e-005 449.798
-3.5245633e-005 450.198
-3.5045633e-005 450.198
-3.4845633e-005 448.999
-3.4645633e-005 451.398
-3.4445633e-005 451.398
-3.4245633e-005 450.198
-3.4045633e-005 449.798
-3.3845633e-005 449.798
-3.3645633e-005 449.399
-3.3445633e-005 448.599
-3.3245633e-005 449.798
-3.3045633e-005 447
-3.2845633e-005 449.399
-3.2645633e-005 448.999
-3.2445633e-005 447
-3.2245633e-005 449.399
-3.2045633e-005 447.799
-3.1845633e-005 448.199
-3.1645633e-005 446.2
-3.1445633e-005 448.599
-3.1245633e-005 447.799
-3.1045633e-005 448.999
-3.0845633e-005 450.198
-3.0645633e-005 448.199
-3.0445633e-005 449.399
-3.0245633e-005 448.599
-3.0045633e-005 446.6
-2.9845633e-005 447
-2.9645633e-005 447
-2.9445633e-005 449.798
-2.9245633e-005 450.598
-2.9045633e-005 450.198
-2.8845633e-005 447.4
-2.8645633e-005 448.599
-2.8445633e-005 448.999
-2.8245633e-005 447.799
-2.8045633e-005 448.999
-2.7845633e-005 447.4
-2.7645633e-005 446.2
-2.7445633e-005 447.799
-2.7245633e-005 446.6
-2.7045633e-005 447.4
-2.6845633e-005 445.001
-2.6645633e-005 447.4
-2.6445633e-005 449.798
-2.6245633e-005 448.199
-2.6045633e-005 445.8
-2.5845633e-005 447
-2.5645633e-005 448.599
-2.5445633e-005 445.8
-2.5245633e-005 446.6
-2.5045633e-005 446.6
-2.4845633e-005 445.4
-2.4645633e-005 445.4
-2.4445633e-005 443.401
-2.4245633e-005 447
-2.4045633e-005 445.8
-2.3845633e-005 446.2
-2.3645633e-005 447.4
-2.3445633e-005 442.602
-2.3245633e-005 445.4
-2.3045633e-005 444.601
-2.2845633e-005 446.2
-2.2645633e-005 444.201
-2.2445633e-005 447
-2.2245633e-005 448.599
-2.2045633e-005 443.002
-2.1845633e-005 445.4
-2.1645633e-005 444.201
-2.1445633e-005 444.601
-2.1245633e-005 445.8
-2.1045633e-005 443.401
-2.0845633e-005 446.6
-2.0645633e-005 445.4
-2.0445633e-005 444.601
-2.0245633e-005 447
-2.0045633e-005 443.801
-1.9845633e-005 446.2
-1.9645633e-005 446.2
-1.9445633e-005 444.601
-1.9245633e-005 442.602
-1.9045633e-005 446.6
-1.8845633e-005 446.2
-1.8645633e-005 444.201
-1.8445633e-005 443.801
-1.8245633e-005 443.401
-1.8045633e-005 445.001
-1.7845633e-005 444.601
-1.7645633e-005 442.602
-1.7445633e-005 443.801
-1.7245633e-005 442.602
-1.7045633e-005 444.201
-1.6845633e-005 446.2
-1.6645633e-005 440.203
-1.6445633e-005 441.402
-1.6245633e-005 441.802
-1.6045633e-005 445.8
-1.5845633e-005 442.202
-1.5645633e-005 445.8
-1.5445633e-005 443.401
-1.5245633e-005 441.802
-1.5045633e-005 442.602
-1.4845633e-005 443.002
-1.4645633e-005 442.202
-1.4445633e-005 443.002
-1.4245633e-005 445.8
-1.4045633e-005 442.202
-1.3845633e-005 438.604
-1.3645633e-005 442.602
-1.3445633e-005 444.201
-1.3245633e-005 442.202
-1.3045633e-005 444.601
-1.2845633e-005 444.201
-1.2645633e-005 443.801
-1.2445633e-005 444.201
-1.2245633e-005 443.401
-1.2045633e-005 443.401
-1.1845633e-005 443.801
-1.1645633e-005 443.002
-1.1445633e-005 441.402
-1.1245633e-005 442.602
-1.1045633e-005 441.402
-1.0845633e-005 442.202
-1.0645633e-005 441.402
-1.0445633e-005 441.802
-1.0245633e-005 444.601
-1.0045633e-005 440.203
-9.8456326e-006 445.001
-9.6456326e-006 441.802
-9.4456326e-006 442.202
-9.2456326e-006 442.202
-9.0456326e-006 443.401
-8.8456326e-006 441.402
-8.6456326e-006 441.402
-8.4456326e-006 442.602
-8.2456326e-006 439.003
-8.0456326e-006 442.602
-7.8456326e-006 442.202
-7.6456326e-006 440.603
-7.4456326e-006 439.803
-7.2456326e-006 442.202
-7.0456326e-006 439.803
-6.8456326e-006 443.002
-6.6456326e-006 442.202
-6.4456326e-006 438.204
-6.2456326e-006 439.403
-6.0456326e-006 437.404
-5.8456326e-006 440.203
-5.6456326e-006 442.202
-5.4456326e-006 443.002
-5.2456326e-006 441.402
-5.0456326e-006 440.603
-4.8456326e-006 440.203
-4.6456326e-006 442.602
-4.4456326e-006 440.603
-4.2456326e-006 439.003
-4.0456326e-006 439.403
-3.8456326e-006 440.203
-3.6456326e-006 440.603
-3.4456326e-006 440.603
-3.2456326e-006 438.604
-3.0456326e-006 439.403
-2.8456326e-006 440.603
-2.6456326e-006 439.003
-2.4456326e-006 439.803
-2.2456326e-006 441.002
-2.0456326e-006 439.003
-1.8456326e-006 440.603
-1.6456326e-006 437.004
-1.4456326e-006 442.602
-1.2456326e-006 439.803
-1.0456326e-006 440.603
-8.4563263e-007 440.203
-6.4563263e-007 439.003
-4.4563263e-007 438.604
-2.4563263e-007 440.203
-4.5632626e-008 437.404
1.5436737e-007 442.202
3.5436737e-007 441.002
5.5436737e-007 440.603
7.5436737e-007 439.403
9.5436737e-007 439.803
1.1543674e-006 437.804
1.3543674e-006 438.604
1.5543674e-006 442.202
1.7543674e-006 440.203
1.9543674e-006 436.604
2.1543674e-006 440.203
2.3543674e-006 437.804
2.5543674e-006 437.804
2.7543674e-006 435.805
2.9543674e-006 438.604
3.1543674e-006 439.803
3.3543674e-006 439.803
3.5543674e-006 439.803
3.7543674e-006 438.204
3.9543674e-006 438.204
4.1543674e-006 439.403
4.3543674e-006 439.803
4.5543674e-006 440.603
4.7543674e-006 439.803
4.9543674e-006 441.802
5.1543674e-006 438.604
5.3543674e-006 437.804
5.5543674e-006 437.404
5.7543674e-006 441.002
5.9543674e-006 439.803
6.1543674e-006 440.203
6.3543674e-006 438.204
6.5543674e-006 439.403
6.7543674e-006 439.403
6.9543674e-006 435.805
7.1543674e-006 437.004
7.3543674e-006 436.604
7.5543674e-006 436.604
7.7543674e-006 438.604
7.9543674e-006 439.803
8.1543674e-006 436.205
8.3543674e-006 438.604
8.5543674e-006 437.404
8.7543674e-006 437.804
8.9543674e-006 437.004
9.1543674e-006 439.403
9.3543674e-006 438.204
9.5543674e-006 437.804
9.7543674e-006 437.404
9.9543674e-006 438.204
1.0154367e-005 436.205
1.0354367e-005 440.203
1.0554367e-005 436.205
1.0754367e-005 437.804
1.0954367e-005 437.804
1.1154367e-005 439.003
1.1354367e-005 437.004
1.1554367e-005 440.203
1.1754367e-005 438.604
1.1954367e-005 436.205
1.2154367e-005 438.204
1.2354367e-005 437.804
1.2554367e-005 439.403
1.2754367e-005 437.004
1.2954367e-005 438.204
1.3154367e-005 436.604
1.3354367e-005 438.604
1.3554367e-005 436.205
1.3754367e-005 439.003
1.3954367e-005 434.605
1.4154367e-005 437.804
1.4354367e-005 437.804
1.4554367e-005 439.003
1.4754367e-005 438.204
1.4954367e-005 437.804
1.5154367e-005 436.604
1.5354367e-005 438.604
1.5554367e-005 439.403
1.5754367e-005 435.405
1.5954367e-005 437.804
1.6154367e-005 433.806
1.6354367e-005 435.405
1.6554367e-005 437.004
1.6754367e-005 434.205
1.6954367e-005 435.405
1.7154367e-005 435.005
1.7354367e-005 437.804
1.7554367e-005 438.604
1.7754367e-005 436.604
1.7954367e-005 436.205
1.8154367e-005 437.004
1.8354367e-005 435.405
1.8554367e-005 437.004
1.8754367e-005 436.604
1.8954367e-005 437.804
1.9154367e-005 435.005
1.9354367e-005 435.005
1.9554367e-005 434.205
1.9754367e-005 436.205
1.9954367e-005 435.005
2.0154367e-005 435.405
2.0354367e-005 437.004
2.0554367e-005 435.805
2.0754367e-005 435.805
2.0954367e-005 439.003
2.1154367e-005 434.205
2.1354367e-005 438.604
2.1554367e-005 434.605
2.1754367e-005 437.404
2.1954367e-005 437.404
2.2154367e-005 437.804
2.2354367e-005 436.205
2.2554367e-005 435.405
2.2754367e-005 439.003
2.2954367e-005 435.405
2.3154367e-005 434.605
2.3354367e-005 436.205
2.3554367e-005 437.404
2.3754367e-005 435.805
2.3954367e-005 436.205
2.4154367e-005 438.204
2.4354367e-005 435.405
2.4554367e-005 435.405
2.4754367e-005 438.204
2.4954367e-005 437.004
2.5154367e-005 437.004
2.5354367e-005 436.604
2.5554367e-005 437.404
2.5754367e-005 435.405
2.5954367e-005 434.605
2.6154367e-005 438.604
2.6354367e-005 436.205
2.6554367e-005 434.205
2.6754367e-005 436.205
2.6954367e-005 435.005
2.7154367e-005 434.205
2.7354367e-005 436.205
2.7554367e-005 435.005
2.7754367e-005 434.605
2.7954367e-005 436.604
2.8154367e-005 434.605
2.8354367e-005 436.604
2.8554367e-005 435.805
2.8754367e-005 437.804
2.8954367e-005 436.205
2.9154367e-005 438.604
2.9354367e-005 436.604
2.9554367e-005 435.405
2.9754367e-005 438.604
2.9954367e-005 435.005
3.0154367e-005 436.604
3.0354367e-005 433.806
3.0554367e-005 434.605
3.0754367e-005 434.205
3.0954367e-005 435.005
3.1154367e-005 437.004
3.1354367e-005 435.405
3.1554367e-005 433.406
3.1754367e-005 435.005
3.1954367e-005 437.804
3.2154367e-005 436.205
3.2354367e-005 435.005
3.2554367e-005 435.805
3.2754367e-005 434.205
3.2954367e-005 435.005
3.3154367e-005 434.605
3.3354367e-005 435.805
3.3554367e-005 436.604
3.3754367e-005 434.605
3.3954367e-005 434.605
3.4154367e-005 436.604
3.4354367e-005 433.406
3.4554367e-005 435.005
3.4754367e-005 433.406
3.4954367e-005 436.205
3.5154367e-005 435.005
3.5354367e-005 434.205
3.5554367e-005 433.806
3.5754367e-005 436.604
3.5954367e-005 436.205
3.6154367e-005 434.605
3.6354367e-005 433.806
3.6554367e-005 435.005
3.6754367e-005 430.607
3.6954367e-005 434.605
3.7154367e-005 434.605
3.7354367e-005 435.005
3.7554367e-005 433.006
3.7754367e-005 433.806
3.7954367e-005 434.205
3.8154367e-005 434.605
3.8354367e-005 434.205
3.8554367e-005 436.205
3.8754367e-005 435.005
3.8954367e-005 433.806
3.9154367e-005 435.805
3.9354367e-005 433.806
3.9554367e-005 434.605
3.9754367e-005 433.806
3.9954367e-005 433.006
4.0154367e-005 434.605
4.0354367e-005 433.806
4.0554367e-005 432.606
4.0754367e-005 434.605
4.0954367e-005 434.205
4.1154367e-005 432.606
4.1354367e-005 432.606
4.1554367e-005 435.005
4.1754367e-005 433.406
4.1954367e-005 433.806
4.2154367e-005 433.806
4.2354367e-005 435.005
4.2554367e-005 435.805
4.2754367e-005 433.406
4.2954367e-005 434.605
4.3154367e-005 434.205
4.3354367e-005 431.807
4.3554367e-005 435.805
4.3754367e-005 433.806
4.3954367e-005 435.005
4.4154367e-005 436.604
4.4354367e-005 434.605
4.4554367e-005 435.805
4.4754367e-005 433.006
4.4954367e-005 433.806
4.5154367e-005 433.806
4.5354367e-005 434.205
4.5554367e-005 433.406
4.5754367e-005 434.205
4.5954367e-005 433.806
4.6154367e-005 434.605
4.6354367e-005 433.406
4.6554367e-005 433.806
4.6754367e-005 433.006
4.6954367e-005 436.604
4.7154367e-005 434.605
4.7354367e-005 432.206
4.7554367e-005 433.806
4.7754367e-005 435.005
4.7954367e-005 433.006
4.8154367e-005 434.205
4.8354367e-005 432.606
4.8554367e-005 433.006
4.8754367e-005 434.605
4.8954367e-005 431.407
4.9154367e-005 435.005
4.9354367e-005 433.406
4.9554367e-005 436.604
4.9754367e-005 430.607
4.9954367e-005 434.205
5.0154367e-005 434.605
5.0354367e-005 433.406
5.0554367e-005 431.407
5.0754367e-005 432.606
5.0954367e-005 435.005
5.1154367e-005 431.807
5.1354367e-005 433.806
5.1554367e-005 433.006
5.1754367e-005 433.006
5.1954367e-005 434.605
5.2154367e-005 433.406
5.2354367e-005 431.407
5.2554367e-005 433.006
5.2754367e-005 434.605
5.2954367e-005 435.005
5.3154367e-005 435.405
5.3354367e-005 433.006
5.3554367e-005 434.205
5.3754367e-005 433.006
5.3954367e-005 432.606
5.4154367e-005 433.006
5.4354367e-005 433.006
5.4554367e-005 433.006
5.4754367e-005 435.005
5.4954367e-005 435.005
5.5154367e-005 433.006
5.5354367e-005 432.606
5.5554367e-005 432.206
5.5754367e-005 431.807
5.5954367e-005 431.807
5.6154367e-005 435.805
5.6354367e-005 431.407
5.6554367e-005 434.605
5.6754367e-005 434.205
5.6954367e-005 433.006
5.7154367e-005 434.605
5.7354367e-005 433.406
5.7554367e-005 433.006
5.7754367e-005 433.406
5.7954367e-005 434.205
5.8154367e-005 434.605
5.8354367e-005 434.205
5.8554367e-005 434.605
5.8754367e-005 432.606
5.8954367e-005 430.607
5.9154367e-005 434.205
5.9354367e-005 433.006
5.9554367e-005 433.406
5.9754367e-005 433.806
5.9954367e-005 432.206
6.0154367e-005 433.006
6.0354367e-005 433.006
6.0554367e-005 435.005
6.0754367e-005 432.206
6.0954367e-005 433.806
6.1154367e-005 432.206
6.1354367e-005 435.405
6.1554367e-005 431.407
6.1754367e-005 433.806
6.1954367e-005 434.205
6.2154367e-005 431.007
6.2354367e-005 432.606
6.2554367e-005 433.406
6.2754367e-005 435.405
6.2954367e-005 433.006
6.3154367e-005 433.406
6.3354367e-005 433.006
6.3554367e-005 432.206
6.3754367e-005 430.207
6.3954367e-005 432.206
6.4154367e-005 432.606
6.4354367e-005 433.006
6.4554367e-005 431.007
6.4754367e-005 433.006
6.4954367e-005 432.606
6.5154367e-005 434.605
6.5354367e-005 433.806
6.5554367e-005 434.605
6.5754367e-005 435.005
6.5954367e-005 432.206
6.6154367e-005 432.606
6.6354367e-005 434.205
6.6554367e-005 432.206
6.6754367e-005 431.407
6.6954367e-005 434.205
6.7154367e-005 430.607
6.7354367e-005 432.606
6.7554367e-005 432.206
6.7754367e-005 430.207
6.7954367e-005 430.607
6.8154367e-005 432.206
6.8354367e-005 434.605
6.8554367e-005 433.006
6.8754367e-005 434.205
6.8954367e-005 431.407
6.9154367e-005 433.006
6.9354367e-005 435.805
6.9554367e-005 434.205
6.9754367e-005 432.206
6.9954367e-005 433.406
7.0154367e-005 431.407
7.0354367e-005 431.807
7.0554367e-005 434.205
7.0754367e-005 432.206
7.0954367e-005 435.005
7.1154367e-005 433.006
7.1354367e-005 435.805
7.1554367e-005 431.807
7.1754367e-005 433.406
7.1954367e-005 432.606
7.2154367e-005 433.406
7.2354367e-005 431.807
7.2554367e-005 432.206
7.2754367e-005 433.806
7.2954367e-005 433.406
7.3154367e-005 431.407
7.3354367e-005 432.206
7.3554367e-005 433.806
7.3754367e-005 430.607
7.3954367e-005 434.205
7.4154367e-005 433.006
7.4354367e-005 433.006
7.4554367e-005 431.007
7.4754367e-005 431.807
7.4954367e-005 433.406
7.5154367e-005 434.205
7.5354367e-005 435.005
7.5554367e-005 432.206
7.5754367e-005 431.807
7.5954367e-005 434.205
7.6154367e-005 431.407
7.6354367e-005 433.406
7.6554367e-005 431.407
7.6754367e-005 433.006
7.6954367e-005 433.806
7.7154367e-005 433.806
7.7354367e-005 433.406
7.7554367e-005 432.206
7.7754367e-005 433.406
7.7954367e-005 432.606
7.8154367e-005 431.407
7.8354367e-005 431.007
7.8554367e-005 433.006
7.8754367e-005 431.407
7.8954367e-005 433.006
7.9154367e-005 433.406
7.9354367e-005 433.806
7.9554367e-005 433.006
7.9754367e-005 431.407
7.9954367e-005 430.607
8.0154367e-005 430.207
8.0354367e-005 431.407
8.0554367e-005 429.807
8.0754367e-005 432.206
8.0954367e-005 432.606
8.1154367e-005 430.607
8.1354367e-005 431.807
8.1554367e-005 434.205
8.1754367e-005 433.006
8.1954367e-005 432.606
8.2154367e-005 431.407
8.2354367e-005 431.407
8.2554367e-005 432.606
8.2754367e-005 432.206
8.2954367e-005 431.807
8.3154367e-005 430.207
8.3354367e-005 430.607
8.3554367e-005 431.407
8.3754367e-005 430.207
8.3954367e-005 431.007
8.4154367e-005 432.206
8.4354367e-005 434.605
8.4554367e-005 432.206
8.4754367e-005 432.606
8.4954367e-005 430.207
8.5154367e-005 435.005
8.5354367e-005 432.206
8.5554367e-005 433.006
8.5754367e-005 429.807
8.5954367e-005 431.807
8.6154367e-005 431.807
8.6354367e-005 433.006
8.6554367e-005 429.807
8.6754367e-005 429.807
8.6954367e-005 432.206
8.7154367e-005 433.006
8.7354367e-005 431.807
8.7554367e-005 430.207
8.7754367e-005 431.807
8.7954367e-005 432.606
8.8154367e-005 430.207
8.8354367e-005 432.606
8.8554367e-005 430.607
8.8754367e-005 429.408
8.8954367e-005 432.206
8.9154367e-005 431.407
8.9354367e-005 431.407
8.9554367e-005 432.206
8.9754367e-005 430.207
8.9954367e-005 429.408
9.0154367e-005 430.607
9.0354367e-005 427.409
9.0554367e-005 429.807
9.0754367e-005 430.207
9.0954367e-005 428.608
9.1154367e-005 429.807
9.1354367e-005 431.007
9.1554367e-005 430.207
9.1754367e-005 431.007
9.1954367e-005 431.807
9.2154367e-005 431.007
9.2354367e-005 429.807
9.2554367e-005 430.207
9.2754367e-005 430.607
9.2954367e-005 429.408
9.3154367e-005 431.007
9.3354367e-005 433.806
9.3554367e-005 430.607
9.3754367e-005 429.807
9.3954367e-005 429.408
9.4154367e-005 431.007
9.4354367e-005 430.207
9.4554367e-005 431.807
9.4754367e-005 431.807
9.4954367e-005 429.408
9.5154367e-005 430.207
9.5354367e-005 432.206
9.5554367e-005 426.209
9.5754367e-005 431.407
9.5954367e-005 429.408
9.6154367e-005 429.807
9.6354367e-005 430.607
9.6554367e-005 428.208
9.6754367e-005 429.807
9.6954367e-005 429.807
9.7154367e-005 432.206
9.7354367e-005 433.006
9.7554367e-005 431.007
9.7754367e-005 430.207
9.7954367e-005 428.608
9.8154367e-005 431.807
9.8354367e-005 430.207
9.8554367e-005 429.408
9.8754367e-005 427.409
9.8954367e-005 430.607
9.9154367e-005 431.807
9.9354367e-005 430.207
9.9554367e-005 429.008
9.9754367e-005 433.006
9.9954367e-005 429.408
0.00010015437 430.607
0.00010035437 432.606
0.00010055437 426.609
0.00010075437 429.408
0.00010095437 429.008
0.00010115437 432.606
0.00010135437 429.807
0.00010155437 431.407
0.00010175437 430.607
0.00010195437 429.807
0.00010215437 430.607
0.00010235437 429.807
0.00010255437 429.807
0.00010275437 429.008
0.00010295437 431.407
0.00010315437 429.408
0.00010335437 431.407
0.00010355437 430.207
0.00010375437 430.207
0.00010395437 431.007
0.00010415437 431.007
0.00010435437 430.207
0.00010455437 429.008
0.00010475437 429.807
0.00010495437 428.608
0.00010515437 431.407
0.00010535437 430.607
0.00010555437 429.008
0.00010575437 429.408
0.00010595437 430.607
0.00010615437 430.207
0.00010635437 430.207
0.00010655437 429.807
0.00010675437 429.807
0.00010695437 428.608
0.00010715437 431.807
0.00010735437 429.807
0.00010755437 429.408
0.00010775437 429.008
0.00010795437 429.408
0.00010815437 429.807
0.00010835437 429.008
0.00010855437 431.407
0.00010875437 429.408
0.00010895437 428.208
0.00010915437 430.207
0.00010935437 429.408
0.00010955437 429.408
0.00010975437 430.207
0.00010995437 429.408
0.00011015437 431.407
0.00011035437 427.808
0.00011055437 430.607
0.00011075437 428.608
0.00011095437 428.608
0.00011115437 429.008
0.00011135437 431.807
0.00011155437 430.207
0.00011175437 429.807
0.00011195437 427.409
0.00011215437 429.408
0.00011235437 427.409
0.00011255437 428.208
0.00011275437 429.408
0.00011295437 427.009
0.00011315437 431.007
0.00011335437 427.409
0.00011355437 429.408
0.00011375437 428.608
0.00011395437 429.408
0.00011415437 427.009
0.00011435437 430.207
0.00011455437 429.807
0.00011475437 425.409
0.00011495437 427.808
0.00011515437 428.608
0.00011535437 428.608
0.00011555437 430.207
0.00011575437 427.009
0.00011595437 426.609
0.00011615437 427.409
0.00011635437 425.809
0.00011655437 428.208
0.00011675437 430.607
0.00011695437 426.209
0.00011715437 426.609
0.00011735437 427.808
0.00011755437 424.61
0.00011775437 427.409
0.00011795437 430.207
0.00011815437 426.609
0.00011835437 428.208
0.00011855437 427.808
0.00011875437 427.808
0.00011895437 428.608
0.00011915437 429.408
0.00011935437 425.809
0.00011955437 427.409
0.00011975437 429.807
0.00011995437 425.809
0.00012015437 428.208
0.00012035437 427.009
0.00012055437 427.009
0.00012075437 428.608
0.00012095437 429.807
0.00012115437 426.609
0.00012135437 428.208
0.00012155437 425.01
0.00012175437 429.807
0.00012195437 427.009
0.00012215437 426.209
0.00012235437 429.008
0.00012255437 428.608
0.00012275437 428.608
0.00012295437 425.809
0.00012315437 426.609
0.00012335437 426.609
0.00012355437 427.808
0.00012375437 427.009
0.00012395437 426.209
0.00012415437 425.409
0.00012435437 426.609
0.00012455437 429.408
0.00012475437 424.21
0.00012495437 423.01
0.00012515437 428.208
0.00012535437 428.208
0.00012555437 428.608
0.00012575437 426.209
0.00012595437 429.408
0.00012615437 428.608
0.00012635437 431.007
0.00012655437 427.009
0.00012675437 430.607
0.00012695437 426.609
0.00012715437 424.61
0.00012735437 427.808
0.00012755437 427.409
0.00012775437 428.208
0.00012795437 427.808
0.00012815437 426.609
0.00012835437 427.808
0.00012855437 426.609
0.00012875437 427.409
0.00012895437 425.409
0.00012915437 427.409
0.00012935437 426.209
0.00012955437 427.409
0.00012975437 424.61
0.00012995437 427.009
0.00013015437 421.811
0.00013035437 426.209
0.00013055437 425.01
0.00013075437 425.01
0.00013095437 425.409
0.00013115437 427.409
0.00013135437 426.209
0.00013155437 426.609
0.00013175437 426.609
0.00013195437 425.01
0.00013215437 426.209
0.00013235437 428.208
0.00013255437 425.809
0.00013275437 423.41
0.00013295437 426.609
0.00013315437 427.409
0.00013335437 426.209
0.00013355437 427.808
0.00013375437 427.808
0.00013395437 424.21
0.00013415437 422.611
0.00013435437 426.609
0.00013455437 427.808
0.00013475437 428.608
0.00013495437 425.809
0.00013515437 426.209
0.00013535437 426.609
0.00013555437 423.81
0.00013575437 429.008
0.00013595437 426.609
0.00013615437 427.409
0.00013635437 425.01
0.00013655437 428.208
0.00013675437 427.009
0.00013695437 426.209
0.00013715437 427.009
0.00013735437 423.81
0.00013755437 426.209
0.00013775437 425.409
0.00013795437 428.208
0.00013815437 427.409
0.00013835437 424.61
0.00013855437 426.209
0.00013875437 422.611
0.00013895437 426.209
0.00013915437 425.409
0.00013935437 426.609
0.00013955437 427.009
0.00013975437 427.409
0.00013995437 422.611
0.00014015437 426.609
0.00014035437 425.409
0.00014055437 428.608
0.00014075437 427.808
0.00014095437 426.209
0.00014115437 429.408
0.00014135437 429.008
0.00014155437 426.209
0.00014175437 426.609
0.00014195437 427.009
0.00014215437 429.008
0.00014235437 426.209
0.00014255437 426.609
0.00014275437 427.808
0.00014295437 429.408
0.00014315437 428.208
0.00014335437 425.809
0.00014355437 426.609
0.00014375437 423.41
0.00014395437 429.408
0.00014415437 426.609
0.00014435437 426.609
0.00014455437 427.009
0.00014475437 424.21
0.00014495437 427.808
0.00014515437 425.01
0.00014535437 427.808
0.00014555437 424.61
0.00014575437 425.409
0.00014595437 426.609
0.00014615437 426.209
0.00014635437 423.41
0.00014655437 426.209
0.00014675437 426.209
0.00014695437 424.61
0.00014715437 425.01
0.00014735437 424.21
0.00014755437 426.209
0.00014775437 425.409
0.00014795437 427.409
0.00014815437 426.209
0.00014835437 425.809
0.00014855437 425.409
0.00014875437 424.21
0.00014895437 426.209
0.00014915437 426.209
0.00014935437 426.209
0.00014955437 427.409
0.00014975437 424.61
0.00014995437 425.01
0.00015015437 427.009
0.00015035437 420.212
0.00015055437 427.009
0.00015075437 425.409
0.00015095437 426.209
0.00015115437 424.61
0.00015135437 423.81
0.00015155437 425.409
0.00015175437 423.41
0.00015195437 426.609
0.00015215437 424.21
0.00015235437 421.411
0.00015255437 423.81
0.00015275437 423.41
0.00015295437 423.81
0.00015315437 423.41
0.00015335437 423.41
0.00015355437 424.61
0.00015375437 420.612
0.00015395437 423.81
0.00015415437 421.811
0.00015435437 423.81
0.00015455437 425.409
0.00015475437 425.809
0.00015495437 422.211
0.00015515437 427.009
0.00015535437 423.81
0.00015555437 425.01
0.00015575437 425.01
0.00015595437 423.81
0.00015615437 425.809
0.00015635437 421.811
0.00015655437 424.21
0.00015675437 424.61
0.00015695437 422.211
0.00015715437 425.809
0.00015735437 423.41
0.00015755437 424.21
0.00015775437 424.21
0.00015795437 423.01
0.00015815437 423.01
0.00015835437 421.011
0.00015855437 423.81
0.00015875437 422.611
0.00015895437 424.61
0.00015915437 424.61
0.00015935437 426.609
0.00015955437 423.01
0.00015975437 423.81
0.00015995437 420.612
0.00016015437 423.01
0.00016035437 424.61
0.00016055437 423.41
0.00016075437 423.01
0.00016095437 421.011
0.00016115437 427.009
0.00016135437 424.21
0.00016155437 422.611
0.00016175437 425.409
0.00016195437 420.612
0.00016215437 423.81
0.00016235437 421.011
0.00016255437 422.611
0.00016275437 425.809
0.00016295437 423.81
0.00016315437 423.01
0.00016335437 425.01
0.00016355437 423.41
0.00016375437 423.01
0.00016395437 421.811
0.00016415437 424.21
0.00016435437 422.611
0.00016455437 423.41
0.00016475437 425.01
0.00016495437 422.211
0.00016515437 422.211
0.00016535437 425.01
0.00016555437 424.61
0.00016575437 423.41
0.00016595437 421.011
0.00016615437 424.61
0.00016635437 422.611
0.00016655437 422.611
0.00016675437 421.411
0.00016695437 420.612
0.00016715437 423.41
0.00016735437 422.611
0.00016755437 425.409
0.00016775437 422.211
0.00016795437 424.21
0.00016815437 421.811
0.00016835437 421.011
0.00016855437 420.212
0.00016875437 423.41
0.00016895437 423.81
0.00016915437 424.21
0.00016935437 421.811
0.00016955437 420.212
0.00016975437 420.612
0.00016995437 422.611
0.00017015437 423.41
0.00017035437 421.411
0.00017055437 421.411
0.00017075437 421.811
0.00017095437 421.011
0.00017115437 420.612
0.00017135437 421.811
0.00017155437 421.411
0.00017175437 421.811
0.00017195437 422.611
0.00017215437 421.811
0.00017235437 422.211
0.00017255437 420.612
0.00017275437 421.011
0.00017295437 421.811
0.00017315437 420.612
0.00017335437 424.21
0.00017355437 420.612
0.00017375437 417.813
0.00017395437 421.411
0.00017415437 420.212
0.00017435437 423.81
0.00017455437 419.012
0.00017475437 419.812
0.00017495437 419.812
0.00017515437 421.411
0.00017535437 422.211
0.00017555437 421.411
0.00017575437 421.411
0.00017595437 422.611
0.00017615437 420.612
0.00017635437 421.811
0.00017655437 419.412
0.00017675437 421.811
0.00017695437 420.612
0.00017715437 421.811
0.00017735437 420.212
0.00017755437 419.412
0.00017775437 420.212
0.00017795437 419.412
0.00017815437 421.011
0.00017835437 420.612
0.00017855437 419.812
0.00017875437 420.612
0.00017895437 420.212
0.00017915437 420.212
0.00017935437 419.812
0.00017955437 421.811
0.00017975437 421.811
0.00017995437 419.012
0.00018015437 418.612
0.00018035437 417.013
0.00018055437 418.612
0.00018075437 417.013
0.00018095437 417.813
0.00018115437 420.612
0.00018135437 420.212
0.00018155437 419.812
0.00018175437 420.612
0.00018195437 421.411
0.00018215437 417.813
0.00018235437 421.811
0.00018255437 423.01
0.00018275437 420.612
0.00018295437 419.412
0.00018315437 417.413
0.00018335437 418.213
0.00018355437 419.812
0.00018375437 421.811
0.00018395437 417.813
0.00018415437 420.212
0.00018435437 419.812
0.00018455437 418.612
0.00018475437 421.411
0.00018495437 421.011
0.00018515437 420.612
0.00018535437 418.612
0.00018555437 423.01
0.00018575437 419.812
0.00018595437 421.011
0.00018615437 420.612
0.00018635437 422.211
0.00018655437 420.612
0.00018675437 420.212
0.00018695437 419.412
0.00018715437 419.412
0.00018735437 419.812
0.00018755437 422.211
0.00018775437 418.612
0.00018795437 417.813
0.00018815437 420.612
0.00018835437 419.812
0.00018855437 418.612
0.00018875437 419.412
0.00018895437 419.012
0.00018915437 421.411
0.00018935437 419.812
0.00018955437 421.011
0.00018975437 419.812
0.00018995437 421.811
0.00019015437 418.213
0.00019035437 421.811
0.00019055437 421.411
0.00019075437 420.212
0.00019095437 420.212
0.00019115437 419.012
0.00019135437 415.814
0.00019155437 419.012
0.00019175437 417.413
0.00019195437 419.412
0.00019215437 417.413
0.00019235437 417.813
0.00019255437 417.813
0.00019275437 418.213
0.00019295437 419.412
0.00019315437 417.413
0.00019335437 418.612
0.00019355437 420.212
0.00019375437 418.612
0.00019395437 417.813
0.00019415437 418.612
0.00019435437 420.612
0.00019455437 420.212
0.00019475437 419.012
0.00019495437 418.213
0.00019515437 419.012
0.00019535437 421.011
0.00019555437 417.813
0.00019575437 420.212
0.00019595437 419.412
0.00019615437 417.413
0.00019635437 419.012
0.00019655437 417.813
0.00019675437 421.411
0.00019695437 418.612
0.00019715437 418.213
0.00019735437 417.813
0.00019755437 417.413
0.00019775437 416.613
0.00019795437 418.213
0.00019815437 418.213
0.00019835437 419.812
0.00019855437 419.812
0.00019875437 417.813
0.00019895437 417.813
0.00019915437 420.612
0.00019935437 419.012
0.00019955437 418.213
0.00019975437 419.412
0.00019995437 417.813
0.00020015437 419.412
0.00020035437 418.213
0.00020055437 418.213
0.00020075437 413.815
0.00020095437 419.812
0.00020115437 416.214
0.00020135437 416.214
0.00020155437 418.612
0.00020175437 418.213
0.00020195437 420.212
0.00020215437 415.814
0.00020235437 416.214
0.00020255437 417.813
0.00020275437 417.013
0.00020295437 418.612
0.00020315437 416.613
0.00020335437 417.813
0.00020355437 418.213
0.00020375437 416.613
0.00020395437 417.013
0.00020415437 415.814
0.00020435437 417.413
0.00020455437 415.814
0.00020475437 417.813
0.00020495437 415.814
0.00020515437 420.212
0.00020535437 418.213
0.00020555437 417.813
0.00020575437 416.613
0.00020595437 417.813
0.00020615437 419.412
0.00020635437 415.414
0.00020655437 416.214
0.00020675437 417.013
0.00020695437 418.213
0.00020715437 415.014
0.00020735437 416.214
0.00020755437 417.013
0.00020775437 417.813
0.00020795437 415.014
0.00020815437 415.414
0.00020835437 414.614
0.00020855437 418.213
0.00020875437 415.414
0.00020895437 417.813
0.00020915437 417.413
0.00020935437 414.614
0.00020955437 417.413
0.00020975437 416.214
0.00020995437 415.414
0.00021015437 417.813
0.00021035437 416.613
0.00021055437 415.414
0.00021075437 416.214
0.00021095437 416.214
0.00021115437 415.414
0.00021135437 415.014
0.00021155437 413.415
0.00021175437 413.415
0.00021195437 415.014
0.00021215437 414.614
0.00021235437 412.615
0.00021255437 416.214
0.00021275437 414.214
0.00021295437 414.214
0.00021315437 414.214
0.00021335437 414.614
0.00021355437 416.214
0.00021375437 415.814
0.00021395437 413.815
0.00021415437 413.415
0.00021435437 413.815
0.00021455437 416.214
0.00021475437 413.815
0.00021495437 416.613
0.00021515437 415.014
0.00021535437 413.415
0.00021555437 413.815
0.00021575437 414.214
0.00021595437 415.814
0.00021615437 415.814
0.00021635437 416.613
0.00021655437 415.014
0.00021675437 417.013
0.00021695437 414.614
0.00021715437 415.414
0.00021735437 416.214
0.00021755437 415.414
0.00021775437 414.214
0.00021795437 414.214
0.00021815437 411.816
0.00021835437 414.214
0.00021855437 415.014
0.00021875437 415.014
0.00021895437 416.613
0.00021915437 415.014
0.00021935437 414.214
0.00021955437 412.215
0.00021975437 413.415
0.00021995437 413.415
0.00022015437 413.415
0.00022035437 415.014
0.00022055437 411.816
0.00022075437 415.814
0.00022095437 415.814
0.00022115437 413.415
0.00022135437 412.215
0.00022155437 415.014
0.00022175437 415.814
0.00022195437 413.815
0.00022215437 413.815
0.00022235437 414.214
0.00022255437 416.214
0.00022275437 413.415
0.00022295437 415.014
0.00022315437 414.214
0.00022335437 413.815
0.00022355437 411.016
0.00022375437 413.815
0.00022395437 416.214
0.00022415437 413.415
0.00022435437 414.214
0.00022455437 411.816
0.00022475437 413.815
0.00022495437 413.815
0.00022515437 414.214
0.00022535437 413.015
0.00022555437 414.614
0.00022575437 414.214
0.00022595437 411.816
0.00022615437 415.814
0.00022635437 411.016
0.00022655437 410.216
0.00022675437 413.815
0.00022695437 411.016
0.00022715437 414.214
0.00022735437 413.415
0.00022755437 414.214
0.00022775437 412.215
0.00022795437 414.614
0.00022815437 414.614
0.00022835437 415.014
0.00022855437 414.214
0.00022875437 413.015
0.00022895437 413.015
0.00022915437 414.214
0.00022935437 412.615
0.00022955437 413.015
0.00022975437 414.614
0.00022995437 409.816
0.00023015437 413.415
0.00023035437 415.014
0.00023055437 413.815
0.00023075437 413.815
0.00023095437 413.815
0.00023115437 414.214
0.00023135437 411.016
0.00023155437 412.215
0.00023175437 410.616
0.00023195437 409.816
0.00023215437 411.816
0.00023235437 411.416
0.00023255437 413.415
0.00023275437 411.016
0.00023295437 411.816
0.00023315437 412.615
0.00023335437 412.215
0.00023355437 411.016
0.00023375437 411.016
0.00023395437 409.816
0.00023415437 411.816
0.00023435437 409.816
0.00023455437 409.816
0.00023475437 413.415
0.00023495437 411.416
0.00023515437 408.617
0.00023535437 407.417
0.00023555437 409.417
0.00023575437 411.816
0.00023595437 411.016
0.00023615437 412.215
0.00023635437 413.015
0.00023655437 410.216
0.00023675437 409.816
0.00023695437 410.216
0.00023715437 409.816
0.00023735437 411.416
0.00023755437 412.615
0.00023775437 410.216
0.00023795437 411.416
0.00023815437 409.816
0.00023835437 411.016
0.00023855437 411.816
0.00023875437 409.816
0.00023895437 410.216
0.00023915437 410.216
0.00023935437 413.015
0.00023955437 411.016
0.00023975437 408.617
0.00023995437 413.415
0.00024015437 409.816
0.00024035437 411.816
0.00024055437 409.816
0.00024075437 409.816
0.00024095437 409.417
0.00024115437 409.816
0.00024135437 413.015
0.00024155437 408.217
0.00024175437 409.816
0.00024195437 410.616
0.00024215437 411.416
0.00024235437 409.017
0.00024255437 410.616
0.00024275437 411.416
0.00024295437 409.017
0.00024315437 409.816
0.00024335437 408.217
0.00024355437 410.616
0.00024375437 408.617
0.00024395437 410.216
0.00024415437 410.616
0.00024435437 408.217
0.00024455437 409.417
0.00024475437 411.016
0.00024495437 409.417
0.00024515437 411.816
0.00024535437 411.416
0.00024555437 411.416
0.00024575437 409.816
0.00024595437 407.417
0.00024615437 405.818
0.00024635437 409.017
0.00024655437 410.216
0.00024675437 410.216
0.00024695437 410.216
0.00024715437 409.417
0.00024735437 410.616
0.00024755437 409.017
0.00024775437 409.417
0.00024795437 407.417
0.00024815437 409.816
0.00024835437 408.617
0.00024855437 409.816
0.00024875437 410.216
0.00024895437 407.817
0.00024915437 407.417
0.00024935437 413.415
0.00024955437 409.017
0.00024975437 408.617
0.00024995437 409.417
0.00025015437 409.816
0.00025035437 410.616
0.00025055437 411.416
0.00025075437 407.417
0.00025095437 409.816
0.00025115437 411.016
0.00025135437 413.015
0.00025155437 410.216
0.00025175437 409.417
0.00025195437 409.816
0.00025215437 407.417
0.00025235437 406.618
0.00025255437 407.018
0.00025275437 406.618
0.00025295437 409.816
0.00025315437 408.617
0.00025335437 409.417
0.00025355437 407.018
0.00025375437 407.417
0.00025395437 409.417
0.00025415437 407.817
0.00025435437 408.617
0.00025455437 409.417
0.00025475437 409.017
0.00025495437 409.417
0.00025515437 407.417
0.00025535437 407.417
0.00025555437 407.417
0.00025575437 408.217
0.00025595437 408.217
0.00025615437 407.417
0.00025635437 406.218
0.00025655437 407.817
0.00025675437 405.418
0.00025695437 408.617
0.00025715437 406.618
0.00025735437 408.217
0.00025755437 409.417
0.00025775437 407.417
0.00025795437 409.417
0.00025815437 409.417
0.00025835437 409.017
0.00025855437 409.017
0.00025875437 409.017
0.00025895437 408.617
0.00025915437 409.017
0.00025935437 407.018
0.00025955437 406.618
0.00025975437 407.417
0.00025995437 406.618
0.00026015437 406.618
0.00026035437 405.418
0.00026055437 408.617
0.00026075437 409.017
0.00026095437 405.818
0.00026115437 405.818
0.00026135437 409.816
0.00026155437 406.218
0.00026175437 406.218
0.00026195437 408.217
0.00026215437 407.018
0.00026235437 406.218
0.00026255437 407.417
0.00026275437 408.217
0.00026295437 406.218
0.00026315437 405.418
0.00026335437 406.618
0.00026355437 409.816
0.00026375437 405.019
0.00026395437 404.619
0.00026415437 405.818
0.00026435437 407.018
0.00026455437 405.019
0.00026475437 405.418
0.00026495437 405.418
0.00026515437 407.018
0.00026535437 405.418
0.00026555437 406.218
0.00026575437 405.818
0.00026595437 405.019
0.00026615437 404.219
0.00026635437 405.818
0.00026655437 407.417
0.00026675437 407.018
0.00026695437 406.218
0.00026715437 406.618
0.00026735437 405.418
0.00026755437 406.218
0.00026775437 406.218
0.00026795437 405.818
0.00026815437 404.219
0.00026835437 407.018
0.00026855437 405.019
0.00026875437 404.219
0.00026895437 403.819
0.00026915437 407.417
0.00026935437 404.219
0.00026955437 405.019
0.00026975437 405.418
0.00026995437 403.819
0.00027015437 404.619
0.00027035437 404.619
0.00027055437 405.019
0.00027075437 401.82
0.00027095437 403.819
0.00027115437 401.02
0.00027135437 403.819
0.00027155437 404.619
0.00027175437 403.819
0.00027195437 404.219
0.00027215437 404.619
0.00027235437 402.62
0.00027255437 403.019
0.00027275437 403.819
0.00027295437 403.019
0.00027315437 402.62
0.00027335437 403.419
0.00027355437 401.82
0.00027375437 404.219
0.00027395437 404.219
0.00027415437 398.222
0.00027435437 404.219
0.00027455437 400.621
0.00027475437 403.419
0.00027495437 404.219
0.00027515437 407.018
0.00027535437 403.419
0.00027555437 403.419
0.00027575437 403.019
0.00027595437 401.82
0.00027615437 401.02
0.00027635437 402.22
0.00027655437 403.419
0.00027675437 403.419
0.00027695437 401.82
0.00027715437 402.62
0.00027735437 401.42
0.00027755437 400.621
0.00027775437 403.419
0.00027795437 405.418
0.00027815437 406.218
0.00027835437 401.42
0.00027855437 402.62
0.00027875437 403.019
0.00027895437 405.019
0.00027915437 403.419
0.00027935437 403.419
0.00027955437 401.82
0.00027975437 403.419
0.00027995437 402.62
0.00028015437 403.019
0.00028035437 404.619
0.00028055437 402.62
0.00028075437 402.62
0.00028095437 401.42
0.00028115437 402.62
0.00028135437 401.02
0.00028155437 402.22
0.00028175437 401.02
0.00028195437 403.819
0.00028215437 402.62
0.00028235437 400.621
0.00028255437 402.62
0.00028275437 403.019
0.00028295437 403.019
0.00028315437 403.019
0.00028335437 403.419
0.00028355437 399.021
0.00028375437 401.02
0.00028395437 400.221
0.00028415437 401.42
0.00028435437 401.02
0.00028455437 400.621
0.00028475437 402.22
0.00028495437 402.62
0.00028515437 403.419
0.00028535437 401.02
0.00028555437 401.02
0.00028575437 401.82
0.00028595437 401.02
0.00028615437 399.421
0.00028635437 404.619
0.00028655437 401.42
0.00028675437 402.22
0.00028695437 401.82
0.00028715437 401.82
0.00028735437 401.02
0.00028755437 400.621
0.00028775437 400.621
0.00028795437 402.22
0.00028815437 401.82
0.00028835437 403.819
0.00028855437 403.419
0.00028875437 402.22
0.00028895437 401.42
0.00028915437 401.42
0.00028935437 401.02
0.00028955437 403.019
0.00028975437 403.419
0.00028995437 402.22
0.00029015437 402.62
0.00029035437 404.619
0.00029055437 401.02
0.00029075437 401.42
0.00029095437 402.22
0.00029115437 402.62
0.00029135437 402.62
0.00029155437 403.019
0.00029175437 400.621
0.00029195437 401.82
0.00029215437 403.019
0.00029235437 401.82
0.00029255437 403.419
0.00029275437 402.62
0.00029295437 401.82
0.00029315437 403.819
0.00029335437 400.221
0.00029355437 401.82
0.00029375437 401.42
0.00029395437 402.62
0.00029415437 404.619
0.00029435437 403.419
0.00029455437 404.219
0.00029475437 401.02
0.00029495437 399.421
0.00029515437 403.019
0.00029535437 403.419
0.00029555437 403.019
0.00029575437 400.221
0.00029595437 402.22
0.00029615437 403.819
0.00029635437 402.22
0.00029655437 401.42
0.00029675437 403.819
0.00029695437 403.019
0.00029715437 400.621
0.00029735437 400.621
0.00029755437 401.42
0.00029775437 402.62
0.00029795437 401.42
0.00029815437 401.82
0.00029835437 404.219
0.00029855437 403.419
0.00029875437 401.02
0.00029895437 401.42
0.00029915437 400.621
0.00029935437 401.42
0.00029955437 399.821
0.00029975437 402.22
0.00029995437 403.019
0.00030015437 403.819
0.00030035437 399.021
0.00030055437 402.22
0.00030075437 399.021
0.00030095437 399.421
0.00030115437 400.221
0.00030135437 402.22
0.00030155437 401.02
0.00030175437 402.62
0.00030195437 402.62
0.00030215437 401.02
0.00030235437 400.621
0.00030255437 400.621
0.00030275437 401.42
0.00030295437 400.221
0.00030315437 402.22
0.00030335437 400.221
0.00030355437 401.82
0.00030375437 403.019
0.00030395437 401.42
0.00030415437 402.22
0.00030435437 401.02
0.00030455437 399.821
0.00030475437 398.621
0.00030495437 401.02
0.00030515437 400.221
0.00030535437 401.02
0.00030555437 400.621
0.00030575437 401.42
0.00030595437 402.62
0.00030615437 398.222
0.00030635437 401.82
0.00030655437 400.621
0.00030675437 397.822
0.00030695437 399.421
0.00030715437 400.621
0.00030735437 400.221
0.00030755437 399.421
0.00030775437 400.621
0.00030795437 401.42
0.00030815437 401.42
0.00030835437 399.821
0.00030855437 401.82
0.00030875437 399.421
0.00030895437 398.621
0.00030915437 395.823
0.00030935437 399.821
0.00030955437 401.82
0.00030975437 399.421
0.00030995437 398.222
0.00031015437 398.222
0.00031035437 400.221
0.00031055437 399.021
0.00031075437 398.222
0.00031095437 397.022
0.00031115437 398.222
0.00031135437 398.621
0.00031155437 398.222
0.00031175437 399.421
0.00031195437 400.621
0.00031215437 397.422
0.00031235437 396.222
0.00031255437 398.222
0.00031275437 399.421
0.00031295437 396.622
0.00031315437 395.823
0.00031335437 395.823
0.00031355437 398.222
0.00031375437 398.621
0.00031395437 398.621
0.00031415437 396.622
0.00031435437 399.021
0.00031455437 396.222
0.00031475437 397.422
0.00031495437 396.222
0.00031515437 395.823
0.00031535437 401.02
0.00031555437 398.621
0.00031575437 397.422
0.00031595437 395.823
0.00031615437 396.622
0.00031635437 395.823
0.00031655437 396.622
0.00031675437 395.823
0.00031695437 397.822
0.00031715437 394.623
0.00031735437 396.622
0.00031755437 397.422
0.00031775437 395.823
0.00031795437 399.421
0.00031815437 395.023
0.00031835437 397.022
0.00031855437 394.623
0.00031875437 394.223
0.00031895437 397.422
0.00031915437 396.222
0.00031935437 396.222
0.00031955437 396.622
0.00031975437 397.822
0.00031995437 395.023
0.00032015437 399.021
0.00032035437 396.622
0.00032055437 399.021
0.00032075437 397.022
0.00032095437 396.222
0.00032115437 393.824
0.00032135437 397.422
0.00032155437 397.422
0.00032175437 396.222
0.00032195437 397.422
0.00032215437 395.023
0.00032235437 394.223
0.00032255437 395.023
0.00032275437 396.622
0.00032295437 395.823
0.00032315437 395.023
0.00032335437 395.423
0.00032355437 394.623
0.00032375437 396.622
0.00032395437 396.622
0.00032415437 395.823
0.00032435437 394.223
0.00032455437 396.222
0.00032475437 396.222
0.00032495437 395.823
0.00032515437 395.023
0.00032535437 395.823
0.00032555437 395.423
0.00032575437 396.622
0.00032595437 395.023
0.00032615437 395.423
0.00032635437 394.623
0.00032655437 395.823
0.00032675437 395.823
0.00032695437 397.822
0.00032715437 394.623
0.00032735437 397.422
0.00032755437 396.622
0.00032775437 393.424
0.00032795437 396.622
0.00032815437 395.023
0.00032835437 395.823
0.00032855437 393.824
0.00032875437 396.622
0.00032895437 397.422
0.00032915437 395.423
0.00032935437 395.023
0.00032955437 393.024
0.00032975437 395.823
0.00032995437 397.822
0.00033015437 395.823
0.00033035437 395.423
0.00033055437 394.223
0.00033075437 395.823
0.00033095437 400.621
0.00033115437 393.824
0.00033135437 395.823
0.00033155437 393.024
0.00033175437 395.023
0.00033195437 395.023
0.00033215437 395.423
0.00033235437 395.823
0.00033255437 395.823
0.00033275437 399.421
0.00033295437 397.422
0.00033315437 396.222
0.00033335437 394.623
0.00033355437 394.623
0.00033375437 395.423
0.00033395437 395.023
0.00033415437 393.024
0.00033435437 399.421
0.00033455437 393.824
0.00033475437 394.223
0.00033495437 394.223
0.00033515437 393.824
0.00033535437 395.823
0.00033555437 395.823
0.00033575437 393.024
0.00033595437 395.823
0.00033615437 394.223
0.00033635437 397.822
0.00033655437 395.823
0.00033675437 393.024
0.00033695437 394.223
0.00033715437 395.823
0.00033735437 393.024
0.00033755437 393.024
0.00033775437 395.423
0.00033795437 394.623
0.00033815437 395.423
0.00033835437 394.223
0.00033855437 396.222
0.00033875437 395.423
0.00033895437 394.623
0.00033915437 393.824
0.00033935437 395.823
0.00033955437 394.623
0.00033975437 394.623
0.00033995437 394.223
0.00034015437 396.622
0.00034035437 394.223
0.00034055437 394.623
0.00034075437 394.223
0.00034095437 395.423
0.00034115437 395.423
0.00034135437 390.625
0.00034155437 393.824
0.00034175437 393.024
0.00034195437 391.025
0.00034215437 395.423
0.00034235437 394.623
0.00034255437 393.424
0.00034275437 396.222
0.00034295437 395.423
0.00034315437 395.823
0.00034335437 393.824
0.00034355437 395.023
0.00034375437 392.224
0.00034395437 393.824
0.00034415437 395.823
0.00034435437 395.023
0.00034455437 392.624
0.00034475437 392.624
0.00034495437 394.223
0.00034515437 395.023
0.00034535437 394.623
0.00034555437 395.023
0.00034575437 392.624
0.00034595437 394.223
0.00034615437 396.222
0.00034635437 394.223
0.00034655437 391.025
0.00034675437 392.624
0.00034695437 393.024
0.00034715437 391.425
0.00034735437 394.623
0.00034755437 393.824
0.00034775437 393.424
0.00034795437 394.223
0.00034815437 396.222
0.00034835437 396.222
0.00034855437 393.424
0.00034875437 396.622
0.00034895437 393.824
0.00034915437 393.424
0.00034935437 393.024
0.00034955437 393.424
0.00034975437 392.224
0.00034995437 395.423
0.00035015437 398.621
0.00035035437 395.423
0.00035055437 391.824
0.00035075437 393.424
0.00035095437 392.624
0.00035115437 393.424
0.00035135437 393.024
0.00035155437 392.624
0.00035175437 393.024
0.00035195437 394.623
0.00035215437 389.026
0.00035235437 390.625
0.00035255437 393.424
0.00035275437 393.824
0.00035295437 391.425
0.00035315437 394.623
0.00035335437 391.425
0.00035355437 393.424
0.00035375437 392.624
0.00035395437 392.224
0.00035415437 393.024
0.00035435437 391.425
0.00035455437 389.426
0.00035475437 394.623
0.00035495437 390.225
0.00035515437 394.223
0.00035535437 392.224
0.00035555437 389.825
0.00035575437 389.825
0.00035595437 392.224
0.00035615437 393.824
0.00035635437 393.024
0.00035655437 390.225
0.00035675437 391.425
0.00035695437 391.025
0.00035715437 391.425
0.00035735437 392.224
0.00035755437 388.226
0.00035775437 395.023
0.00035795437 394.623
0.00035815437 389.825
0.00035835437 391.025
0.00035855437 391.425
0.00035875437 392.224
0.00035895437 390.225
0.00035915437 391.824
0.00035935437 391.025
0.00035955437 390.225
0.00035975437 391.824
0.00035995437 389.426
0.00036015437 391.824
0.00036035437 389.825
0.00036055437 390.225
0.00036075437 391.425
0.00036095437 388.226
0.00036115437 389.825
0.00036135437 389.426
0.00036155437 390.225
0.00036175437 388.226
0.00036195437 391.025
0.00036215437 389.426
0.00036235437 389.026
0.00036255437 391.824
0.00036275437 390.225
0.00036295437 392.624
0.00036315437 389.825
0.00036335437 391.025
0.00036355437 389.825
0.00036375437 389.426
0.00036395437 390.225
0.00036415437 390.625
0.00036435437 390.225
0.00036455437 391.025
0.00036475437 390.225
0.00036495437 389.426
0.00036515437 389.426
0.00036535437 389.426
0.00036555437 391.025
0.00036575437 391.425
0.00036595437 391.025
0.00036615437 386.227
0.00036635437 390.625
0.00036655437 390.225
0.00036675437 390.225
0.00036695437 389.426
0.00036715437 389.026
0.00036735437 390.225
0.00036755437 391.025
0.00036775437 390.625
0.00036795437 389.825
0.00036815437 387.027
0.00036835437 386.627
0.00036855437 386.227
0.00036875437 386.627
0.00036895437 388.226
0.00036915437 389.426
0.00036935437 390.625
0.00036955437 390.225
0.00036975437 389.426
0.00036995437 389.426
0.00037015437 387.027
0.00037035437 389.026
0.00037055437 389.026
0.00037075437 387.027
0.00037095437 389.026
0.00037115437 388.226
0.00037135437 388.626
0.00037155437 386.627
0.00037175437 389.426
0.00037195437 390.625
0.00037215437 388.626
0.00037235437 389.825
0.00037255437 387.027
0.00037275437 389.026
0.00037295437 388.626
0.00037315437 387.027
0.00037335437 389.026
0.00037355437 389.426
0.00037375437 389.825
0.00037395437 389.426
0.00037415437 390.225
0.00037435437 388.226
0.00037455437 389.026
0.00037475437 387.426
0.00037495437 388.626
0.00037515437 388.226
0.00037535437 387.826
0.00037555437 389.026
0.00037575437 390.625
0.00037595437 389.825
0.00037615437 391.425
0.00037635437 391.025
0.00037655437 387.426
0.00037675437 389.825
0.00037695437 386.227
0.00037715437 389.426
0.00037735437 387.426
0.00037755437 386.627
0.00037775437 388.626
0.00037795437 389.426
0.00037815437 387.826
0.00037835437 389.426
0.00037855437 389.825
0.00037875437 386.627
0.00037895437 389.426
0.00037915437 387.027
0.00037935437 387.027
0.00037955437 388.226
0.00037975437 387.027
0.00037995437 389.825
0.00038015437 390.625
0.00038035437 388.226
0.00038055437 387.027
0.00038075437 385.427
0.00038095437 386.627
0.00038115437 387.027
0.00038135437 385.827
0.00038155437 388.226
0.00038175437 386.227
0.00038195437 386.627
0.00038215437 390.225
0.00038235437 387.826
0.00038255437 387.027
0.00038275437 388.626
0.00038295437 387.426
0.00038315437 387.826
0.00038335437 386.627
0.00038355437 386.627
0.00038375437 388.226
0.00038395437 388.226
0.00038415437 389.426
0.00038435437 386.627
0.00038455437 388.226
0.00038475437 387.826
0.00038495437 388.626
0.00038515437 387.826
0.00038535437 386.627
0.00038555437 387.426
0.00038575437 388.226
0.00038595437 389.825
0.00038615437 386.627
0.00038635437 387.826
0.00038655437 387.027
0.00038675437 387.826
0.00038695437 387.826
0.00038715437 389.026
0.00038735437 389.426
0.00038755437 386.627
0.00038775437 389.426
0.00038795437 387.826
0.00038815437 389.426
0.00038835437 389.426
0.00038855437 387.426
0.00038875437 389.026
0.00038895437 387.426
0.00038915437 388.626
0.00038935437 386.627
0.00038955437 387.426
0.00038975437 386.627
0.00038995437 389.026
0.00039015437 387.027
0.00039035437 389.026
0.00039055437 389.426
0.00039075437 386.227
0.00039095437 387.826
0.00039115437 388.226
0.00039135437 387.826
0.00039155437 387.426
0.00039175437 387.426
0.00039195437 390.225
0.00039215437 390.625
0.00039235437 387.027
0.00039255437 388.626
0.00039275437 387.426
0.00039295437 389.426
0.00039315437 387.826
0.00039335437 387.426
0.00039355437 389.426
0.00039375437 388.226
0.00039395437 389.426
0.00039415437 386.627
0.00039435437 391.025
0.00039455437 387.426
0.00039475437 389.825
0.00039495437 384.228
0.00039515437 385.427
0.00039535437 388.626
0.00039555437 387.826
0.00039575437 387.826
0.00039595437 387.826
0.00039615437 390.225
0.00039635437 387.426
0.00039655437 385.427
0.00039675437 390.225
0.00039695437 389.426
0.00039715437 387.826
0.00039735437 385.427
0.00039755437 388.226
0.00039775437 389.825
0.00039795437 388.626
0.00039815437 385.827
0.00039835437 388.226
0.00039855437 388.226
0.00039875437 389.426
0.00039895437 388.226
0.00039915437 389.026
0.00039935437 387.426
0.00039955437 388.226
0.00039975437 387.027
0.00039995437 384.628
0.00040015437 387.426
0.00040035437 389.426
0.00040055437 387.027
0.00040075437 389.026
0.00040095437 386.627
0.00040115437 386.227
0.00040135437 388.626
0.00040155437 387.426
0.00040175437 387.027
0.00040195437 385.827
0.00040215437 386.227
0.00040235437 385.427
0.00040255437 386.627
0.00040275437 386.227
0.00040295437 386.227
0.00040315437 387.027
0.00040335437 387.426
0.00040355437 383.828
0.00040375437 386.627
0.00040395437 383.828
0.00040415437 387.426
0.00040435437 384.228
0.00040455437 388.626
0.00040475437 384.228
0.00040495437 386.627
0.00040515437 384.228
0.00040535437 386.627
0.00040555437 385.427
0.00040575437 385.028
0.00040595437 386.227
0.00040615437 383.028
0.00040635437 384.228
0.00040655437 385.827
0.00040675437 385.028
0.00040695437 384.228
0.00040715437 386.627
0.00040735437 385.427
0.00040755437 384.228
0.00040775437 384.628
0.00040795437 386.227
0.00040815437 385.827
0.00040835437 385.028
0.00040855437 383.828
0.00040875437 383.828
0.00040895437 383.028
0.00040915437 385.427
0.00040935437 384.228
0.00040955437 383.428
0.00040975437 385.427
0.00040995437 383.828
0.00041015437 383.428
0.00041035437 386.627
0.00041055437 385.028
0.00041075437 383.828
0.00041095437 388.226
0.00041115437 386.227
0.00041135437 385.028
0.00041155437 385.827
0.00041175437 384.628
0.00041195437 386.627
0.00041215437 383.828
0.00041235437 383.428
0.00041255437 385.827
0.00041275437 384.228
0.00041295437 386.227
0.00041315437 385.028
0.00041335437 383.028
0.00041355437 384.628
0.00041375437 382.629
0.00041395437 382.629
0.00041415437 383.828
0.00041435437 386.227
0.00041455437 386.627
0.00041475437 385.827
0.00041495437 385.028
0.00041515437 385.427
0.00041535437 382.229
0.00041555437 387.027
0.00041575437 383.428
0.00041595437 381.829
0.00041615437 385.028
0.00041635437 387.027
0.00041655437 383.428
0.00041675437 386.627
0.00041695437 383.428
0.00041715437 384.228
0.00041735437 385.827
0.00041755437 383.428
0.00041775437 383.428
0.00041795437 386.227
0.00041815437 381.829
0.00041835437 383.828
0.00041855437 383.828
0.00041875437 383.428
0.00041895437 380.23
0.00041915437 383.428
0.00041935437 384.228
0.00041955437 385.028
0.00041975437 386.627
0.00041995437 383.028
0.00042015437 383.428
0.00042035437 384.228
0.00042055437 384.228
0.00042075437 383.028
0.00042095437 384.228
0.00042115437 384.628
0.00042135437 381.829
0.00042155437 383.428
0.00042175437 383.028
0.00042195437 383.828
0.00042215437 384.228
0.00042235437 384.628
0.00042255437 385.427
0.00042275437 381.829
0.00042295437 384.228
0.00042315437 386.227
0.00042335437 383.828
0.00042355437 384.628
0.00042375437 383.028
0.00042395437 383.828
0.00042415437 382.229
0.00042435437 381.829
0.00042455437 384.628
0.00042475437 382.229
0.00042495437 383.828
0.00042515437 383.028
0.00042535437 383.028
0.00042555437 381.429
0.00042575437 383.428
0.00042595437 385.028
0.00042615437 385.827
0.00042635437 382.629
0.00042655437 381.029
0.00042675437 386.627
0.00042695437 385.827
0.00042715437 383.428
0.00042735437 383.828
0.00042755437 383.428
0.00042775437 382.229
0.00042795437 385.827
0.00042815437 379.83
0.00042835437 385.028
0.00042855437 381.029
0.00042875437 379.43
0.00042895437 382.229
0.00042915437 381.429
0.00042935437 381.829
0.00042955437 381.829
0.00042975437 383.028
0.00042995437 380.23
0.00043015437 383.428
0.00043035437 383.028
0.00043055437 381.829
0.00043075437 385.827
0.00043095437 381.029
0.00043115437 379.43
0.00043135437 383.828
0.00043155437 382.629
0.00043175437 380.23
0.00043195437 384.228
0.00043215437 382.229
0.00043235437 382.629
0.00043255437 382.229
0.00043275437 381.029
0.00043295437 382.629
0.00043315437 385.028
0.00043335437 382.629
0.00043355437 383.028
0.00043375437 383.828
0.00043395437 385.028
0.00043415437 381.029
0.00043435437 381.429
0.00043455437 380.23
0.00043475437 382.629
0.00043495437 382.229
0.00043515437 381.429
0.00043535437 382.229
0.00043555437 383.028
0.00043575437 381.829
0.00043595437 382.229
0.00043615437 381.829
0.00043635437 381.429
0.00043655437 379.83
0.00043675437 381.029
0.00043695437 382.229
0.00043715437 381.829
0.00043735437 379.83
0.00043755437 382.229
0.00043775437 381.429
0.00043795437 383.828
0.00043815437 381.829
0.00043835437 384.628
0.00043855437 383.428
0.00043875437 382.229
0.00043895437 382.229
0.00043915437 381.829
0.00043935437 382.629
0.00043955437 379.83
0.00043975437 383.428
0.00043995437 380.23
0.00044015437 381.029
0.00044035437 380.629
0.00044055437 382.629
0.00044075437 382.229
0.00044095437 380.629
0.00044115437 380.629
0.00044135437 381.829
0.00044155437 383.028
0.00044175437 379.43
0.00044195437 379.43
0.00044215437 379.83
0.00044235437 380.23
0.00044255437 380.23
0.00044275437 379.03
0.00044295437 379.83
0.00044315437 380.23
0.00044335437 377.431
0.00044355437 380.23
0.00044375437 379.03
0.00044395437 381.029
0.00044415437 380.23
0.00044435437 381.829
0.00044455437 378.63
0.00044475437 381.029
0.00044495437 378.231
0.00044515437 381.829
0.00044535437 382.629
0.00044555437 381.429
0.00044575437 378.231
0.00044595437 378.63
0.00044615437 380.23
0.00044635437 382.229
0.00044655437 380.23
0.00044675437 383.028
0.00044695437 379.03
0.00044715437 379.43
0.00044735437 379.83
0.00044755437 377.031
0.00044775437 377.831
0.00044795437 379.83
0.00044815437 378.231
0.00044835437 378.231
0.00044855437 379.83
0.00044875437 378.63
0.00044895437 381.029
0.00044915437 378.63
0.00044935437 377.431
0.00044955437 379.43
0.00044975437 382.629
0.00044995437 380.23
0.00045015437 380.629
0.00045035437 378.231
0.00045055437 377.831
0.00045075437 377.831
0.00045095437 380.629
0.00045115437 375.432
0.00045135437 378.231
0.00045155437 379.83
0.00045175437 377.431
0.00045195437 379.03
0.00045215437 380.23
0.00045235437 378.231
0.00045255437 378.231
0.00045275437 379.03
0.00045295437 377.031
0.00045315437 377.031
0.00045335437 377.431
0.00045355437 377.831
0.00045375437 378.63
0.00045395437 379.03
0.00045415437 376.631
0.00045435437 377.031
0.00045455437 377.031
0.00045475437 379.03
0.00045495437 377.431
0.00045515437 377.831
0.00045535437 378.63
0.00045555437 376.231
0.00045575437 377.431
0.00045595437 376.231
0.00045615437 377.031
0.00045635437 375.432
0.00045655437 377.831
0.00045675437 377.031
0.00045695437 379.03
0.00045715437 376.231
0.00045735437 377.831
0.00045755437 375.432
0.00045775437 377.431
0.00045795437 374.632
0.00045815437 377.831
0.00045835437 377.031
0.00045855437 376.631
0.00045875437 376.631
0.00045895437 378.63
0.00045915437 373.033
0.00045935437 377.031
0.00045955437 376.631
0.00045975437 377.431
0.00045995437 376.231
0.00046015437 376.631
0.00046035437 375.832
0.00046055437 377.031
0.00046075437 376.631
0.00046095437 378.231
0.00046115437 376.231
0.00046135437 374.232
0.00046155437 376.631
0.00046175437 375.432
0.00046195437 376.631
0.00046215437 378.231
0.00046235437 376.231
0.00046255437 377.431
0.00046275437 376.231
0.00046295437 375.032
0.00046315437 376.231
0.00046335437 376.231
0.00046355437 377.831
0.00046375437 376.631
0.00046395437 375.832
0.00046415437 375.432
0.00046435437 374.232
0.00046455437 376.231
0.00046475437 374.232
0.00046495437 377.431
0.00046515437 375.432
0.00046535437 374.632
0.00046555437 376.231
0.00046575437 377.431
0.00046595437 374.632
0.00046615437 378.231
0.00046635437 375.832
0.00046655437 377.031
0.00046675437 376.631
0.00046695437 377.831
0.00046715437 375.432
0.00046735437 378.63
0.00046755437 378.231
0.00046775437 375.432
0.00046795437 376.231
0.00046815437 376.631
0.00046835437 376.231
0.00046855437 375.832
0.00046875437 376.631
0.00046895437 374.232
0.00046915437 374.232
0.00046935437 375.032
0.00046955437 375.432
0.00046975437 377.031
0.00046995437 376.231
0.00047015437 375.032
0.00047035437 375.432
0.00047055437 375.432
0.00047075437 377.431
0.00047095437 377.031
0.00047115437 374.632
0.00047135437 373.433
0.00047155437 375.032
0.00047175437 375.432
0.00047195437 375.032
0.00047215437 374.232
0.00047235437 374.632
0.00047255437 373.833
0.00047275437 377.431
0.00047295437 374.632
0.00047315437 375.432
0.00047335437 374.632
0.00047355437 375.832
0.00047375437 377.031
0.00047395437 375.432
0.00047415437 375.832
0.00047435437 375.032
0.00047455437 374.232
0.00047475437 374.232
0.00047495437 373.033
0.00047515437 376.631
0.00047535437 377.431
0.00047555437 375.032
0.00047575437 376.631
0.00047595437 375.032
0.00047615437 377.031
0.00047635437 377.431
0.00047655437 375.832
0.00047675437 375.432
0.00047695437 376.231
0.00047715437 376.631
0.00047735437 376.231
0.00047755437 373.433
0.00047775437 375.432
0.00047795437 376.631
0.00047815437 375.432
0.00047835437 375.432
0.00047855437 373.433
0.00047875437 375.432
0.00047895437 373.833
0.00047915437 377.831
0.00047935437 373.433
0.00047955437 374.632
0.00047975437 374.232
0.00047995437 373.033
0.00048015437 372.233
0.00048035437 375.032
0.00048055437 373.033
0.00048075437 372.633
0.00048095437 375.032
0.00048115437 372.633
0.00048135437 376.231
0.00048155437 375.032
0.00048175437 374.232
0.00048195437 375.832
0.00048215437 375.032
0.00048235437 373.433
0.00048255437 376.231
0.00048275437 373.033
0.00048295437 372.633
0.00048315437 375.032
0.00048335437 375.432
0.00048355437 376.231
0.00048375437 372.233
0.00048395437 371.434
0.00048415437 375.432
0.00048435437 375.432
0.00048455437 373.833
0.00048475437 374.232
0.00048495437 374.232
0.00048515437 375.032
0.00048535437 375.032
0.00048555437 373.033
0.00048575437 373.833
0.00048595437 374.232
0.00048615437 371.434
0.00048635437 373.033
0.00048655437 374.232
0.00048675437 376.231
0.00048695437 369.834
0.00048715437 371.833
0.00048735437 373.833
0.00048755437 371.833
0.00048775437 372.633
0.00048795437 375.032
0.00048815437 373.833
0.00048835437 370.634
0.00048855437 374.232
0.00048875437 374.632
0.00048895437 371.833
0.00048915437 372.233
0.00048935437 371.434
0.00048955437 371.434
0.00048975437 371.833
0.00048995437 368.235
0.00049015437 372.233
0.00049035437 373.433
0.00049055437 373.033
0.00049075437 373.033
0.00049095437 372.633
0.00049115437 370.634
0.00049135437 373.833
0.00049155437 372.233
0.00049175437 371.833
0.00049195437 373.033
0.00049215437 375.432
0.00049235437 373.433
0.00049255437 371.833
0.00049275437 369.434
0.00049295437 370.234
0.00049315437 372.233
0.00049335437 372.233
0.00049355437 372.233
0.00049375437 370.634
0.00049395437 370.634
0.00049415437 372.233
0.00049435437 370.634
0.00049455437 370.634
0.00049475437 371.434
0.00049495437 373.433
0.00049515437 368.235
0.00049535437 373.433
0.00049555437 370.634
0.00049575437 371.833
0.00049595437 371.434
0.00049615437 370.634
0.00049635437 369.834
0.00049655437 368.635
0.00049675437 369.834
0.00049695437 373.833
0.00049715437 371.434
0.00049735437 370.634
0.00049755437 370.634
0.00049775437 369.434
0.00049795437 371.034
0.00049815437 371.833
0.00049835437 370.634
0.00049855437 368.235
0.00049875437 369.035
0.00049895437 369.834
0.00049915437 369.035
0.00049935437 370.634
0.00049955437 371.434
0.00049975437 368.635
0.00049995437 372.233
0.00050015437 371.034
0.00050035437 369.834
0.00050055437 371.434
0.00050075437 368.235
0.00050095437 367.036
0.00050115437 371.833
0.00050135437 371.034
0.00050155437 368.635
0.00050175437 369.035
0.00050195437 371.034
0.00050215437 372.233
0.00050235437 367.435
0.00050255437 370.634
0.00050275437 371.034
0.00050295437 370.234
0.00050315437 368.635
0.00050335437 366.636
0.00050355437 369.035
0.00050375437 367.435
0.00050395437 370.234
0.00050415437 369.035
0.00050435437 368.635
0.00050455437 369.434
0.00050475437 369.434
0.00050495437 369.434
0.00050515437 368.235
0.00050535437 369.035
0.00050555437 367.036
0.00050575437 367.036
0.00050595437 366.636
0.00050615437 370.634
0.00050635437 370.634
0.00050655437 367.835
0.00050675437 367.036
0.00050695437 369.035
0.00050715437 371.434
0.00050735437 367.435
0.00050755437 369.434
0.00050775437 367.835
0.00050795437 367.835
0.00050815437 366.236
0.00050835437 369.035
0.00050855437 369.434
0.00050875437 368.635
0.00050895437 369.035
0.00050915437 368.235
0.00050935437 368.635
0.00050955437 370.234
0.00050975437 366.236
0.00050995437 366.636
0.00051015437 368.635
0.00051035437 366.236
0.00051055437 370.634
0.00051075437 366.636
0.00051095437 367.435
0.00051115437 367.435
0.00051135437 368.235
0.00051155437 368.235
0.00051175437 367.036
0.00051195437 365.836
0.00051215437 368.235
0.00051235437 367.835
0.00051255437 364.637
0.00051275437 368.235
0.00051295437 368.635
0.00051315437 366.236
0.00051335437 367.036
0.00051355437 367.835
0.00051375437 365.836
0.00051395437 368.235
0.00051415437 367.435
0.00051435437 366.636
0.00051455437 369.035
0.00051475437 365.436
0.00051495437 366.636
0.00051515437 369.434
0.00051535437 370.234
0.00051555437 366.236
0.00051575437 367.835
0.00051595437 367.435
0.00051615437 367.835
0.00051635437 367.835
0.00051655437 369.035
0.00051675437 369.035
0.00051695437 369.434
0.00051715437 369.035
0.00051735437 367.435
0.00051755437 366.636
0.00051775437 367.036
0.00051795437 366.636
0.00051815437 365.836
0.00051835437 366.236
0.00051855437 369.434
0.00051875437 367.435
0.00051895437 363.437
0.00051915437 365.836
0.00051935437 367.036
0.00051955437 366.636
0.00051975437 367.036
0.00051995437 367.835
0.00052015437 367.835
0.00052035437 367.036
0.00052055437 365.836
0.00052075437 367.036
0.00052095437 365.436
0.00052115437 365.436
0.00052135437 364.637
0.00052155437 365.036
0.00052175437 364.637
0.00052195437 364.637
0.00052215437 363.837
0.00052235437 365.436
0.00052255437 367.036
0.00052275437 366.636
0.00052295437 365.836
0.00052315437 367.036
0.00052335437 362.638
0.00052355437 362.638
0.00052375437 364.637
0.00052395437 365.436
0.00052415437 363.837
0.00052435437 363.437
0.00052455437 363.837
0.00052475437 365.436
0.00052495437 364.637
0.00052515437 365.836
0.00052535437 364.637
0.00052555437 365.036
0.00052575437 363.837
0.00052595437 364.637
0.00052615437 364.237
0.00052635437 365.436
0.00052655437 366.236
0.00052675437 363.037
0.00052695437 366.636
0.00052715437 363.837
0.00052735437 363.437
0.00052755437 364.637
0.00052775437 367.036
0.00052795437 366.236
0.00052815437 365.836
0.00052835437 365.836
0.00052855437 362.638
0.00052875437 365.036
0.00052895437 363.037
0.00052915437 363.837
0.00052935437 364.637
0.00052955437 365.436
0.00052975437 363.837
0.00052995437 366.636
0.00053015437 365.836
0.00053035437 365.036
0.00053055437 364.637
0.00053075437 363.437
0.00053095437 363.437
0.00053115437 362.638
0.00053135437 365.036
0.00053155437 364.237
0.00053175437 364.237
0.00053195437 365.436
0.00053215437 364.237
0.00053235437 363.837
0.00053255437 364.237
0.00053275437 364.237
0.00053295437 365.436
0.00053315437 365.036
0.00053335437 366.236
0.00053355437 366.236
0.00053375437 364.237
0.00053395437 365.836
0.00053415437 365.436
0.00053435437 363.837
0.00053455437 365.436
0.00053475437 362.638
0.00053495437 365.836
0.00053515437 363.437
0.00053535437 363.437
0.00053555437 361.038
0.00053575437 362.238
0.00053595437 365.036
0.00053615437 367.036
0.00053635437 363.437
0.00053655437 365.436
0.00053675437 367.036
0.00053695437 362.238
0.00053715437 362.638
0.00053735437 363.837
0.00053755437 364.237
0.00053775437 361.838
0.00053795437 361.838
0.00053815437 363.837
0.00053835437 361.038
0.00053855437 363.037
0.00053875437 361.838
0.00053895437 363.837
0.00053915437 364.237
0.00053935437 364.237
0.00053955437 365.036
0.00053975437 363.837
0.00053995437 362.238
0.00054015437 362.238
0.00054035437 362.238
0.00054055437 364.237
0.00054075437 359.839
0.00054095437 367.835
0.00054115437 362.638
0.00054135437 362.638
0.00054155437 360.239
0.00054175437 362.638
0.00054195437 363.437
0.00054215437 361.838
0.00054235437 362.238
0.00054255437 363.037
0.00054275437 362.238
0.00054295437 362.638
0.00054315437 366.236
0.00054335437 363.837
0.00054355437 363.037
0.00054375437 365.836
0.00054395437 364.637
0.00054415437 362.238
0.00054435437 366.236
0.00054455437 362.638
0.00054475437 363.437
0.00054495437 361.438
0.00054515437 363.837
0.00054535437 365.036
0.00054555437 364.637
0.00054575437 364.637
0.00054595437 361.838
0.00054615437 363.837
0.00054635437 363.037
0.00054655437 363.837
0.00054675437 364.637
0.00054695437 365.436
0.00054715437 363.437
0.00054735437 361.438
0.00054755437 361.838
0.00054775437 363.437
0.00054795437 364.637
0.00054815437 363.437
0.00054835437 360.638
0.00054855437 362.638
0.00054875437 362.638
0.00054895437 359.839
0.00054915437 363.437
0.00054935437 360.638
0.00054955437 361.438
0.00054975437 362.638
0.00054995437 360.638
0.00055015437 362.238
0.00055035437 362.638
0.00055055437 361.438
0.00055075437 363.437
0.00055095437 363.037
0.00055115437 361.038
0.00055135437 359.839
0.00055155437 361.438
0.00055175437 362.238
0.00055195437 359.839
0.00055215437 362.238
0.00055235437 361.038
0.00055255437 361.438
0.00055275437 360.638
0.00055295437 361.038
0.00055315437 361.038
0.00055335437 363.037
0.00055355437 361.038
0.00055375437 361.038
0.00055395437 359.439
0.00055415437 359.039
0.00055435437 363.437
0.00055455437 359.839
0.00055475437 361.838
0.00055495437 361.038
0.00055515437 361.838
0.00055535437 360.239
0.00055555437 357.84
0.00055575437 359.439
0.00055595437 359.439
0.00055615437 359.439
0.00055635437 363.037
0.00055655437 361.038
0.00055675437 362.638
0.00055695437 361.438
0.00055715437 359.039
0.00055735437 361.038
0.00055755437 360.638
0.00055775437 359.039
0.00055795437 357.84
0.00055815437 357.84
0.00055835437 359.439
0.00055855437 358.24
0.00055875437 358.24
0.00055895437 357.44
0.00055915437 359.839
0.00055935437 358.639
0.00055955437 356.24
0.00055975437 361.838
0.00055995437 358.24
0.00056015437 359.439
0.00056035437 358.24
0.00056055437 360.239
0.00056075437 357.44
0.00056095437 361.038
0.00056115437 360.638
0.00056135437 358.24
0.00056155437 359.839
0.00056175437 360.239
0.00056195437 361.838
0.00056215437 359.039
0.00056235437 357.44
0.00056255437 358.24
0.00056275437 360.638
0.00056295437 363.037
0.00056315437 357.84
0.00056335437 359.439
0.00056355437 357.44
0.00056375437 359.439
0.00056395437 358.639
0.00056415437 359.039
0.00056435437 361.038
0.00056455437 358.24
0.00056475437 360.239
0.00056495437 360.239
0.00056515437 358.639
0.00056535437 357.84
0.00056555437 359.439
0.00056575437 360.638
0.00056595437 357.04
0.00056615437 358.639
0.00056635437 361.038
0.00056655437 357.04
0.00056675437 359.039
0.00056695437 359.439
0.00056715437 357.84
0.00056735437 359.039
0.00056755437 357.84
0.00056775437 357.44
0.00056795437 359.839
0.00056815437 358.24
0.00056835437 358.24
0.00056855437 359.039
0.00056875437 360.638
0.00056895437 358.24
0.00056915437 361.038
0.00056935437 359.039
0.00056955437 357.04
0.00056975437 359.439
0.00056995437 358.24
0.00057015437 360.239
0.00057035437 359.839
0.00057055437 358.24
0.00057075437 355.441
0.00057095437 357.44
0.00057115437 361.038
0.00057135437 359.039
0.00057155437 359.039
0.00057175437 356.64
0.00057195437 357.84
0.00057215437 358.24
0.00057235437 356.64
0.00057255437 359.839
0.00057275437 356.24
0.00057295437 359.439
0.00057315437 356.24
0.00057335437 358.24
0.00057355437 355.041
0.00057375437 359.839
0.00057395437 355.841
0.00057415437 357.04
0.00057435437 356.64
0.00057455437 359.839
0.00057475437 357.04
0.00057495437 356.64
0.00057515437 357.84
0.00057535437 359.439
0.00057555437 359.439
0.00057575437 356.24
0.00057595437 356.64
0.00057615437 358.639
0.00057635437 358.24
0.00057655437 357.84
0.00057675437 356.24
0.00057695437 359.039
0.00057715437 357.44
0.00057735437 359.439
0.00057755437 356.24
0.00057775437 356.24
0.00057795437 358.24
0.00057815437 357.04
0.00057835437 355.841
0.00057855437 356.24
0.00057875437 356.24
0.00057895437 357.04
0.00057915437 359.039
0.00057935437 353.042
0.00057955437 357.44
0.00057975437 359.839
0.00057995437 355.841
0.00058015437 355.441
0.00058035437 355.841
0.00058055437 359.039
0.00058075437 355.441
0.00058095437 354.241
0.00058115437 356.24
0.00058135437 356.64
0.00058155437 356.64
0.00058175437 355.441
0.00058195437 354.241
0.00058215437 355.041
0.00058235437 353.841
0.00058255437 357.84
0.00058275437 355.841
0.00058295437 355.441
0.00058315437 357.84
0.00058335437 356.64
0.00058355437 355.041
0.00058375437 353.442
0.00058395437 355.041
0.00058415437 355.441
0.00058435437 355.441
0.00058455437 351.842
0.00058475437 355.041
0.00058495437 354.241
0.00058515437 353.841
0.00058535437 355.441
0.00058555437 354.641
0.00058575437 353.442
0.00058595437 356.24
0.00058615437 355.041
0.00058635437 354.641
0.00058655437 355.041
0.00058675437 354.641
0.00058695437 356.24
0.00058715437 355.041
0.00058735437 354.241
0.00058755437 353.042
0.00058775437 353.042
0.00058795437 355.041
0.00058815437 356.64
0.00058835437 355.041
0.00058855437 353.442
0.00058875437 353.442
0.00058895437 354.241
0.00058915437 353.042
0.00058935437 353.042
0.00058955437 352.242
0.00058975437 352.242
0.00058995437 354.641
0.00059015437 354.641
0.00059035437 355.841
0.00059055437 352.642
0.00059075437 354.241
0.00059095437 354.641
0.00059115437 353.442
0.00059135437 355.841
0.00059155437 351.443
0.00059175437 352.642
0.00059195437 353.442
0.00059215437 351.443
0.00059235437 353.841
0.00059255437 353.042
0.00059275437 352.242
0.00059295437 353.442
0.00059315437 353.841
0.00059335437 353.442
0.00059355437 354.241
0.00059375437 353.042
0.00059395437 353.042
0.00059415437 355.041
0.00059435437 352.642
0.00059455437 355.441
0.00059475437 352.242
0.00059495437 353.042
0.00059515437 351.842
0.00059535437 353.042
0.00059555437 352.642
0.00059575437 349.044
0.00059595437 354.241
0.00059615437 351.443
0.00059635437 355.041
0.00059655437 351.043
0.00059675437 350.243
0.00059695437 353.042
0.00059715437 352.242
0.00059735437 354.241
0.00059755437 351.842
0.00059775437 349.843
0.00059795437 349.443
0.00059815437 350.243
0.00059835437 352.642
0.00059855437 351.043
0.00059875437 352.642
0.00059895437 352.242
0.00059915437 350.643
0.00059935437 349.044
0.00059955437 350.243
0.00059975437 350.243
0.00059995437 350.243
0.00060015437 353.841
0.00060035437 352.242
0.00060055437 352.242
0.00060075437 353.042
0.00060095437 352.242
0.00060115437 353.042
0.00060135437 353.042
0.00060155437 355.441
0.00060175437 350.643
0.00060195437 351.443
0.00060215437 353.841
0.00060235437 349.443
0.00060255437 352.242
0.00060275437 350.243
0.00060295437 351.443
0.00060315437 349.843
0.00060335437 353.042
0.00060355437 351.043
0.00060375437 353.042
0.00060395437 350.643
0.00060415437 351.842
0.00060435437 352.642
0.00060455437 355.041
0.00060475437 349.843
0.00060495437 355.041
0.00060515437 351.443
0.00060535437 349.843
0.00060555437 351.043
0.00060575437 350.243
0.00060595437 351.043
0.00060615437 350.243
0.00060635437 353.442
0.00060655437 350.243
0.00060675437 352.642
0.00060695437 349.843
0.00060715437 352.642
0.00060735437 349.843
0.00060755437 349.443
0.00060775437 348.244
0.00060795437 350.243
0.00060815437 351.043
0.00060835437 351.842
0.00060855437 349.843
0.00060875437 350.643
0.00060895437 352.242
0.00060915437 349.044
0.00060935437 348.244
0.00060955437 349.843
0.00060975437 349.443
0.00060995437 348.644
0.00061015437 352.642
0.00061035437 348.644
0.00061055437 345.845
0.00061075437 349.843
0.00061095437 349.044
0.00061115437 348.244
0.00061135437 349.843
0.00061155437 351.043
0.00061175437 349.843
0.00061195437 349.843
0.00061215437 348.644
0.00061235437 348.244
0.00061255437 347.444
0.00061275437 349.843
0.00061295437 349.443
0.00061315437 351.043
0.00061335437 351.443
0.00061355437 348.244
0.00061375437 347.444
0.00061395437 347.045
0.00061415437 350.243
0.00061435437 350.243
0.00061455437 344.646
0.00061475437 348.644
0.00061495437 350.643
0.00061515437 349.443
0.00061535437 346.645
0.00061555437 348.644
0.00061575437 347.444
0.00061595437 349.843
0.00061615437 348.644
0.00061635437 348.244
0.00061655437 349.443
0.00061675437 348.244
0.00061695437 347.844
0.00061715437 348.244
0.00061735437 348.644
0.00061755437 347.045
0.00061775437 348.644
0.00061795437 350.643
0.00061815437 349.843
0.00061835437 348.244
0.00061855437 347.844
0.00061875437 349.044
0.00061895437 351.443
0.00061915437 346.645
0.00061935437 348.644
0.00061955437 347.045
0.00061975437 348.244
0.00061995437 347.444
0.00062015437 347.045
0.00062035437 349.443
0.00062055437 347.844
0.00062075437 348.244
0.00062095437 347.045
0.00062115437 350.243
0.00062135437 345.445
0.00062155437 349.044
0.00062175437 349.443
0.00062195437 346.245
0.00062215437 348.644
0.00062235437 350.643
0.00062255437 345.045
0.00062275437 347.844
0.00062295437 347.844
0.00062315437 347.844
0.00062335437 348.644
0.00062355437 349.044
0.00062375437 343.846
0.00062395437 346.245
0.00062415437 346.245
0.00062435437 346.245
0.00062455437 348.644
0.00062475437 345.845
0.00062495437 349.443
0.00062515437 345.445
0.00062535437 349.843
0.00062555437 350.243
0.00062575437 346.645
0.00062595437 349.044
0.00062615437 349.044
0.00062635437 349.443
0.00062655437 348.644
0.00062675437 346.245
0.00062695437 347.444
0.00062715437 349.843
0.00062735437 349.843
0.00062755437 347.444
0.00062775437 346.645
0.00062795437 347.844
0.00062815437 349.044
0.00062835437 346.645
0.00062855437 347.444
0.00062875437 348.244
0.00062895437 345.445
0.00062915437 346.645
0.00062935437 348.244
0.00062955437 348.644
0.00062975437 347.444
0.00062995437 346.245
0.00063015437 347.045
0.00063035437 345.445
0.00063055437 345.845
0.00063075437 348.244
0.00063095437 348.244
0.00063115437 349.044
0.00063135437 347.045
0.00063155437 346.245
0.00063175437 347.844
0.00063195437 345.845
0.00063215437 347.844
0.00063235437 345.445
0.00063255437 347.444
0.00063275437 346.245
0.00063295437 345.045
0.00063315437 346.645
0.00063335437 348.644
0.00063355437 347.844
0.00063375437 344.246
0.00063395437 345.045
0.00063415437 347.844
0.00063435437 344.646
0.00063455437 349.044
0.00063475437 344.246
0.00063495437 347.444
0.00063515437 345.045
0.00063535437 344.246
0.00063555437 346.245
0.00063575437 348.644
0.00063595437 344.246
0.00063615437 347.444
0.00063635437 345.445
0.00063655437 346.645
0.00063675437 346.645
0.00063695437 348.244
0.00063715437 345.845
0.00063735437 344.246
0.00063755437 346.645
0.00063775437 344.646
0.00063795437 347.844
0.00063815437 346.245
0.00063835437 346.645
0.00063855437 345.845
0.00063875437 345.445
0.00063895437 343.446
0.00063915437 345.845
0.00063935437 347.045
0.00063955437 344.646
0.00063975437 344.246
0.00063995437 342.646
0.00064015437 344.646
0.00064035437 345.045
0.00064055437 347.045
0.00064075437 346.245
0.00064095437 346.245
0.00064115437 346.645
0.00064135437 345.445
0.00064155437 344.646
0.00064175437 346.645
0.00064195437 344.646
0.00064215437 345.445
0.00064235437 343.846
0.00064255437 345.445
0.00064275437 345.845
0.00064295437 344.246
0.00064315437 345.445
0.00064335437 346.645
0.00064355437 344.246
0.00064375437 346.645
0.00064395437 343.046
0.00064415437 347.444
0.00064435437 344.646
0.00064455437 345.845
0.00064475437 346.245
0.00064495437 344.246
0.00064515437 340.647
0.00064535437 344.646
0.00064555437 345.445
0.00064575437 344.646
0.00064595437 343.446
0.00064615437 340.647
0.00064635437 345.845
0.00064655437 344.246
0.00064675437 343.446
0.00064695437 345.445
0.00064715437 345.445
0.00064735437 344.646
0.00064755437 345.845
0.00064775437 343.846
0.00064795437 345.045
0.00064815437 344.246
0.00064835437 343.046
0.00064855437 346.645
0.00064875437 345.445
0.00064895437 344.246
0.00064915437 346.245
0.00064935437 342.646
0.00064955437 345.445
0.00064975437 344.646
0.00064995437 343.446
0.00065015437 346.245
0.00065035437 344.646
0.00065055437 343.046
0.00065075437 345.045
0.00065095437 343.846
0.00065115437 343.846
0.00065135437 343.846
0.00065155437 341.447
0.00065175437 343.446
0.00065195437 343.446
0.00065215437 343.046
0.00065235437 343.446
0.00065255437 344.646
0.00065275437 343.846
0.00065295437 342.646
0.00065315437 341.447
0.00065335437 345.045
0.00065355437 345.045
0.00065375437 344.246
0.00065395437 341.847
0.00065415437 342.646
0.00065435437 343.446
0.00065455437 343.046
0.00065475437 341.447
0.00065495437 343.046
0.00065515437 341.847
0.00065535437 343.046
0.00065555437 342.247
0.00065575437 345.445
0.00065595437 344.246
0.00065615437 343.846
0.00065635437 343.046
0.00065655437 343.046
0.00065675437 341.047
0.00065695437 343.046
0.00065715437 343.046
0.00065735437 341.447
0.00065755437 341.447
0.00065775437 343.046
0.00065795437 341.047
0.00065815437 342.646
0.00065835437 343.446
0.00065855437 339.448
0.00065875437 342.646
0.00065895437 342.646
0.00065915437 340.248
0.00065935437 339.848
0.00065955437 344.646
0.00065975437 343.446
0.00065995437 343.446
0.00066015437 341.447
0.00066035437 341.847
0.00066055437 342.646
0.00066075437 343.046
0.00066095437 339.448
0.00066115437 343.046
0.00066135437 342.247
0.00066155437 341.047
0.00066175437 343.846
0.00066195437 341.847
0.00066215437 341.047
0.00066235437 340.248
0.00066255437 341.847
0.00066275437 342.247
0.00066295437 344.246
0.00066315437 341.847
0.00066335437 341.447
0.00066355437 341.847
0.00066375437 341.847
0.00066395437 340.647
0.00066415437 344.246
0.00066435437 341.047
0.00066455437 340.248
0.00066475437 339.048
0.00066495437 339.448
0.00066515437 340.647
0.00066535437 342.646
0.00066555437 340.248
0.00066575437 339.048
0.00066595437 341.847
0.00066615437 338.248
0.00066635437 342.646
0.00066655437 341.447
0.00066675437 341.047
0.00066695437 342.646
0.00066715437 338.648
0.00066735437 341.447
0.00066755437 341.047
0.00066775437 340.248
0.00066795437 340.248
0.00066815437 340.248
0.00066835437 338.648
0.00066855437 340.248
0.00066875437 339.848
0.00066895437 341.447
0.00066915437 339.448
0.00066935437 339.448
0.00066955437 341.847
0.00066975437 340.248
0.00066995437 341.847
0.00067015437 339.848
0.00067035437 342.646
0.00067055437 340.647
0.00067075437 341.847
0.00067095437 341.847
0.00067115437 341.047
0.00067135437 339.448
0.00067155437 337.849
0.00067175437 339.448
0.00067195437 336.249
0.00067215437 340.647
0.00067235437 339.048
0.00067255437 337.449
0.00067275437 338.248
0.00067295437 338.248
0.00067315437 341.047
0.00067335437 339.048
0.00067355437 340.647
0.00067375437 338.248
0.00067395437 340.647
0.00067415437 340.647
0.00067435437 338.248
0.00067455437 336.649
0.00067475437 340.647
0.00067495437 338.248
0.00067515437 339.448
0.00067535437 335.85
0.00067555437 337.849
0.00067575437 339.048
0.00067595437 340.248
0.00067615437 340.647
0.00067635437 338.648
0.00067655437 339.048
0.00067675437 338.648
0.00067695437 337.449
0.00067715437 338.248
0.00067735437 337.449
0.00067755437 343.446
0.00067775437 337.849
0.00067795437 339.448
0.00067815437 339.048
0.00067835437 339.048
0.00067855437 339.848
0.00067875437 339.048
0.00067895437 339.848
0.00067915437 336.249
0.00067935437 337.049
0.00067955437 339.848
0.00067975437 340.647
0.00067995437 338.248
0.00068015437 337.849
0.00068035437 339.848
0.00068055437 341.047
0.00068075437 336.249
0.00068095437 341.047
0.00068115437 338.648
0.00068135437 338.248
0.00068155437 336.249
0.00068175437 339.448
0.00068195437 339.048
0.00068215437 337.449
0.00068235437 339.048
0.00068255437 339.848
0.00068275437 337.049
0.00068295437 338.648
0.00068315437 339.448
0.00068335437 337.849
0.00068355437 340.647
0.00068375437 340.248
0.00068395437 336.249
0.00068415437 340.248
0.00068435437 338.648
0.00068455437 337.849
0.00068475437 336.249
0.00068495437 336.649
0.00068515437 338.248
0.00068535437 340.248
0.00068555437 338.248
0.00068575437 339.848
0.00068595437 337.849
0.00068615437 339.048
0.00068635437 338.248
0.00068655437 337.849
0.00068675437 341.047
0.00068695437 337.449
0.00068715437 340.647
0.00068735437 338.248
0.00068755437 336.249
0.00068775437 339.848
0.00068795437 338.248
0.00068815437 337.449
0.00068835437 339.048
0.00068855437 335.85
0.00068875437 340.248
0.00068895437 337.849
0.00068915437 338.248
0.00068935437 340.248
0.00068955437 339.048
0.00068975437 338.248
0.00068995437 339.448
0.00069015437 337.849
0.00069035437 337.049
0.00069055437 338.248
0.00069075437 338.248
0.00069095437 338.648
0.00069115437 339.848
0.00069135437 338.648
0.00069155437 337.849
0.00069175437 338.648
0.00069195437 337.849
0.00069215437 335.45
0.00069235437 338.248
0.00069255437 338.648
0.00069275437 336.249
0.00069295437 338.648
0.00069315437 339.848
0.00069335437 336.649
0.00069355437 339.048
0.00069375437 335.05
0.00069395437 338.648
0.00069415437 337.849
0.00069435437 339.048
0.00069455437 340.248
0.00069475437 337.849
0.00069495437 334.65
0.00069515437 336.649
0.00069535437 336.649
0.00069555437 337.049
0.00069575437 337.449
0.00069595437 338.648
0.00069615437 338.248
0.00069635437 336.649
0.00069655437 337.049
0.00069675437 337.449
0.00069695437 335.85
0.00069715437 337.049
0.00069735437 337.449
0.00069755437 336.249
0.00069775437 337.849
0.00069795437 338.248
0.00069815437 336.649
0.00069835437 336.249
0.00069855437 337.049
0.00069875437 336.649
0.00069895437 336.249
0.00069915437 337.049
0.00069935437 335.45
0.00069955437 335.05
0.00069975437 335.05
0.00069995437 335.85
0.00070015437 337.049
0.00070035437 337.049
0.00070055437 339.448
0.00070075437 334.65
0.00070095437 336.649
0.00070115437 337.449
0.00070135437 336.249
0.00070155437 335.05
0.00070175437 333.85
0.00070195437 339.848
0.00070215437 335.85
0.00070235437 335.45
0.00070255437 337.449
0.00070275437 335.05
0.00070295437 332.651
0.00070315437 337.449
0.00070335437 333.85
0.00070355437 337.049
0.00070375437 336.249
0.00070395437 333.85
0.00070415437 336.649
0.00070435437 334.25
0.00070455437 334.25
0.00070475437 334.25
0.00070495437 331.052
0.00070515437 334.25
0.00070535437 333.451
0.00070555437 333.451
0.00070575437 334.65
0.00070595437 336.249
0.00070615437 331.851
0.00070635437 335.05
0.00070655437 335.45
0.00070675437 335.45
0.00070695437 333.85
0.00070715437 333.451
0.00070735437 333.85
0.00070755437 334.25
0.00070775437 333.85
0.00070795437 337.449
0.00070815437 335.05
0.00070835437 334.25
0.00070855437 335.05
0.00070875437 335.85
0.00070895437 335.85
0.00070915437 333.85
0.00070935437 330.652
0.00070955437 334.25
0.00070975437 333.85
0.00070995437 334.65
0.00071015437 336.649
0.00071035437 334.65
0.00071055437 331.851
0.00071075437 333.051
0.00071095437 334.65
0.00071115437 331.851
0.00071135437 334.65
0.00071155437 333.85
0.00071175437 334.25
0.00071195437 333.85
0.00071215437 334.25
0.00071235437 331.851
0.00071255437 335.05
0.00071275437 333.451
0.00071295437 333.451
0.00071315437 333.451
0.00071335437 333.451
0.00071355437 332.651
0.00071375437 332.651
0.00071395437 334.65
0.00071415437 332.251
0.00071435437 330.252
0.00071455437 332.251
0.00071475437 331.851
0.00071495437 333.85
0.00071515437 334.25
0.00071535437 332.251
0.00071555437 334.65
0.00071575437 330.652
0.00071595437 332.651
0.00071615437 333.051
0.00071635437 331.452
0.00071655437 330.652
0.00071675437 335.45
0.00071695437 333.051
0.00071715437 333.051
0.00071735437 331.452
0.00071755437 331.052
0.00071775437 332.251
0.00071795437 333.85
0.00071815437 333.451
0.00071835437 334.25
0.00071855437 334.25
0.00071875437 334.25
0.00071895437 329.053
0.00071915437 333.451
0.00071935437 329.852
0.00071955437 331.851
0.00071975437 330.252
0.00071995437 331.052
0.00072015437 331.851
0.00072035437 329.852
0.00072055437 331.052
0.00072075437 330.652
0.00072095437 331.052
0.00072115437 332.251
0.00072135437 333.051
0.00072155437 333.85
0.00072175437 331.052
0.00072195437 332.251
0.00072215437 330.652
0.00072235437 331.052
0.00072255437 331.851
0.00072275437 331.452
0.00072295437 330.252
0.00072315437 332.251
0.00072335437 331.452
0.00072355437 330.652
0.00072375437 331.452
0.00072395437 329.053
0.00072415437 329.053
0.00072435437 330.252
0.00072455437 332.251
0.00072475437 331.452
0.00072495437 331.851
0.00072515437 331.052
0.00072535437 331.452
0.00072555437 333.051
0.00072575437 331.452
0.00072595437 329.452
0.00072615437 327.853
0.00072635437 330.652
0.00072655437 328.653
0.00072675437 330.652
0.00072695437 327.853
0.00072715437 331.452
0.00072735437 331.052
0.00072755437 329.452
0.00072775437 329.852
0.00072795437 331.452
0.00072815437 330.252
0.00072835437 329.852
0.00072855437 328.253
0.00072875437 328.653
0.00072895437 326.654
0.00072915437 330.252
0.00072935437 329.852
0.00072955437 329.852
0.00072975437 329.053
0.00072995437 327.053
0.00073015437 326.654
0.00073035437 329.852
0.00073055437 330.252
0.00073075437 328.253
0.00073095437 329.053
0.00073115437 327.853
0.00073135437 331.052
0.00073155437 329.852
0.00073175437 328.653
0.00073195437 327.453
0.00073215437 328.253
0.00073235437 328.653
0.00073255437 331.851
0.00073275437 328.253
0.00073295437 329.852
0.00073315437 328.653
0.00073335437 329.053
0.00073355437 329.852
0.00073375437 326.654
0.00073395437 326.654
0.00073415437 327.853
0.00073435437 331.052
0.00073455437 328.253
0.00073475437 329.852
0.00073495437 327.053
0.00073515437 329.452
0.00073535437 329.452
0.00073555437 327.053
0.00073575437 331.052
0.00073595437 329.852
0.00073615437 327.853
0.00073635437 328.253
0.00073655437 329.852
0.00073675437 329.053
0.00073695437 326.654
0.00073715437 330.252
0.00073735437 328.653
0.00073755437 330.652
0.00073775437 329.452
0.00073795437 327.853
0.00073815437 327.853
0.00073835437 327.453
0.00073855437 326.254
0.00073875437 327.853
0.00073895437 326.654
0.00073915437 328.253
0.00073935437 327.853
0.00073955437 328.653
0.00073975437 328.253
0.00073995437 327.853
0.00074015437 326.254
0.00074035437 326.654
0.00074055437 327.453
0.00074075437 326.654
0.00074095437 323.455
0.00074115437 327.053
0.00074135437 327.053
0.00074155437 325.054
0.00074175437 328.653
0.00074195437 324.255
0.00074215437 325.054
0.00074235437 327.053
0.00074255437 325.854
0.00074275437 324.255
0.00074295437 326.654
0.00074315437 324.255
0.00074335437 327.053
0.00074355437 324.255
0.00074375437 327.453
0.00074395437 326.654
0.00074415437 325.054
0.00074435437 327.453
0.00074455437 323.455
0.00074475437 322.655
0.00074495437 327.453
0.00074515437 325.854
0.00074535437 326.254
0.00074555437 324.255
0.00074575437 325.454
0.00074595437 327.853
0.00074615437 327.053
0.00074635437 326.254
0.00074655437 325.054
0.00074675437 325.854
0.00074695437 326.254
0.00074715437 327.053
0.00074735437 325.854
0.00074755437 326.254
0.00074775437 327.453
0.00074795437 327.053
0.00074815437 326.654
0.00074835437 328.253
0.00074855437 326.654
0.00074875437 325.854
0.00074895437 325.054
0.00074915437 324.255
0.00074935437 325.854
0.00074955437 326.254
0.00074975437 325.454
0.00074995437 326.654
0.00075015437 328.253
0.00075035437 327.053
0.00075055437 323.455
0.00075075437 329.452
0.00075095437 325.454
0.00075115437 326.254
0.00075135437 325.454
0.00075155437 327.053
0.00075175437 327.853
0.00075195437 325.854
0.00075215437 328.653
0.00075235437 324.655
0.00075255437 327.453
0.00075275437 325.054
0.00075295437 326.254
0.00075315437 325.054
0.00075335437 325.854
0.00075355437 326.254
0.00075375437 324.255
0.00075395437 325.454
0.00075415437 325.454
0.00075435437 326.654
0.00075455437 321.856
0.00075475437 324.655
0.00075495437 325.054
0.00075515437 323.055
0.00075535437 325.454
0.00075555437 325.854
0.00075575437 322.655
0.00075595437 325.054
0.00075615437 323.055
0.00075635437 322.655
0.00075655437 323.455
0.00075675437 323.855
0.00075695437 322.655
0.00075715437 323.055
0.00075735437 324.255
0.00075755437 324.255
0.00075775437 324.655
0.00075795437 324.255
0.00075815437 323.855
0.00075835437 321.056
0.00075855437 323.455
0.00075875437 323.455
0.00075895437 322.655
0.00075915437 324.255
0.00075935437 320.257
0.00075955437 322.256
0.00075975437 325.454
0.00075995437 323.855
0.00076015437 321.856
0.00076035437 322.256
0.00076055437 322.256
0.00076075437 322.256
0.00076095437 322.655
0.00076115437 320.257
0.00076135437 323.855
0.00076155437 321.856
0.00076175437 322.655
0.00076195437 322.655
0.00076215437 319.857
0.00076235437 322.655
0.00076255437 322.256
0.00076275437 320.257
0.00076295437 321.856
0.00076315437 320.257
0.00076335437 324.655
0.00076355437 322.256
0.00076375437 320.257
0.00076395437 323.055
0.00076415437 320.257
0.00076435437 320.257
0.00076455437 319.457
0.00076475437 317.458
0.00076495437 320.257
0.00076515437 321.056
0.00076535437 322.256
0.00076555437 322.256
0.00076575437 319.857
0.00076595437 320.656
0.00076615437 318.257
0.00076635437 320.257
0.00076655437 320.656
0.00076675437 319.057
0.00076695437 320.656
0.00076715437 317.858
0.00076735437 323.055
0.00076755437 321.456
0.00076775437 321.456
0.00076795437 319.457
0.00076815437 322.256
0.00076835437 323.055
0.00076855437 319.057
0.00076875437 318.657
0.00076895437 321.856
0.00076915437 321.856
0.00076935437 317.458
0.00076955437 319.457
0.00076975437 319.857
0.00076995437 319.857
0.00077015437 320.257
0.00077035437 319.457
0.00077055437 317.058
0.00077075437 319.857
0.00077095437 319.457
0.00077115437 317.058
0.00077135437 317.458
0.00077155437 319.057
0.00077175437 319.057
0.00077195437 321.056
0.00077215437 318.257
0.00077235437 321.056
0.00077255437 321.456
0.00077275437 317.458
0.00077295437 317.458
0.00077315437 319.057
0.00077335437 315.459
0.00077355437 319.457
0.00077375437 319.057
0.00077395437 316.258
0.00077415437 320.656
0.00077435437 318.657
0.00077455437 315.858
0.00077475437 317.058
0.00077495437 315.858
0.00077515437 317.058
0.00077535437 316.258
0.00077555437 315.459
0.00077575437 317.858
0.00077595437 317.858
0.00077615437 319.057
0.00077635437 317.058
0.00077655437 316.258
0.00077675437 317.058
0.00077695437 317.458
0.00077715437 317.458
0.00077735437 318.257
0.00077755437 316.658
0.00077775437 317.058
0.00077795437 317.058
0.00077815437 315.459
0.00077835437 317.058
0.00077855437 317.858
0.00077875437 318.657
0.00077895437 317.458
0.00077915437 317.858
0.00077935437 313.06
0.00077955437 315.459
0.00077975437 319.057
0.00077995437 317.858
0.00078015437 314.659
0.00078035437 314.259
0.00078055437 315.059
0.00078075437 313.859
0.00078095437 315.858
0.00078115437 317.458
0.00078135437 314.659
0.00078155437 315.459
0.00078175437 313.859
0.00078195437 315.059
0.00078215437 316.258
0.00078235437 314.259
0.00078255437 313.859
0.00078275437 313.859
0.00078295437 312.26
0.00078315437 315.459
0.00078335437 315.858
0.00078355437 315.059
0.00078375437 315.459
0.00078395437 315.858
0.00078415437 314.659
0.00078435437 312.66
0.00078455437 312.26
0.00078475437 314.259
0.00078495437 314.659
0.00078515437 314.659
0.00078535437 313.46
0.00078555437 315.858
0.00078575437 311.86
0.00078595437 313.46
0.00078615437 313.46
0.00078635437 310.261
0.00078655437 315.059
0.00078675437 311.86
0.00078695437 314.259
0.00078715437 314.259
0.00078735437 313.859
0.00078755437 312.66
0.00078775437 314.659
0.00078795437 312.66
0.00078815437 312.66
0.00078835437 312.66
0.00078855437 313.06
0.00078875437 313.859
0.00078895437 311.46
0.00078915437 312.26
0.00078935437 313.06
0.00078955437 311.46
0.00078975437 312.26
0.00078995437 311.86
0.00079015437 309.461
0.00079035437 309.062
0.00079055437 311.86
0.00079075437 311.46
0.00079095437 311.061
0.00079115437 309.861
0.00079135437 309.461
0.00079155437 311.86
0.00079175437 311.46
0.00079195437 308.662
0.00079215437 311.46
0.00079235437 309.861
0.00079255437 311.061
0.00079275437 313.46
0.00079295437 312.26
0.00079315437 311.86
0.00079335437 306.663
0.00079355437 311.86
0.00079375437 310.261
0.00079395437 311.46
0.00079415437 309.861
0.00079435437 307.462
0.00079455437 307.462
0.00079475437 309.461
0.00079495437 307.862
0.00079515437 311.061
0.00079535437 311.46
0.00079555437 309.861
0.00079575437 303.864
0.00079595437 305.863
0.00079615437 307.062
0.00079635437 307.862
0.00079655437 309.062
0.00079675437 309.062
0.00079695437 310.661
0.00079715437 309.062
0.00079735437 308.262
0.00079755437 307.462
0.00079775437 307.862
0.00079795437 307.862
0.00079815437 307.862
0.00079835437 306.663
0.00079855437 307.862
0.00079875437 309.062
0.00079895437 306.263
0.00079915437 307.862
0.00079935437 306.663
0.00079955437 307.862
0.00079975437 306.663
0.00079995437 307.862
0.00080015437 306.663
0.00080035437 308.262
0.00080055437 305.463
0.00080075437 307.862
0.00080095437 306.263
0.00080115437 306.663
0.00080135437 307.862
0.00080155437 305.063
0.00080175437 305.463
0.00080195437 305.463
0.00080215437 307.862
0.00080235437 306.263
0.00080255437 305.863
0.00080275437 305.063
0.00080295437 305.463
0.00080315437 304.664
0.00080335437 304.664
0.00080355437 305.863
0.00080375437 305.463
0.00080395437 306.263
0.00080415437 303.464
0.00080435437 302.664
0.00080455437 305.463
0.00080475437 305.863
0.00080495437 307.062
0.00080515437 305.463
0.00080535437 305.063
0.00080555437 305.063
0.00080575437 307.062
0.00080595437 302.664
0.00080615437 303.864
0.00080635437 303.864
0.00080655437 303.864
0.00080675437 303.464
0.00080695437 305.463
0.00080715437 303.064
0.00080735437 303.064
0.00080755437 303.064
0.00080775437 301.465
0.00080795437 301.865
0.00080815437 306.263
0.00080835437 303.064
0.00080855437 301.865
0.00080875437 303.464
0.00080895437 302.664
0.00080915437 305.063
0.00080935437 302.265
0.00080955437 300.265
0.00080975437 301.065
0.00080995437 303.064
0.00081015437 299.866
0.00081035437 305.063
0.00081055437 304.664
0.00081075437 301.465
0.00081095437 302.265
0.00081115437 303.064
0.00081135437 301.865
0.00081155437 301.065
0.00081175437 303.064
0.00081195437 304.664
0.00081215437 301.865
0.00081235437 300.265
0.00081255437 302.664
0.00081275437 301.865
0.00081295437 303.064
0.00081315437 299.866
0.00081335437 301.465
0.00081355437 303.464
0.00081375437 303.064
0.00081395437 301.065
0.00081415437 301.465
0.00081435437 300.665
0.00081455437 301.465
0.00081475437 299.466
0.00081495437 298.666
0.00081515437 301.465
0.00081535437 299.466
0.00081555437 303.464
0.00081575437 301.065
0.00081595437 300.265
0.00081615437 301.465
0.00081635437 300.665
0.00081655437 300.665
0.00081675437 300.665
0.00081695437 300.265
0.00081715437 301.865
0.00081735437 300.665
0.00081755437 298.666
0.00081775437 301.865
0.00081795437 302.664
0.00081815437 300.665
0.00081835437 299.866
0.00081855437 300.665
0.00081875437 297.067
0.00081895437 300.265
0.00081915437 298.266
0.00081935437 299.466
0.00081955437 300.665
0.00081975437 297.467
0.00081995437 299.866
0.00082015437 300.265
0.00082035437 299.866
0.00082055437 298.266
0.00082075437 300.265
0.00082095437 299.866
0.00082115437 296.667
0.00082135437 296.667
0.00082155437 297.467
0.00082175437 299.066
0.00082195437 297.867
0.00082215437 298.666
0.00082235437 296.267
0.00082255437 298.266
0.00082275437 299.866
0.00082295437 296.667
0.00082315437 297.867
0.00082335437 297.067
0.00082355437 299.066
0.00082375437 295.468
0.00082395437 295.867
0.00082415437 295.468
0.00082435437 295.468
0.00082455437 297.067
0.00082475437 293.868
0.00082495437 297.067
0.00082515437 296.667
0.00082535437 298.266
0.00082555437 296.267
0.00082575437 296.667
0.00082595437 296.667
0.00082615437 295.867
0.00082635437 297.067
0.00082655437 295.867
0.00082675437 295.867
0.00082695437 295.068
0.00082715437 294.268
0.00082735437 292.669
0.00082755437 294.668
0.00082775437 291.469
0.00082795437 292.669
0.00082815437 293.868
0.00082835437 297.067
0.00082855437 294.268
0.00082875437 295.468
0.00082895437 294.668
0.00082915437 295.468
0.00082935437 298.666
0.00082955437 295.068
0.00082975437 289.47
0.00082995437 294.668
0.00083015437 293.469
0.00083035437 295.867
0.00083055437 293.069
0.00083075437 293.469
0.00083095437 292.269
0.00083115437 293.069
0.00083135437 292.269
0.00083155437 292.269
0.00083175437 295.468
0.00083195437 292.269
0.00083215437 293.868
0.00083235437 292.269
0.00083255437 291.869
0.00083275437 293.868
0.00083295437 292.269
0.00083315437 293.469
0.00083335437 291.869
0.00083355437 291.07
0.00083375437 291.07
0.00083395437 295.068
0.00083415437 293.868
0.00083435437 293.469
0.00083455437 291.869
0.00083475437 293.469
0.00083495437 292.269
0.00083515437 293.469
0.00083535437 291.07
0.00083555437 291.469
0.00083575437 292.669
0.00083595437 290.67
0.00083615437 291.469
0.00083635437 294.668
0.00083655437 292.269
0.00083675437 292.669
0.00083695437 291.07
0.00083715437 289.47
0.00083735437 289.87
0.00083755437 289.07
0.00083775437 289.87
0.00083795437 288.671
0.00083815437 290.27
0.00083835437 290.27
0.00083855437 291.469
0.00083875437 289.47
0.00083895437 289.87
0.00083915437 290.27
0.00083935437 289.87
0.00083955437 290.27
0.00083975437 287.871
0.00083995437 289.47
0.00084015437 289.87
0.00084035437 287.471
0.00084055437 289.07
0.00084075437 289.47
0.00084095437 285.472
0.00084115437 287.071
0.00084135437 289.87
0.00084155437 289.47
0.00084175437 285.872
0.00084195437 287.471
0.00084215437 285.872
0.00084235437 287.871
0.00084255437 288.271
0.00084275437 290.27
0.00084295437 289.87
0.00084315437 290.27
0.00084335437 287.471
0.00084355437 289.47
0.00084375437 289.07
0.00084395437 285.872
0.00084415437 284.672
0.00084435437 285.872
0.00084455437 287.071
0.00084475437 285.472
0.00084495437 287.471
0.00084515437 287.071
0.00084535437 288.271
0.00084555437 288.271
0.00084575437 287.471
0.00084595437 285.072
0.00084615437 285.872
0.00084635437 283.873
0.00084655437 284.672
0.00084675437 283.073
0.00084695437 284.672
0.00084715437 285.472
0.00084735437 285.072
0.00084755437 286.672
0.00084775437 285.472
0.00084795437 284.273
0.00084815437 284.672
0.00084835437 284.672
0.00084855437 285.072
0.00084875437 284.672
0.00084895437 285.872
0.00084915437 285.072
0.00084935437 286.272
0.00084955437 285.472
0.00084975437 284.273
0.00084995437 284.273
0.00085015437 283.873
0.00085035437 283.873
0.00085055437 283.473
0.00085075437 285.072
0.00085095437 284.273
0.00085115437 280.274
0.00085135437 284.672
0.00085155437 282.274
0.00085175437 283.873
0.00085195437 284.672
0.00085215437 284.273
0.00085235437 283.473
0.00085255437 285.072
0.00085275437 284.273
0.00085295437 284.273
0.00085315437 283.073
0.00085335437 283.473
0.00085355437 280.274
0.00085375437 283.873
0.00085395437 281.074
0.00085415437 280.674
0.00085435437 279.475
0.00085455437 281.874
0.00085475437 282.274
0.00085495437 281.074
0.00085515437 282.673
0.00085535437 283.073
0.00085555437 281.474
0.00085575437 280.674
0.00085595437 284.273
0.00085615437 282.274
0.00085635437 282.274
0.00085655437 281.474
0.00085675437 282.274
0.00085695437 280.674
0.00085715437 279.075
0.00085735437 280.274
0.00085755437 281.874
0.00085775437 279.075
0.00085795437 282.274
0.00085815437 280.674
0.00085835437 280.274
0.00085855437 281.474
0.00085875437 282.274
0.00085895437 278.275
0.00085915437 281.074
0.00085935437 279.875
0.00085955437 279.475
0.00085975437 277.476
0.00085995437 279.875
0.00086015437 279.075
0.00086035437 280.274
0.00086055437 281.474
0.00086075437 281.474
0.00086095437 278.675
0.00086115437 280.274
0.00086135437 278.275
0.00086155437 280.674
0.00086175437 280.274
0.00086195437 280.274
0.00086215437 277.876
0.00086235437 280.274
0.00086255437 279.875
0.00086275437 278.275
0.00086295437 277.076
0.00086315437 277.876
0.00086335437 279.075
0.00086355437 278.275
0.00086375437 279.075
0.00086395437 278.275
0.00086415437 278.675
0.00086435437 280.274
0.00086455437 279.875
0.00086475437 279.075
0.00086495437 277.076
0.00086515437 277.476
0.00086535437 278.275
0.00086555437 279.075
0.00086575437 277.876
0.00086595437 276.676
0.00086615437 279.075
0.00086635437 277.876
0.00086655437 282.274
0.00086675437 277.876
0.00086695437 276.276
0.00086715437 274.677
0.00086735437 277.876
0.00086755437 276.676
0.00086775437 275.876
0.00086795437 275.077
0.00086815437 275.477
0.00086835437 274.277
0.00086855437 275.876
0.00086875437 276.676
0.00086895437 277.076
0.00086915437 275.876
0.00086935437 276.676
0.00086955437 274.277
0.00086975437 275.876
0.00086995437 276.276
0.00087015437 275.477
0.00087035437 277.476
0.00087055437 275.477
0.00087075437 275.077
0.00087095437 275.477
0.00087115437 275.477
0.00087135437 274.677
0.00087155437 273.477
0.00087175437 273.877
0.00087195437 273.477
0.00087215437 273.877
0.00087235437 273.078
0.00087255437 272.678
0.00087275437 273.078
0.00087295437 273.477
0.00087315437 274.277
0.00087335437 275.077
0.00087355437 272.278
0.00087375437 275.876
0.00087395437 274.677
0.00087415437 274.677
0.00087435437 274.677
0.00087455437 271.878
0.00087475437 272.278
0.00087495437 275.477
0.00087515437 276.276
0.00087535437 271.878
0.00087555437 276.276
0.00087575437 273.078
0.00087595437 277.076
0.00087615437 274.277
0.00087635437 270.279
0.00087655437 274.677
0.00087675437 274.677
0.00087695437 272.678
0.00087715437 273.477
0.00087735437 272.678
0.00087755437 275.077
0.00087775437 272.278
0.00087795437 275.077
0.00087815437 273.877
0.00087835437 275.077
0.00087855437 273.078
0.00087875437 273.078
0.00087895437 272.678
0.00087915437 273.877
0.00087935437 272.278
0.00087955437 271.878
0.00087975437 271.478
0.00087995437 273.877
0.00088015437 273.078
0.00088035437 267.88
0.00088055437 273.477
0.00088075437 269.079
0.00088095437 271.079
0.00088115437 274.277
0.00088135437 267.08
0.00088155437 269.479
0.00088175437 272.678
0.00088195437 269.879
0.00088215437 269.479
0.00088235437 273.477
0.00088255437 271.478
0.00088275437 270.679
0.00088295437 271.478
0.00088315437 271.478
0.00088335437 271.478
0.00088355437 271.079
0.00088375437 271.878
0.00088395437 268.68
0.00088415437 270.679
0.00088435437 271.079
0.00088455437 267.08
0.00088475437 269.879
0.00088495437 268.68
0.00088515437 269.879
0.00088535437 271.079
0.00088555437 267.48
0.00088575437 269.079
0.00088595437 265.881
0.00088615437 268.68
0.00088635437 267.88
0.00088655437 265.881
0.00088675437 266.681
0.00088695437 266.681
0.00088715437 266.681
0.00088735437 267.48
0.00088755437 267.08
0.00088775437 267.08
0.00088795437 267.48
0.00088815437 265.081
0.00088835437 266.681
0.00088855437 268.68
0.00088875437 264.681
0.00088895437 267.08
0.00088915437 264.282
0.00088935437 264.681
0.00088955437 266.281
0.00088975437 265.081
0.00088995437 266.281
0.00089015437 268.28
0.00089035437 266.281
0.00089055437 266.681
0.00089075437 265.881
0.00089095437 265.881
0.00089115437 264.282
0.00089135437 265.881
0.00089155437 265.081
0.00089175437 265.081
0.00089195437 266.281
0.00089215437 268.68
0.00089235437 268.28
0.00089255437 268.68
0.00089275437 262.682
0.00089295437 265.481
0.00089315437 267.08
0.00089335437 263.882
0.00089355437 266.681
0.00089375437 264.681
0.00089395437 265.881
0.00089415437 265.081
0.00089435437 267.08
0.00089455437 265.881
0.00089475437 266.681
0.00089495437 263.082
0.00089515437 265.081
0.00089535437 265.881
0.00089555437 266.681
0.00089575437 263.882
0.00089595437 265.081
0.00089615437 265.081
0.00089635437 262.282
0.00089655437 266.681
0.00089675437 267.08
0.00089695437 266.281
0.00089715437 265.881
0.00089735437 262.682
0.00089755437 262.282
0.00089775437 265.881
0.00089795437 266.281
0.00089815437 262.282
0.00089835437 263.482
0.00089855437 266.681
0.00089875437 262.282
0.00089895437 267.08
0.00089915437 263.482
0.00089935437 261.883
0.00089955437 265.481
0.00089975437 265.081
0.00089995437 261.883
0.00090015437 263.882
0.00090035437 262.682
0.00090055437 265.881
0.00090075437 263.882
0.00090095437 262.282
0.00090115437 263.082
0.00090135437 261.883
0.00090155437 262.282
0.00090175437 264.681
0.00090195437 260.683
0.00090215437 262.282
0.00090235437 263.482
0.00090255437 261.883
0.00090275437 261.883
0.00090295437 263.082
0.00090315437 261.483
0.00090335437 263.882
0.00090355437 261.483
0.00090375437 263.482
0.00090395437 261.883
0.00090415437 262.282
0.00090435437 261.883
0.00090455437 261.483
0.00090475437 263.882
0.00090495437 259.484
0.00090515437 261.883
0.00090535437 260.683
0.00090555437 261.083
0.00090575437 257.485
0.00090595437 259.484
0.00090615437 260.283
0.00090635437 261.483
0.00090655437 260.283
0.00090675437 260.683
0.00090695437 259.884
0.00090715437 261.483
0.00090735437 258.684
0.00090755437 259.084
0.00090775437 257.884
0.00090795437 261.083
0.00090815437 258.284
0.00090835437 260.283
0.00090855437 259.484
0.00090875437 258.684
0.00090895437 257.884
0.00090915437 258.284
0.00090935437 261.883
0.00090955437 261.083
0.00090975437 257.884
0.00090995437 259.484
0.00091015437 260.683
0.00091035437 257.485
0.00091055437 261.483
0.00091075437 260.283
0.00091095437 259.084
0.00091115437 260.683
0.00091135437 259.084
0.00091155437 258.684
0.00091175437 259.084
0.00091195437 260.683
0.00091215437 260.683
0.00091235437 257.085
0.00091255437 260.283
0.00091275437 260.283
0.00091295437 257.085
0.00091315437 257.884
0.00091335437 259.884
0.00091355437 258.284
0.00091375437 259.484
0.00091395437 256.685
0.00091415437 258.684
0.00091435437 260.683
0.00091455437 257.085
0.00091475437 256.685
0.00091495437 257.485
0.00091515437 258.684
0.00091535437 257.485
0.00091555437 256.685
0.00091575437 258.684
0.00091595437 257.485
0.00091615437 257.884
0.00091635437 256.685
0.00091655437 258.684
0.00091675437 257.884
0.00091695437 256.285
0.00091715437 255.086
0.00091735437 257.085
0.00091755437 257.485
0.00091775437 257.485
0.00091795437 258.684
0.00091815437 256.285
0.00091835437 259.084
0.00091855437 255.885
0.00091875437 259.084
0.00091895437 254.286
0.00091915437 255.486
0.00091935437 255.086
0.00091955437 255.086
0.00091975437 256.285
0.00091995437 257.085
0.00092015437 256.685
0.00092035437 257.085
0.00092055437 255.885
0.00092075437 257.485
0.00092095437 254.286
0.00092115437 255.885
0.00092135437 256.285
0.00092155437 258.684
0.00092175437 255.885
0.00092195437 254.286
0.00092215437 255.086
0.00092235437 257.485
0.00092255437 255.086
0.00092275437 253.886
0.00092295437 256.685
0.00092315437 255.086
0.00092335437 253.886
0.00092355437 256.285
0.00092375437 255.486
0.00092395437 254.286
0.00092415437 256.285
0.00092435437 256.685
0.00092455437 255.486
0.00092475437 253.886
0.00092495437 255.486
0.00092515437 255.086
0.00092535437 253.886
0.00092555437 255.486
0.00092575437 252.287
0.00092595437 254.286
0.00092615437 255.486
0.00092635437 253.886
0.00092655437 254.686
0.00092675437 255.885
0.00092695437 254.286
0.00092715437 255.086
0.00092735437 253.087
0.00092755437 254.286
0.00092775437 253.486
0.00092795437 251.487
0.00092815437 255.086
0.00092835437 253.087
0.00092855437 256.685
0.00092875437 252.687
0.00092895437 253.886
0.00092915437 251.487
0.00092935437 252.287
0.00092955437 256.285
0.00092975437 255.486
0.00092995437 252.287
0.00093015437 251.487
0.00093035437 252.287
0.00093055437 251.487
0.00093075437 253.486
0.00093095437 252.287
0.00093115437 251.487
0.00093135437 252.687
0.00093155437 251.887
0.00093175437 253.886
0.00093195437 254.286
0.00093215437 253.087
0.00093235437 254.686
0.00093255437 251.887
0.00093275437 251.088
0.00093295437 252.287
0.00093315437 250.688
0.00093335437 251.088
0.00093355437 251.887
0.00093375437 251.088
0.00093395437 252.687
0.00093415437 250.288
0.00093435437 248.689
0.00093455437 253.486
0.00093475437 251.887
0.00093495437 251.088
0.00093515437 254.286
0.00093535437 250.288
0.00093555437 249.888
0.00093575437 251.088
0.00093595437 253.886
0.00093615437 251.887
0.00093635437 249.888
0.00093655437 250.688
0.00093675437 252.287
0.00093695437 248.689
0.00093715437 251.887
0.00093735437 251.487
0.00093755437 250.688
0.00093775437 253.486
0.00093795437 249.488
0.00093815437 249.488
0.00093835437 252.687
0.00093855437 250.288
0.00093875437 251.088
0.00093895437 250.288
0.00093915437 248.289
0.00093935437 252.287
0.00093955437 248.289
0.00093975437 249.088
0.00093995437 247.889
0.00094015437 250.288
0.00094035437 251.088
0.00094055437 250.688
0.00094075437 247.489
0.00094095437 245.89
0.00094115437 247.489
0.00094135437 250.688
0.00094155437 250.688
0.00094175437 252.287
0.00094195437 249.488
0.00094215437 249.088
0.00094235437 250.688
0.00094255437 249.888
0.00094275437 248.289
0.00094295437 249.088
0.00094315437 248.289
0.00094335437 248.289
0.00094355437 246.29
0.00094375437 247.089
0.00094395437 249.488
0.00094415437 247.489
0.00094435437 247.089
0.00094455437 247.489
0.00094475437 247.889
0.00094495437 251.487
0.00094515437 248.289
0.00094535437 246.29
0.00094555437 246.689
0.00094575437 248.289
0.00094595437 246.29
0.00094615437 247.889
0.00094635437 248.689
0.00094655437 247.489
0.00094675437 246.689
0.00094695437 246.689
0.00094715437 247.889
0.00094735437 245.09
0.00094755437 246.689
0.00094775437 246.29
0.00094795437 245.49
0.00094815437 246.689
0.00094835437 246.689
0.00094855437 245.09
0.00094875437 246.29
0.00094895437 245.09
0.00094915437 247.489
0.00094935437 246.689
0.00094955437 245.49
0.00094975437 245.49
0.00094995437 247.089
0.00095015437 245.49
0.00095035437 247.089
0.00095055437 247.489
0.00095075437 243.491
0.00095095437 246.29
0.00095115437 247.889
0.00095135437 245.89
0.00095155437 243.891
0.00095175437 245.09
0.00095195437 246.29
0.00095215437 245.89
0.00095235437 245.09
0.00095255437 245.09
0.00095275437 245.89
0.00095295437 244.291
0.00095315437 245.49
0.00095335437 246.29
0.00095355437 246.29
0.00095375437 245.89
0.00095395437 245.49
0.00095415437 245.49
0.00095435437 247.889
0.00095455437 246.689
0.00095475437 244.69
0.00095495437 243.891
0.00095515437 244.291
0.00095535437 243.091
0.00095555437 246.689
0.00095575437 242.691
0.00095595437 247.089
0.00095615437 244.69
0.00095635437 243.091
0.00095655437 245.89
0.00095675437 245.89
0.00095695437 242.691
0.00095715437 243.091
0.00095735437 245.89
0.00095755437 242.691
0.00095775437 245.49
0.00095795437 242.291
0.00095815437 244.69
0.00095835437 243.891
0.00095855437 244.69
0.00095875437 244.69
0.00095895437 245.09
0.00095915437 244.291
0.00095935437 243.091
0.00095955437 242.291
0.00095975437 241.092
0.00095995437 243.891
0.00096015437 245.09
0.00096035437 241.892
0.00096055437 243.891
0.00096075437 242.691
0.00096095437 244.69
0.00096115437 243.091
0.00096135437 241.092
0.00096155437 242.291
0.00096175437 242.691
0.00096195437 242.691
0.00096215437 241.092
0.00096235437 243.491
0.00096255437 241.892
0.00096275437 242.691
0.00096295437 240.692
0.00096315437 243.091
0.00096335437 240.692
0.00096355437 242.291
0.00096375437 243.891
0.00096395437 239.893
0.00096415437 240.292
0.00096435437 243.091
0.00096455437 240.692
0.00096475437 241.892
0.00096495437 241.492
0.00096515437 242.691
0.00096535437 239.893
0.00096555437 243.491
0.00096575437 242.691
0.00096595437 245.09
0.00096615437 241.892
0.00096635437 244.291
0.00096655437 245.49
0.00096675437 242.691
0.00096695437 240.692
0.00096715437 243.091
0.00096735437 242.291
0.00096755437 242.691
0.00096775437 241.492
0.00096795437 243.891
0.00096815437 242.291
0.00096835437 242.291
0.00096855437 241.492
0.00096875437 240.292
0.00096895437 243.091
0.00096915437 239.493
0.00096935437 239.893
0.00096955437 241.492
0.00096975437 241.092
0.00096995437 240.692
0.00097015437 243.491
0.00097035437 239.493
0.00097055437 241.092
0.00097075437 240.292
0.00097095437 239.893
0.00097115437 238.293
0.00097135437 240.292
0.00097155437 238.693
0.00097175437 241.892
0.00097195437 242.291
0.00097215437 235.894
0.00097235437 240.292
0.00097255437 238.293
0.00097275437 239.093
0.00097295437 241.892
0.00097315437 239.093
0.00097335437 237.094
0.00097355437 242.291
0.00097375437 238.693
0.00097395437 239.493
0.00097415437 240.292
0.00097435437 238.693
0.00097455437 241.892
0.00097475437 238.693
0.00097495437 239.893
0.00097515437 235.894
0.00097535437 238.293
0.00097555437 238.693
0.00097575437 240.692
0.00097595437 239.093
0.00097615437 238.693
0.00097635437 239.493
0.00097655437 241.092
0.00097675437 239.493
0.00097695437 237.893
0.00097715437 238.693
0.00097735437 237.494
0.00097755437 236.694
0.00097775437 239.093
0.00097795437 234.695
0.00097815437 235.894
0.00097835437 236.294
0.00097855437 238.693
0.00097875437 239.093
0.00097895437 240.692
0.00097915437 236.694
0.00097935437 237.494
0.00097955437 236.294
0.00097975437 238.693
0.00097995437 239.493
0.00098015437 239.493
0.00098035437 237.494
0.00098055437 238.293
0.00098075437 236.294
0.00098095437 236.294
0.00098115437 239.893
0.00098135437 237.893
0.00098155437 237.494
0.00098175437 238.693
0.00098195437 239.893
0.00098215437 237.494
0.00098235437 237.893
0.00098255437 239.093
0.00098275437 235.494
0.00098295437 237.893
0.00098315437 237.494
0.00098335437 237.494
0.00098355437 233.495
0.00098375437 238.693
0.00098395437 235.894
0.00098415437 235.494
0.00098435437 235.894
0.00098455437 234.295
0.00098475437 237.494
0.00098495437 239.093
0.00098515437 233.495
0.00098535437 234.695
0.00098555437 235.894
0.00098575437 236.294
0.00098595437 237.494
0.00098615437 235.894
0.00098635437 237.094
0.00098655437 234.695
0.00098675437 235.894
0.00098695437 237.094
0.00098715437 234.695
0.00098735437 237.494
0.00098755437 236.694
0.00098775437 235.894
0.00098795437 236.294
0.00098815437 234.295
0.00098835437 236.694
0.00098855437 233.895
0.00098875437 237.494
0.00098895437 236.294
0.00098915437 233.096
0.00098935437 234.695
0.00098955437 233.096
0.00098975437 233.895
0.00098995437 237.094
0.00099015437 231.496
0.00099035437 239.093
0.00099055437 236.294
0.00099075437 234.295
0.00099095437 233.495
0.00099115437 234.295
0.00099135437 235.894
0.00099155437 236.694
0.00099175437 235.894
0.00099195437 235.494
0.00099215437 235.095
0.00099235437 237.094
0.00099255437 237.494
0.00099275437 234.295
0.00099295437 233.895
0.00099315437 233.495
0.00099335437 237.494
0.00099355437 235.894
0.00099375437 236.294
0.00099395437 234.295
0.00099415437 235.894
0.00099435437 233.495
0.00099455437 234.695
0.00099475437 236.694
0.00099495437 234.695
0.00099515437 234.295
0.00099535437 234.295
0.00099555437 235.894
0.00099575437 235.494
0.00099595437 233.895
0.00099615437 234.695
0.00099635437 233.096
0.00099655437 233.895
0.00099675437 234.295
0.00099695437 231.896
0.00099715437 235.095
0.00099735437 234.695
0.00099755437 233.096
0.00099775437 234.295
0.00099795437 234.295
0.00099815437 235.095
0.00099835437 233.495
0.00099855437 233.495
0.00099875437 230.697
0.00099895437 233.096
0.00099915437 236.294
0.00099935437 233.495
0.00099955437 231.496
0.00099975437 234.695
0.00099995437 232.296
0.0010001544 233.096
0.0010003544 233.096
0.0010005544 233.495
0.0010007544 230.697
0.0010009544 233.895
0.0010011544 232.696
0.0010013544 232.696
0.0010015544 229.497
0.0010017544 231.896
0.0010019544 231.496
0.0010021544 232.296
0.0010023544 233.096
0.0010025544 231.096
0.0010027544 231.096
0.0010029544 229.497
0.0010031544 232.696
0.0010033544 232.696
0.0010035544 233.895
0.0010037544 231.096
0.0010039544 231.496
0.0010041544 229.097
0.0010043544 233.895
0.0010045544 232.296
0.0010047544 231.096
0.0010049544 230.297
0.0010051544 228.698
0.0010053544 228.298
0.0010055544 229.897
0.0010057544 229.097
0.0010059544 230.697
0.0010061544 231.096
0.0010063544 233.096
0.0010065544 228.698
0.0010067544 232.296
0.0010069544 232.296
0.0010071544 231.496
0.0010073544 227.898
0.0010075544 230.297
0.0010077544 232.696
0.0010079544 231.896
0.0010081544 230.697
0.0010083544 229.497
0.0010085544 229.897
0.0010087544 228.698
0.0010089544 231.096
0.0010091544 227.898
0.0010093544 229.497
0.0010095544 229.497
0.0010097544 229.897
0.0010099544 227.498
0.0010101544 229.897
0.0010103544 229.097
0.0010105544 230.297
0.0010107544 227.498
0.0010109544 231.096
0.0010111544 227.498
0.0010113544 227.098
0.0010115544 229.497
0.0010117544 229.897
0.0010119544 229.897
0.0010121544 228.298
0.0010123544 228.698
0.0010125544 229.497
0.0010127544 227.498
0.0010129544 225.899
0.0010131544 229.097
0.0010133544 229.497
0.0010135544 225.099
0.0010137544 227.898
0.0010139544 229.897
0.0010141544 227.498
0.0010143544 229.897
0.0010145544 225.499
0.0010147544 228.298
0.0010149544 226.698
0.0010151544 228.298
0.0010153544 226.299
0.0010155544 227.898
0.0010157544 228.298
0.0010159544 228.298
0.0010161544 229.897
0.0010163544 228.298
0.0010165544 227.898
0.0010167544 226.698
0.0010169544 228.298
0.0010171544 230.297
0.0010173544 228.298
0.0010175544 224.699
0.0010177544 227.498
0.0010179544 226.299
0.0010181544 227.898
0.0010183544 227.098
0.0010185544 226.698
0.0010187544 224.699
0.0010189544 225.899
0.0010191544 227.098
0.0010193544 226.698
0.0010195544 227.098
0.0010197544 227.098
0.0010199544 228.298
0.0010201544 228.298
0.0010203544 228.298
0.0010205544 226.698
0.0010207544 226.299
0.0010209544 228.298
0.0010211544 228.298
0.0010213544 225.099
0.0010215544 224.699
0.0010217544 225.499
0.0010219544 227.898
0.0010221544 227.498
0.0010223544 227.098
0.0010225544 224.3
0.0010227544 226.698
0.0010229544 224.699
0.0010231544 224.699
0.0010233544 223.1
0.0010235544 225.899
0.0010237544 227.498
0.0010239544 225.499
0.0010241544 223.5
0.0010243544 224.3
0.0010245544 223.1
0.0010247544 226.299
0.0010249544 227.098
0.0010251544 225.099
0.0010253544 226.299
0.0010255544 222.7
0.0010257544 223.5
0.0010259544 225.499
0.0010261544 225.099
0.0010263544 226.698
0.0010265544 226.299
0.0010267544 225.499
0.0010269544 223.1
0.0010271544 225.099
0.0010273544 223.1
0.0010275544 225.099
0.0010277544 223.1
0.0010279544 224.699
0.0010281544 225.899
0.0010283544 224.699
0.0010285544 225.899
0.0010287544 222.7
0.0010289544 225.899
0.0010291544 223.1
0.0010293544 223.5
0.0010295544 226.299
0.0010297544 225.499
0.0010299544 223.1
0.0010301544 223.9
0.0010303544 225.099
0.0010305544 223.9
0.0010307544 225.499
0.0010309544 222.7
0.0010311544 225.499
0.0010313544 223.5
0.0010315544 223.5
0.0010317544 223.5
0.0010319544 225.499
0.0010321544 226.299
0.0010323544 223.1
0.0010325544 223.5
0.0010327544 223.5
0.0010329544 223.5
0.0010331544 223.1
0.0010333544 224.699
0.0010335544 222.7
0.0010337544 225.099
0.0010339544 222.7
0.0010341544 226.299
0.0010343544 224.3
0.0010345544 223.5
0.0010347544 225.099
0.0010349544 226.299
0.0010351544 223.5
0.0010353544 222.7
0.0010355544 223.5
0.0010357544 225.099
0.0010359544 225.099
0.0010361544 222.3
0.0010363544 223.5
0.0010365544 222.7
0.0010367544 222.3
0.0010369544 224.3
0.0010371544 221.101
0.0010373544 222.3
0.0010375544 225.099
0.0010377544 224.699
0.0010379544 225.099
0.0010381544 221.101
0.0010383544 224.699
0.0010385544 224.699
0.0010387544 225.899
0.0010389544 224.3
0.0010391544 222.7
0.0010393544 224.3
0.0010395544 222.7
0.0010397544 225.099
0.0010399544 221.901
0.0010401544 222.3
0.0010403544 221.901
0.0010405544 221.901
0.0010407544 223.1
0.0010409544 225.099
0.0010411544 222.7
0.0010413544 221.901
0.0010415544 223.1
0.0010417544 223.1
0.0010419544 221.901
0.0010421544 223.9
0.0010423544 224.3
0.0010425544 223.5
0.0010427544 221.501
0.0010429544 223.1
0.0010431544 221.501
0.0010433544 221.901
0.0010435544 221.501
0.0010437544 219.901
0.0010439544 222.7
0.0010441544 223.5
0.0010443544 222.3
0.0010445544 224.3
0.0010447544 223.5
0.0010449544 223.1
0.0010451544 222.3
0.0010453544 221.101
0.0010455544 223.5
0.0010457544 219.102
0.0010459544 222.3
0.0010461544 221.101
0.0010463544 220.301
0.0010465544 220.301
0.0010467544 217.103
0.0010469544 217.902
0.0010471544 219.901
0.0010473544 220.301
0.0010475544 220.301
0.0010477544 217.103
0.0010479544 224.699
0.0010481544 218.702
0.0010483544 221.501
0.0010485544 221.901
0.0010487544 221.901
0.0010489544 219.901
0.0010491544 220.301
0.0010493544 221.901
0.0010495544 220.701
0.0010497544 221.901
0.0010499544 220.301
0.0010501544 219.901
0.0010503544 219.102
0.0010505544 221.901
0.0010507544 221.101
0.0010509544 222.3
0.0010511544 221.501
0.0010513544 221.501
0.0010515544 221.501
0.0010517544 220.701
0.0010519544 218.702
0.0010521544 219.901
0.0010523544 222.7
0.0010525544 217.902
0.0010527544 219.901
0.0010529544 219.901
0.0010531544 220.301
0.0010533544 218.702
0.0010535544 217.503
0.0010537544 216.703
0.0010539544 221.501
0.0010541544 220.301
0.0010543544 219.502
0.0010545544 219.502
0.0010547544 219.102
0.0010549544 215.503
0.0010551544 221.901
0.0010553544 218.302
0.0010555544 217.503
0.0010557544 220.701
0.0010559544 215.503
0.0010561544 218.302
0.0010563544 219.102
0.0010565544 219.102
0.0010567544 217.503
0.0010569544 216.703
0.0010571544 218.702
0.0010573544 218.302
0.0010575544 217.503
0.0010577544 218.702
0.0010579544 216.703
0.0010581544 218.302
0.0010583544 218.702
0.0010585544 217.902
0.0010587544 219.502
0.0010589544 216.703
0.0010591544 219.502
0.0010593544 219.901
0.0010595544 218.302
0.0010597544 218.702
0.0010599544 217.503
0.0010601544 218.302
0.0010603544 218.702
0.0010605544 218.702
0.0010607544 217.503
0.0010609544 220.301
0.0010611544 215.503
0.0010613544 216.303
0.0010615544 218.302
0.0010617544 219.502
0.0010619544 216.303
0.0010621544 218.702
0.0010623544 217.103
0.0010625544 218.302
0.0010627544 217.902
0.0010629544 218.702
0.0010631544 215.903
0.0010633544 215.903
0.0010635544 216.703
0.0010637544 217.902
0.0010639544 216.303
0.0010641544 216.303
0.0010643544 217.503
0.0010645544 218.302
0.0010647544 217.503
0.0010649544 219.502
0.0010651544 214.704
0.0010653544 214.704
0.0010655544 217.503
0.0010657544 217.902
0.0010659544 216.703
0.0010661544 217.503
0.0010663544 219.502
0.0010665544 217.503
0.0010667544 215.903
0.0010669544 218.302
0.0010671544 218.302
0.0010673544 216.303
0.0010675544 215.503
0.0010677544 216.703
0.0010679544 215.903
0.0010681544 216.703
0.0010683544 216.303
0.0010685544 216.303
0.0010687544 214.704
0.0010689544 214.304
0.0010691544 217.103
0.0010693544 213.904
0.0010695544 215.903
0.0010697544 214.304
0.0010699544 215.903
0.0010701544 212.305
0.0010703544 213.904
0.0010705544 216.703
0.0010707544 213.904
0.0010709544 215.903
0.0010711544 215.104
0.0010713544 217.103
0.0010715544 213.904
0.0010717544 212.705
0.0010719544 214.704
0.0010721544 214.704
0.0010723544 213.904
0.0010725544 216.303
0.0010727544 212.705
0.0010729544 212.305
0.0010731544 216.703
0.0010733544 214.704
0.0010735544 215.903
0.0010737544 215.503
0.0010739544 215.104
0.0010741544 215.104
0.0010743544 217.103
0.0010745544 213.904
0.0010747544 214.704
0.0010749544 215.503
0.0010751544 209.906
0.0010753544 213.904
0.0010755544 215.903
0.0010757544 212.705
0.0010759544 214.304
0.0010761544 215.503
0.0010763544 213.504
0.0010765544 218.702
0.0010767544 211.505
0.0010769544 213.904
0.0010771544 213.904
0.0010773544 211.905
0.0010775544 215.503
0.0010777544 212.705
0.0010779544 212.305
0.0010781544 213.105
0.0010783544 211.905
0.0010785544 213.504
0.0010787544 213.904
0.0010789544 211.905
0.0010791544 212.305
0.0010793544 211.105
0.0010795544 212.705
0.0010797544 211.105
0.0010799544 212.305
0.0010801544 212.705
0.0010803544 212.705
0.0010805544 211.505
0.0010807544 211.905
0.0010809544 210.706
0.0010811544 212.705
0.0010813544 209.906
0.0010815544 214.304
0.0010817544 211.905
0.0010819544 213.504
0.0010821544 211.505
0.0010823544 211.105
0.0010825544 214.704
0.0010827544 213.105
0.0010829544 211.505
0.0010831544 212.705
0.0010833544 212.705
0.0010835544 212.705
0.0010837544 210.706
0.0010839544 212.705
0.0010841544 207.907
0.0010843544 208.307
0.0010845544 209.506
0.0010847544 211.905
0.0010849544 207.907
0.0010851544 209.106
0.0010853544 206.308
0.0010855544 211.105
0.0010857544 211.505
0.0010859544 208.307
0.0010861544 213.504
0.0010863544 210.706
0.0010865544 209.506
0.0010867544 208.706
0.0010869544 209.106
0.0010871544 209.506
0.0010873544 209.106
0.0010875544 208.706
0.0010877544 209.106
0.0010879544 211.505
0.0010881544 210.706
0.0010883544 209.106
0.0010885544 207.507
0.0010887544 210.306
0.0010889544 209.906
0.0010891544 208.706
0.0010893544 209.506
0.0010895544 211.905
0.0010897544 209.906
0.0010899544 209.906
0.0010901544 210.706
0.0010903544 210.306
0.0010905544 210.706
0.0010907544 209.906
0.0010909544 209.906
0.0010911544 207.107
0.0010913544 208.706
0.0010915544 209.506
0.0010917544 207.507
0.0010919544 206.707
0.0010921544 209.906
0.0010923544 208.706
0.0010925544 210.306
0.0010927544 208.706
0.0010929544 209.506
0.0010931544 208.307
0.0010933544 207.907
0.0010935544 210.306
0.0010937544 208.706
0.0010939544 208.706
0.0010941544 209.906
0.0010943544 206.707
0.0010945544 207.507
0.0010947544 207.507
0.0010949544 209.506
0.0010951544 207.907
0.0010953544 208.706
0.0010955544 210.706
0.0010957544 209.106
0.0010959544 208.706
0.0010961544 205.908
0.0010963544 209.506
0.0010965544 205.908
0.0010967544 206.707
0.0010969544 206.707
0.0010971544 207.907
0.0010973544 208.307
0.0010975544 208.307
0.0010977544 210.306
0.0010979544 209.106
0.0010981544 210.306
0.0010983544 207.907
0.0010985544 208.307
0.0010987544 208.307
0.0010989544 208.706
0.0010991544 213.105
0.0010993544 205.908
0.0010995544 206.308
0.0010997544 207.507
0.0010999544 207.107
0.0011001544 207.907
0.0011003544 206.707
0.0011005544 206.707
0.0011007544 207.907
0.0011009544 204.708
0.0011011544 208.706
0.0011013544 205.508
0.0011015544 207.507
0.0011017544 206.308
0.0011019544 208.307
0.0011021544 209.106
0.0011023544 206.707
0.0011025544 207.507
0.0011027544 205.508
0.0011029544 207.107
0.0011031544 206.707
0.0011033544 204.708
0.0011035544 207.107
0.0011037544 206.308
0.0011039544 205.908
0.0011041544 208.706
0.0011043544 204.708
0.0011045544 205.908
0.0011047544 204.308
0.0011049544 207.907
0.0011051544 207.507
0.0011053544 205.108
0.0011055544 206.308
0.0011057544 205.508
0.0011059544 208.307
0.0011061544 205.508
0.0011063544 204.308
0.0011065544 204.708
0.0011067544 206.308
0.0011069544 205.908
0.0011071544 207.107
0.0011073544 207.107
0.0011075544 209.106
0.0011077544 206.308
0.0011079544 207.907
0.0011081544 206.308
0.0011083544 204.708
0.0011085544 205.108
0.0011087544 206.707
0.0011089544 205.508
0.0011091544 205.908
0.0011093544 204.708
0.0011095544 204.308
0.0011097544 204.708
0.0011099544 206.707
0.0011101544 206.707
0.0011103544 208.307
0.0011105544 207.107
0.0011107544 206.707
0.0011109544 208.706
0.0011111544 205.908
0.0011113544 207.107
0.0011115544 203.509
0.0011117544 207.907
0.0011119544 202.709
0.0011121544 203.509
0.0011123544 203.909
0.0011125544 203.509
0.0011127544 205.908
0.0011129544 206.707
0.0011131544 207.107
0.0011133544 202.709
0.0011135544 203.509
0.0011137544 203.509
0.0011139544 203.509
0.0011141544 204.308
0.0011143544 204.308
0.0011145544 203.909
0.0011147544 203.509
0.0011149544 208.307
0.0011151544 207.107
0.0011153544 207.507
0.0011155544 204.708
0.0011157544 203.909
0.0011159544 206.707
0.0011161544 205.508
0.0011163544 204.308
0.0011165544 202.709
0.0011167544 203.109
0.0011169544 205.908
0.0011171544 204.708
0.0011173544 205.108
0.0011175544 205.508
0.0011177544 204.708
0.0011179544 202.709
0.0011181544 204.308
0.0011183544 203.909
0.0011185544 203.909
0.0011187544 202.309
0.0011189544 202.309
0.0011191544 203.509
0.0011193544 203.509
0.0011195544 202.309
0.0011197544 204.308
0.0011199544 205.108
0.0011201544 204.708
0.0011203544 203.909
0.0011205544 203.109
0.0011207544 201.91
0.0011209544 204.308
0.0011211544 202.709
0.0011213544 206.308
0.0011215544 202.709
0.0011217544 203.909
0.0011219544 203.109
0.0011221544 202.709
0.0011223544 202.309
0.0011225544 203.909
0.0011227544 203.509
0.0011229544 203.909
0.0011231544 203.509
0.0011233544 204.708
0.0011235544 200.71
0.0011237544 202.709
0.0011239544 202.709
0.0011241544 201.51
0.0011243544 204.308
0.0011245544 204.708
0.0011247544 203.109
0.0011249544 203.509
0.0011251544 203.509
0.0011253544 199.91
0.0011255544 202.309
0.0011257544 200.71
0.0011259544 203.109
0.0011261544 200.71
0.0011263544 203.509
0.0011265544 203.909
0.0011267544 202.309
0.0011269544 201.51
0.0011271544 199.91
0.0011273544 200.71
0.0011275544 201.91
0.0011277544 199.511
0.0011279544 202.709
0.0011281544 202.709
0.0011283544 202.309
0.0011285544 200.71
0.0011287544 201.51
0.0011289544 203.509
0.0011291544 201.11
0.0011293544 203.109
0.0011295544 200.71
0.0011297544 199.91
0.0011299544 201.51
0.0011301544 203.109
0.0011303544 198.711
0.0011305544 201.11
0.0011307544 200.71
0.0011309544 201.91
0.0011311544 203.509
0.0011313544 199.91
0.0011315544 203.909
0.0011317544 199.511
0.0011319544 201.11
0.0011321544 198.711
0.0011323544 202.709
0.0011325544 201.91
0.0011327544 200.71
0.0011329544 199.91
0.0011331544 202.309
0.0011333544 200.31
0.0011335544 201.11
0.0011337544 199.511
0.0011339544 200.31
0.0011341544 201.51
0.0011343544 201.91
0.0011345544 201.11
0.0011347544 199.511
0.0011349544 201.11
0.0011351544 199.91
0.0011353544 197.911
0.0011355544 199.111
0.0011357544 201.11
0.0011359544 199.511
0.0011361544 199.511
0.0011363544 200.71
0.0011365544 202.309
0.0011367544 200.31
0.0011369544 199.111
0.0011371544 202.309
0.0011373544 201.11
0.0011375544 200.31
0.0011377544 199.91
0.0011379544 200.71
0.0011381544 199.111
0.0011383544 200.31
0.0011385544 201.51
0.0011387544 199.511
0.0011389544 199.511
0.0011391544 198.711
0.0011393544 199.511
0.0011395544 199.511
0.0011397544 200.71
0.0011399544 201.11
0.0011401544 200.31
0.0011403544 200.71
0.0011405544 200.71
0.0011407544 199.91
0.0011409544 201.91
0.0011411544 199.511
0.0011413544 198.311
0.0011415544 202.709
0.0011417544 199.111
0.0011419544 199.111
0.0011421544 202.309
0.0011423544 198.711
0.0011425544 199.111
0.0011427544 200.71
0.0011429544 200.71
0.0011431544 198.311
0.0011433544 199.511
0.0011435544 199.111
0.0011437544 200.31
0.0011439544 201.51
0.0011441544 199.91
0.0011443544 199.91
0.0011445544 200.71
0.0011447544 198.711
0.0011449544 199.111
0.0011451544 199.91
0.0011453544 202.709
0.0011455544 197.911
0.0011457544 197.512
0.0011459544 200.71
0.0011461544 202.309
0.0011463544 197.911
0.0011465544 197.911
0.0011467544 199.511
0.0011469544 196.312
0.0011471544 199.91
0.0011473544 199.91
0.0011475544 201.11
0.0011477544 199.511
0.0011479544 197.112
0.0011481544 199.511
0.0011483544 197.911
0.0011485544 200.31
0.0011487544 198.311
0.0011489544 199.111
0.0011491544 197.112
0.0011493544 200.31
0.0011495544 197.112
0.0011497544 198.711
0.0011499544 198.711
0.0011501544 198.311
0.0011503544 199.111
0.0011505544 196.312
0.0011507544 199.111
0.0011509544 198.311
0.0011511544 198.311
0.0011513544 199.511
0.0011515544 197.911
0.0011517544 196.312
0.0011519544 197.112
0.0011521544 196.312
0.0011523544 196.312
0.0011525544 198.711
0.0011527544 196.312
0.0011529544 197.911
0.0011531544 197.911
0.0011533544 199.91
0.0011535544 197.911
0.0011537544 197.911
0.0011539544 197.512
0.0011541544 197.512
0.0011543544 197.512
0.0011545544 198.311
0.0011547544 195.512
0.0011549544 196.712
0.0011551544 196.712
0.0011553544 195.113
0.0011555544 197.512
0.0011557544 196.712
0.0011559544 197.911
0.0011561544 196.312
0.0011563544 199.111
0.0011565544 197.911
0.0011567544 196.712
0.0011569544 196.312
0.0011571544 198.311
0.0011573544 195.512
0.0011575544 196.712
0.0011577544 194.713
0.0011579544 193.113
0.0011581544 196.712
0.0011583544 194.713
0.0011585544 196.712
0.0011587544 194.713
0.0011589544 199.111
0.0011591544 197.112
0.0011593544 193.513
0.0011595544 195.113
0.0011597544 194.713
0.0011599544 196.312
0.0011601544 196.312
0.0011603544 197.512
0.0011605544 196.312
0.0011607544 197.512
0.0011609544 196.312
0.0011611544 195.512
0.0011613544 194.713
0.0011615544 193.913
0.0011617544 195.512
0.0011619544 195.512
0.0011621544 197.112
0.0011623544 195.512
0.0011625544 195.912
0.0011627544 195.912
0.0011629544 195.512
0.0011631544 195.512
0.0011633544 195.113
0.0011635544 193.913
0.0011637544 193.113
0.0011639544 194.713
0.0011641544 193.113
0.0011643544 193.113
0.0011645544 195.113
0.0011647544 195.113
0.0011649544 193.513
0.0011651544 196.712
0.0011653544 195.912
0.0011655544 195.512
0.0011657544 196.712
0.0011659544 191.514
0.0011661544 194.313
0.0011663544 193.113
0.0011665544 195.912
0.0011667544 195.512
0.0011669544 195.512
0.0011671544 195.512
0.0011673544 197.112
0.0011675544 194.713
0.0011677544 193.913
0.0011679544 194.313
0.0011681544 195.512
0.0011683544 194.713
0.0011685544 195.113
0.0011687544 195.113
0.0011689544 191.914
0.0011691544 193.913
0.0011693544 191.514
0.0011695544 193.113
0.0011697544 196.312
0.0011699544 193.513
0.0011701544 191.514
0.0011703544 195.113
0.0011705544 192.714
0.0011707544 193.513
0.0011709544 194.713
0.0011711544 193.913
0.0011713544 191.114
0.0011715544 193.113
0.0011717544 193.913
0.0011719544 194.713
0.0011721544 190.715
0.0011723544 193.913
0.0011725544 192.314
0.0011727544 193.113
0.0011729544 193.913
0.0011731544 192.314
0.0011733544 191.914
0.0011735544 191.514
0.0011737544 194.313
0.0011739544 192.314
0.0011741544 192.314
0.0011743544 191.914
0.0011745544 192.314
0.0011747544 194.313
0.0011749544 193.113
0.0011751544 197.112
0.0011753544 192.314
0.0011755544 194.713
0.0011757544 192.314
0.0011759544 193.913
0.0011761544 191.914
0.0011763544 194.313
0.0011765544 192.714
0.0011767544 191.114
0.0011769544 193.113
0.0011771544 192.714
0.0011773544 192.714
0.0011775544 195.113
0.0011777544 193.113
0.0011779544 193.913
0.0011781544 192.714
0.0011783544 191.114
0.0011785544 190.715
0.0011787544 192.714
0.0011789544 192.314
0.0011791544 189.915
0.0011793544 193.513
0.0011795544 194.313
0.0011797544 190.715
0.0011799544 193.513
0.0011801544 191.114
0.0011803544 190.715
0.0011805544 191.514
0.0011807544 191.114
0.0011809544 191.514
0.0011811544 189.515
0.0011813544 192.714
0.0011815544 187.916
0.0011817544 190.315
0.0011819544 191.514
0.0011821544 187.516
0.0011823544 190.315
0.0011825544 190.715
0.0011827544 191.114
0.0011829544 189.515
0.0011831544 190.715
0.0011833544 189.915
0.0011835544 190.315
0.0011837544 189.515
0.0011839544 189.915
0.0011841544 190.715
0.0011843544 191.514
0.0011845544 189.915
0.0011847544 188.715
0.0011849544 189.915
0.0011851544 191.914
0.0011853544 188.316
0.0011855544 187.516
0.0011857544 191.114
0.0011859544 185.917
0.0011861544 193.913
0.0011863544 188.316
0.0011865544 188.316
0.0011867544 187.916
0.0011869544 189.515
0.0011871544 189.115
0.0011873544 189.915
0.0011875544 188.715
0.0011877544 190.715
0.0011879544 188.316
0.0011881544 189.515
0.0011883544 190.315
0.0011885544 187.516
0.0011887544 185.117
0.0011889544 187.516
0.0011891544 186.716
0.0011893544 189.115
0.0011895544 187.516
0.0011897544 189.115
0.0011899544 185.917
0.0011901544 187.916
0.0011903544 185.517
0.0011905544 187.116
0.0011907544 187.516
0.0011909544 187.516
0.0011911544 186.716
0.0011913544 189.115
0.0011915544 188.715
0.0011917544 184.717
0.0011919544 188.316
0.0011921544 186.716
0.0011923544 186.317
0.0011925544 185.917
0.0011927544 185.117
0.0011929544 185.117
0.0011931544 188.316
0.0011933544 186.317
0.0011935544 187.116
0.0011937544 185.917
0.0011939544 182.718
0.0011941544 185.517
0.0011943544 187.116
0.0011945544 187.916
0.0011947544 185.917
0.0011949544 185.917
0.0011951544 185.117
0.0011953544 185.917
0.0011955544 183.118
0.0011957544 185.117
0.0011959544 184.317
0.0011961544 185.517
0.0011963544 186.317
0.0011965544 186.716
0.0011967544 184.717
0.0011969544 185.117
0.0011971544 185.517
0.0011973544 185.117
0.0011975544 185.917
0.0011977544 187.116
0.0011979544 185.117
0.0011981544 187.516
0.0011983544 189.115
0.0011985544 183.518
0.0011987544 183.918
0.0011989544 183.118
0.0011991544 183.518
0.0011993544 186.317
0.0011995544 183.918
0.0011997544 185.517
0.0011999544 182.318
0.0012001544 187.116
0.0012003544 182.718
0.0012005544 183.918
0.0012007544 187.116
0.0012009544 183.518
0.0012011544 184.717
0.0012013544 183.118
0.0012015544 187.516
0.0012017544 188.715
0.0012019544 185.117
0.0012021544 184.717
0.0012023544 183.918
0.0012025544 184.717
0.0012027544 181.919
0.0012029544 186.317
0.0012031544 185.517
0.0012033544 183.518
0.0012035544 185.917
0.0012037544 184.717
0.0012039544 185.117
0.0012041544 185.117
0.0012043544 183.118
0.0012045544 184.317
0.0012047544 183.918
0.0012049544 183.518
0.0012051544 183.918
0.0012053544 184.717
0.0012055544 183.518
0.0012057544 183.918
0.0012059544 184.717
0.0012061544 184.717
0.0012063544 184.317
0.0012065544 187.116
0.0012067544 184.317
0.0012069544 185.917
0.0012071544 183.918
0.0012073544 185.117
0.0012075544 184.317
0.0012077544 183.518
0.0012079544 185.517
0.0012081544 183.918
0.0012083544 183.118
0.0012085544 184.317
0.0012087544 184.717
0.0012089544 186.317
0.0012091544 185.117
0.0012093544 184.717
0.0012095544 183.118
0.0012097544 185.117
0.0012099544 183.918
0.0012101544 186.716
0.0012103544 187.916
0.0012105544 183.918
0.0012107544 185.517
0.0012109544 187.516
0.0012111544 184.717
0.0012113544 181.519
0.0012115544 184.717
0.0012117544 182.318
0.0012119544 186.716
0.0012121544 182.718
0.0012123544 185.117
0.0012125544 183.918
0.0012127544 184.717
0.0012129544 181.919
0.0012131544 184.717
0.0012133544 182.318
0.0012135544 181.119
0.0012137544 181.119
0.0012139544 183.118
0.0012141544 182.318
0.0012143544 181.119
0.0012145544 185.517
0.0012147544 184.317
0.0012149544 181.919
0.0012151544 182.318
0.0012153544 183.118
0.0012155544 184.317
0.0012157544 183.918
0.0012159544 184.717
0.0012161544 182.718
0.0012163544 180.719
0.0012165544 180.319
0.0012167544 181.919
0.0012169544 180.319
0.0012171544 180.719
0.0012173544 180.319
0.0012175544 180.319
0.0012177544 183.118
0.0012179544 178.72
0.0012181544 180.319
0.0012183544 180.319
0.0012185544 180.319
0.0012187544 183.118
0.0012189544 183.118
0.0012191544 179.919
0.0012193544 178.32
0.0012195544 181.519
0.0012197544 177.52
0.0012199544 182.718
0.0012201544 180.319
0.0012203544 179.919
0.0012205544 182.718
0.0012207544 181.519
0.0012209544 181.919
0.0012211544 183.918
0.0012213544 177.92
0.0012215544 181.119
0.0012217544 179.919
0.0012219544 182.318
0.0012221544 181.519
0.0012223544 180.319
0.0012225544 180.319
0.0012227544 178.72
0.0012229544 178.72
0.0012231544 177.121
0.0012233544 183.518
0.0012235544 176.321
0.0012237544 180.719
0.0012239544 179.919
0.0012241544 177.92
0.0012243544 179.12
0.0012245544 180.319
0.0012247544 180.719
0.0012249544 182.718
0.0012251544 181.519
0.0012253544 181.119
0.0012255544 179.919
0.0012257544 181.519
0.0012259544 182.718
0.0012261544 180.719
0.0012263544 179.919
0.0012265544 181.519
0.0012267544 180.319
0.0012269544 181.119
0.0012271544 179.919
0.0012273544 179.12
0.0012275544 181.119
0.0012277544 178.72
0.0012279544 181.119
0.0012281544 178.32
0.0012283544 178.72
0.0012285544 178.72
0.0012287544 177.92
0.0012289544 177.92
0.0012291544 177.121
0.0012293544 176.321
0.0012295544 179.12
0.0012297544 178.72
0.0012299544 178.72
0.0012301544 175.921
0.0012303544 179.52
0.0012305544 175.122
0.0012307544 177.121
0.0012309544 179.919
0.0012311544 179.52
0.0012313544 175.122
0.0012315544 177.121
0.0012317544 178.72
0.0012319544 179.919
0.0012321544 179.52
0.0012323544 179.919
0.0012325544 177.92
0.0012327544 176.321
0.0012329544 178.32
0.0012331544 179.919
0.0012333544 177.92
0.0012335544 180.319
0.0012337544 175.521
0.0012339544 176.721
0.0012341544 176.321
0.0012343544 178.32
0.0012345544 176.721
0.0012347544 178.32
0.0012349544 177.52
0.0012351544 175.921
0.0012353544 177.52
0.0012355544 176.721
0.0012357544 179.12
0.0012359544 177.52
0.0012361544 177.92
0.0012363544 176.321
0.0012365544 177.52
0.0012367544 177.52
0.0012369544 177.52
0.0012371544 177.92
0.0012373544 179.12
0.0012375544 175.521
0.0012377544 175.921
0.0012379544 177.121
0.0012381544 178.32
0.0012383544 177.92
0.0012385544 176.321
0.0012387544 176.721
0.0012389544 176.321
0.0012391544 178.32
0.0012393544 175.921
0.0012395544 178.72
0.0012397544 175.521
0.0012399544 179.12
0.0012401544 178.72
0.0012403544 177.52
0.0012405544 178.72
0.0012407544 179.919
0.0012409544 177.52
0.0012411544 178.72
0.0012413544 176.721
0.0012415544 175.122
0.0012417544 177.52
0.0012419544 176.321
0.0012421544 175.921
0.0012423544 174.722
0.0012425544 175.921
0.0012427544 179.12
0.0012429544 177.121
0.0012431544 176.321
0.0012433544 176.721
0.0012435544 176.721
0.0012437544 177.52
0.0012439544 175.921
0.0012441544 175.521
0.0012443544 175.521
0.0012445544 179.52
0.0012447544 174.722
0.0012449544 177.92
0.0012451544 175.921
0.0012453544 176.721
0.0012455544 176.721
0.0012457544 177.92
0.0012459544 175.521
0.0012461544 174.722
0.0012463544 176.721
0.0012465544 175.122
0.0012467544 175.521
0.0012469544 173.922
0.0012471544 174.722
0.0012473544 177.121
0.0012475544 175.521
0.0012477544 176.721
0.0012479544 175.921
0.0012481544 175.521
0.0012483544 175.122
0.0012485544 175.521
0.0012487544 174.722
0.0012489544 172.323
0.0012491544 175.521
0.0012493544 176.321
0.0012495544 176.721
0.0012497544 175.122
0.0012499544 173.522
0.0012501544 172.723
0.0012503544 172.323
0.0012505544 175.122
0.0012507544 172.723
0.0012509544 175.921
0.0012511544 173.522
0.0012513544 174.722
0.0012515544 174.322
0.0012517544 173.122
0.0012519544 173.922
0.0012521544 173.522
0.0012523544 174.322
0.0012525544 172.723
0.0012527544 173.122
0.0012529544 171.523
0.0012531544 173.122
0.0012533544 175.521
0.0012535544 172.723
0.0012537544 171.523
0.0012539544 174.322
0.0012541544 170.724
0.0012543544 173.122
0.0012545544 169.924
0.0012547544 172.723
0.0012549544 173.122
0.0012551544 173.122
0.0012553544 173.122
0.0012555544 172.323
0.0012557544 171.123
0.0012559544 173.522
0.0012561544 172.323
0.0012563544 170.324
0.0012565544 171.923
0.0012567544 173.122
0.0012569544 171.923
0.0012571544 174.722
0.0012573544 169.924
0.0012575544 171.923
0.0012577544 170.324
0.0012579544 172.323
0.0012581544 173.122
0.0012583544 169.924
0.0012585544 171.123
0.0012587544 170.324
0.0012589544 173.522
0.0012591544 171.123
0.0012593544 171.523
0.0012595544 171.123
0.0012597544 173.122
0.0012599544 170.324
0.0012601544 171.123
0.0012603544 169.924
0.0012605544 170.324
0.0012607544 170.324
0.0012609544 170.724
0.0012611544 169.924
0.0012613544 172.323
0.0012615544 168.325
0.0012617544 172.723
0.0012619544 172.723
0.0012621544 169.924
0.0012623544 171.523
0.0012625544 171.123
0.0012627544 169.124
0.0012629544 170.324
0.0012631544 170.724
0.0012633544 169.924
0.0012635544 170.724
0.0012637544 170.724
0.0012639544 169.924
0.0012641544 171.123
0.0012643544 169.524
0.0012645544 170.724
0.0012647544 171.923
0.0012649544 172.723
0.0012651544 168.325
0.0012653544 170.724
0.0012655544 171.123
0.0012657544 169.924
0.0012659544 169.124
0.0012661544 168.325
0.0012663544 170.724
0.0012665544 166.325
0.0012667544 169.924
0.0012669544 170.324
0.0012671544 171.923
0.0012673544 167.125
0.0012675544 169.124
0.0012677544 171.123
0.0012679544 171.123
0.0012681544 167.925
0.0012683544 170.324
0.0012685544 167.125
0.0012687544 171.123
0.0012689544 170.324
0.0012691544 169.124
0.0012693544 170.324
0.0012695544 169.524
0.0012697544 170.724
0.0012699544 169.924
0.0012701544 168.724
0.0012703544 167.925
0.0012705544 169.124
0.0012707544 169.924
0.0012709544 170.324
0.0012711544 168.724
0.0012713544 167.525
0.0012715544 168.724
0.0012717544 167.125
0.0012719544 167.125
0.0012721544 167.525
0.0012723544 168.724
0.0012725544 167.925
0.0012727544 169.124
0.0012729544 168.325
0.0012731544 168.724
0.0012733544 168.325
0.0012735544 165.926
0.0012737544 167.125
0.0012739544 169.924
0.0012741544 167.525
0.0012743544 165.926
0.0012745544 166.725
0.0012747544 167.125
0.0012749544 167.125
0.0012751544 168.724
0.0012753544 166.725
0.0012755544 168.325
0.0012757544 169.924
0.0012759544 167.925
0.0012761544 166.725
0.0012763544 167.525
0.0012765544 168.325
0.0012767544 168.325
0.0012769544 169.124
0.0012771544 167.925
0.0012773544 167.525
0.0012775544 166.325
0.0012777544 165.526
0.0012779544 165.526
0.0012781544 165.926
0.0012783544 167.525
0.0012785544 166.325
0.0012787544 167.125
0.0012789544 166.325
0.0012791544 167.925
0.0012793544 166.725
0.0012795544 165.526
0.0012797544 167.125
0.0012799544 166.325
0.0012801544 167.125
0.0012803544 165.926
0.0012805544 167.925
0.0012807544 167.525
0.0012809544 166.725
0.0012811544 165.126
0.0012813544 167.925
0.0012815544 164.326
0.0012817544 165.526
0.0012819544 167.525
0.0012821544 169.124
0.0012823544 166.725
0.0012825544 167.525
0.0012827544 165.126
0.0012829544 169.524
0.0012831544 167.525
0.0012833544 165.526
0.0012835544 167.125
0.0012837544 166.325
0.0012839544 168.724
0.0012841544 166.325
0.0012843544 166.725
0.0012845544 166.725
0.0012847544 168.724
0.0012849544 167.125
0.0012851544 165.926
0.0012853544 166.325
0.0012855544 163.527
0.0012857544 167.925
0.0012859544 161.927
0.0012861544 164.326
0.0012863544 164.726
0.0012865544 165.926
0.0012867544 166.325
0.0012869544 165.526
0.0012871544 165.126
0.0012873544 164.726
0.0012875544 163.927
0.0012877544 167.925
0.0012879544 166.325
0.0012881544 165.926
0.0012883544 165.126
0.0012885544 165.926
0.0012887544 166.325
0.0012889544 165.126
0.0012891544 161.927
0.0012893544 165.526
0.0012895544 162.727
0.0012897544 165.126
0.0012899544 166.725
0.0012901544 166.325
0.0012903544 167.925
0.0012905544 164.726
0.0012907544 165.126
0.0012909544 163.527
0.0012911544 165.126
0.0012913544 165.126
0.0012915544 165.526
0.0012917544 166.325
0.0012919544 164.326
0.0012921544 165.126
0.0012923544 163.527
0.0012925544 166.725
0.0012927544 165.526
0.0012929544 166.725
0.0012931544 164.326
0.0012933544 164.726
0.0012935544 162.327
0.0012937544 164.326
0.0012939544 163.527
0.0012941544 165.126
0.0012943544 167.525
0.0012945544 168.724
0.0012947544 165.126
0.0012949544 163.527
0.0012951544 164.726
0.0012953544 163.927
0.0012955544 162.727
0.0012957544 162.727
0.0012959544 162.327
0.0012961544 163.527
0.0012963544 162.727
0.0012965544 165.526
0.0012967544 161.528
0.0012969544 164.326
0.0012971544 163.927
0.0012973544 163.527
0.0012975544 160.328
0.0012977544 165.126
0.0012979544 159.928
0.0012981544 158.729
0.0012983544 165.926
0.0012985544 164.726
0.0012987544 162.327
0.0012989544 163.127
0.0012991544 162.727
0.0012993544 164.326
0.0012995544 160.728
0.0012997544 164.326
0.0012999544 160.328
0.0013001544 161.528
0.0013003544 162.727
0.0013005544 164.326
0.0013007544 163.527
0.0013009544 163.127
0.0013011544 163.527
0.0013013544 161.128
0.0013015544 162.327
0.0013017544 163.927
0.0013019544 161.927
0.0013021544 160.728
0.0013023544 161.927
0.0013025544 162.727
0.0013027544 161.927
0.0013029544 163.127
0.0013031544 163.527
0.0013033544 161.927
0.0013035544 163.127
0.0013037544 160.328
0.0013039544 162.327
0.0013041544 164.726
0.0013043544 159.928
0.0013045544 160.328
0.0013047544 160.328
0.0013049544 160.728
0.0013051544 161.927
0.0013053544 162.327
0.0013055544 161.927
0.0013057544 160.328
0.0013059544 161.528
0.0013061544 158.729
0.0013063544 159.129
0.0013065544 160.728
0.0013067544 159.928
0.0013069544 158.329
0.0013071544 160.728
0.0013073544 159.928
0.0013075544 160.328
0.0013077544 161.128
0.0013079544 158.729
0.0013081544 158.729
0.0013083544 161.927
0.0013085544 160.728
0.0013087544 161.528
0.0013089544 160.328
0.0013091544 160.328
0.0013093544 159.129
0.0013095544 159.129
0.0013097544 161.128
0.0013099544 159.928
0.0013101544 159.129
0.0013103544 159.129
0.0013105544 161.128
0.0013107544 161.528
0.0013109544 158.729
0.0013111544 161.128
0.0013113544 159.928
0.0013115544 159.129
0.0013117544 158.329
0.0013119544 159.129
0.0013121544 159.129
0.0013123544 159.129
0.0013125544 160.728
0.0013127544 159.928
0.0013129544 158.729
0.0013131544 159.928
0.0013133544 159.928
0.0013135544 159.928
0.0013137544 161.128
0.0013139544 159.529
0.0013141544 159.928
0.0013143544 159.529
0.0013145544 159.529
0.0013147544 161.528
0.0013149544 159.529
0.0013151544 158.329
0.0013153544 159.129
0.0013155544 158.729
0.0013157544 157.529
0.0013159544 158.329
0.0013161544 159.529
0.0013163544 159.928
0.0013165544 157.13
0.0013167544 161.128
0.0013169544 159.129
0.0013171544 157.529
0.0013173544 156.73
0.0013175544 155.53
0.0013177544 160.728
0.0013179544 158.729
0.0013181544 159.928
0.0013183544 159.129
0.0013185544 156.73
0.0013187544 157.529
0.0013189544 159.928
0.0013191544 159.529
0.0013193544 159.129
0.0013195544 154.731
0.0013197544 157.929
0.0013199544 157.529
0.0013201544 158.329
0.0013203544 159.529
0.0013205544 158.729
0.0013207544 157.929
0.0013209544 156.73
0.0013211544 156.73
0.0013213544 159.529
0.0013215544 157.13
0.0013217544 156.73
0.0013219544 157.929
0.0013221544 157.929
0.0013223544 156.73
0.0013225544 157.529
0.0013227544 155.53
0.0013229544 155.53
0.0013231544 156.73
0.0013233544 158.329
0.0013235544 159.129
0.0013237544 158.329
0.0013239544 153.931
0.0013241544 156.73
0.0013243544 159.529
0.0013245544 159.129
0.0013247544 156.33
0.0013249544 157.13
0.0013251544 156.73
0.0013253544 156.33
0.0013255544 159.529
0.0013257544 157.13
0.0013259544 157.13
0.0013261544 154.331
0.0013263544 156.33
0.0013265544 158.729
0.0013267544 160.728
0.0013269544 158.729
0.0013271544 157.929
0.0013273544 155.53
0.0013275544 158.329
0.0013277544 155.53
0.0013279544 157.529
0.0013281544 157.529
0.0013283544 155.131
0.0013285544 157.13
0.0013287544 157.929
0.0013289544 155.93
0.0013291544 158.329
0.0013293544 157.13
0.0013295544 153.931
0.0013297544 154.331
0.0013299544 155.93
0.0013301544 158.329
0.0013303544 154.331
0.0013305544 156.33
0.0013307544 155.93
0.0013309544 154.331
0.0013311544 155.93
0.0013313544 158.729
0.0013315544 156.73
0.0013317544 157.13
0.0013319544 157.929
0.0013321544 154.731
0.0013323544 154.731
0.0013325544 156.73
0.0013327544 156.73
0.0013329544 155.53
0.0013331544 154.731
0.0013333544 155.131
0.0013335544 157.529
0.0013337544 152.732
0.0013339544 156.33
0.0013341544 155.131
0.0013343544 154.731
0.0013345544 156.33
0.0013347544 155.131
0.0013349544 154.731
0.0013351544 156.73
0.0013353544 155.53
0.0013355544 152.732
0.0013357544 156.33
0.0013359544 152.732
0.0013361544 156.73
0.0013363544 155.53
0.0013365544 152.732
0.0013367544 155.93
0.0013369544 152.732
0.0013371544 155.131
0.0013373544 153.131
0.0013375544 154.731
0.0013377544 154.331
0.0013379544 154.331
0.0013381544 157.929
0.0013383544 154.731
0.0013385544 156.73
0.0013387544 156.33
0.0013389544 156.73
0.0013391544 153.931
0.0013393544 151.532
0.0013395544 154.731
0.0013397544 153.131
0.0013399544 154.731
0.0013401544 154.331
0.0013403544 153.931
0.0013405544 153.131
0.0013407544 154.331
0.0013409544 153.531
0.0013411544 155.93
0.0013413544 155.131
0.0013415544 155.93
0.0013417544 153.131
0.0013419544 153.531
0.0013421544 155.93
0.0013423544 153.931
0.0013425544 153.131
0.0013427544 151.532
0.0013429544 151.932
0.0013431544 151.932
0.0013433544 152.732
0.0013435544 152.332
0.0013437544 153.931
0.0013439544 153.931
0.0013441544 154.331
0.0013443544 153.931
0.0013445544 150.333
0.0013447544 153.531
0.0013449544 150.732
0.0013451544 155.53
0.0013453544 155.131
0.0013455544 150.333
0.0013457544 151.932
0.0013459544 150.732
0.0013461544 151.532
0.0013463544 157.529
0.0013465544 153.531
0.0013467544 153.531
0.0013469544 152.732
0.0013471544 152.332
0.0013473544 152.732
0.0013475544 150.732
0.0013477544 150.333
0.0013479544 152.332
0.0013481544 150.333
0.0013483544 152.732
0.0013485544 149.533
0.0013487544 152.332
0.0013489544 151.132
0.0013491544 150.732
0.0013493544 151.132
0.0013495544 153.131
0.0013497544 151.532
0.0013499544 151.132
0.0013501544 153.531
0.0013503544 149.933
0.0013505544 153.131
0.0013507544 149.933
0.0013509544 151.932
0.0013511544 149.533
0.0013513544 152.332
0.0013515544 150.732
0.0013517544 151.132
0.0013519544 149.533
0.0013521544 151.532
0.0013523544 151.532
0.0013525544 149.133
0.0013527544 150.333
0.0013529544 151.932
0.0013531544 152.332
0.0013533544 150.333
0.0013535544 151.532
0.0013537544 151.932
0.0013539544 151.532
0.0013541544 150.333
0.0013543544 151.132
0.0013545544 150.732
0.0013547544 149.933
0.0013549544 149.933
0.0013551544 149.533
0.0013553544 149.533
0.0013555544 147.534
0.0013557544 150.732
0.0013559544 150.732
0.0013561544 150.333
0.0013563544 149.933
0.0013565544 153.131
0.0013567544 148.334
0.0013569544 147.934
0.0013571544 152.732
0.0013573544 151.132
0.0013575544 148.334
0.0013577544 146.334
0.0013579544 149.133
0.0013581544 149.533
0.0013583544 147.534
0.0013585544 145.535
0.0013587544 147.534
0.0013589544 149.533
0.0013591544 149.133
0.0013593544 151.532
0.0013595544 149.133
0.0013597544 149.933
0.0013599544 147.934
0.0013601544 147.134
0.0013603544 148.334
0.0013605544 149.933
0.0013607544 146.734
0.0013609544 147.934
0.0013611544 147.534
0.0013613544 150.732
0.0013615544 149.533
0.0013617544 149.133
0.0013619544 147.934
0.0013621544 148.733
0.0013623544 147.934
0.0013625544 149.533
0.0013627544 149.933
0.0013629544 150.732
0.0013631544 149.133
0.0013633544 147.534
0.0013635544 147.534
0.0013637544 150.732
0.0013639544 148.334
0.0013641544 150.333
0.0013643544 145.135
0.0013645544 148.334
0.0013647544 147.934
0.0013649544 151.132
0.0013651544 149.533
0.0013653544 148.334
0.0013655544 147.534
0.0013657544 147.534
0.0013659544 146.734
0.0013661544 147.534
0.0013663544 148.334
0.0013665544 146.334
0.0013667544 146.734
0.0013669544 147.934
0.0013671544 147.934
0.0013673544 147.934
0.0013675544 148.334
0.0013677544 147.134
0.0013679544 146.334
0.0013681544 147.534
0.0013683544 147.534
0.0013685544 145.535
0.0013687544 148.334
0.0013689544 148.334
0.0013691544 147.534
0.0013693544 146.734
0.0013695544 148.334
0.0013697544 147.534
0.0013699544 147.134
0.0013701544 149.133
0.0013703544 146.734
0.0013705544 148.334
0.0013707544 145.935
0.0013709544 146.734
0.0013711544 147.534
0.0013713544 146.334
0.0013715544 148.334
0.0013717544 146.734
0.0013719544 144.735
0.0013721544 146.734
0.0013723544 148.334
0.0013725544 146.334
0.0013727544 144.735
0.0013729544 147.134
0.0013731544 145.935
0.0013733544 148.334
0.0013735544 148.334
0.0013737544 147.534
0.0013739544 145.935
0.0013741544 145.935
0.0013743544 144.735
0.0013745544 143.936
0.0013747544 147.934
0.0013749544 146.334
0.0013751544 144.335
0.0013753544 147.534
0.0013755544 147.134
0.0013757544 145.935
0.0013759544 144.335
0.0013761544 142.336
0.0013763544 145.935
0.0013765544 143.536
0.0013767544 143.136
0.0013769544 144.735
0.0013771544 147.534
0.0013773544 145.135
0.0013775544 145.535
0.0013777544 145.935
0.0013779544 143.936
0.0013781544 144.335
0.0013783544 144.735
0.0013785544 143.936
0.0013787544 145.135
0.0013789544 144.335
0.0013791544 143.936
0.0013793544 147.134
0.0013795544 146.334
0.0013797544 144.335
0.0013799544 144.335
0.0013801544 144.735
0.0013803544 145.535
0.0013805544 146.334
0.0013807544 146.334
0.0013809544 143.136
0.0013811544 147.934
0.0013813544 145.135
0.0013815544 145.535
0.0013817544 144.735
0.0013819544 143.936
0.0013821544 144.335
0.0013823544 145.935
0.0013825544 142.736
0.0013827544 142.336
0.0013829544 145.535
0.0013831544 145.135
0.0013833544 144.735
0.0013835544 143.936
0.0013837544 145.135
0.0013839544 145.935
0.0013841544 144.335
0.0013843544 142.336
0.0013845544 147.134
0.0013847544 143.136
0.0013849544 143.136
0.0013851544 143.936
0.0013853544 143.936
0.0013855544 143.136
0.0013857544 144.735
0.0013859544 145.935
0.0013861544 143.936
0.0013863544 141.537
0.0013865544 139.937
0.0013867544 143.136
0.0013869544 143.136
0.0013871544 144.735
0.0013873544 142.336
0.0013875544 145.135
0.0013877544 143.136
0.0013879544 142.736
0.0013881544 140.737
0.0013883544 142.736
0.0013885544 143.536
0.0013887544 143.136
0.0013889544 142.336
0.0013891544 143.136
0.0013893544 141.936
0.0013895544 143.936
0.0013897544 144.735
0.0013899544 141.537
0.0013901544 141.537
0.0013903544 143.136
0.0013905544 143.536
0.0013907544 142.336
0.0013909544 143.136
0.0013911544 140.337
0.0013913544 141.537
0.0013915544 143.536
0.0013917544 142.736
0.0013919544 140.337
0.0013921544 145.135
0.0013923544 142.736
0.0013925544 142.336
0.0013927544 138.338
0.0013929544 140.737
0.0013931544 142.336
0.0013933544 141.936
0.0013935544 141.537
0.0013937544 140.737
0.0013939544 143.936
0.0013941544 140.737
0.0013943544 141.537
0.0013945544 140.737
0.0013947544 139.937
0.0013949544 140.737
0.0013951544 141.137
0.0013953544 142.336
0.0013955544 139.537
0.0013957544 140.737
0.0013959544 141.137
0.0013961544 139.138
0.0013963544 138.738
0.0013965544 139.937
0.0013967544 143.536
0.0013969544 143.136
0.0013971544 141.537
0.0013973544 137.938
0.0013975544 141.537
0.0013977544 141.137
0.0013979544 137.938
0.0013981544 141.537
0.0013983544 141.537
0.0013985544 141.537
0.0013987544 140.737
0.0013989544 138.338
0.0013991544 142.336
0.0013993544 138.738
0.0013995544 136.339
0.0013997544 137.538
0.0013999544 141.537
0.0014001544 141.936
0.0014003544 137.139
0.0014005544 140.337
0.0014007544 136.739
0.0014009544 140.737
0.0014011544 138.338
0.0014013544 140.337
0.0014015544 139.937
0.0014017544 137.538
0.0014019544 137.139
0.0014021544 141.936
0.0014023544 139.937
0.0014025544 140.337
0.0014027544 139.937
0.0014029544 141.537
0.0014031544 138.738
0.0014033544 138.338
0.0014035544 137.139
0.0014037544 137.938
0.0014039544 141.137
0.0014041544 137.938
0.0014043544 141.137
0.0014045544 137.938
0.0014047544 138.338
0.0014049544 143.536
0.0014051544 141.137
0.0014053544 139.937
0.0014055544 138.738
0.0014057544 141.137
0.0014059544 139.537
0.0014061544 139.537
0.0014063544 137.538
0.0014065544 139.138
0.0014067544 137.139
0.0014069544 140.337
0.0014071544 138.338
0.0014073544 137.938
0.0014075544 138.338
0.0014077544 138.738
0.0014079544 137.938
0.0014081544 137.938
0.0014083544 138.738
0.0014085544 139.937
0.0014087544 140.337
0.0014089544 136.739
0.0014091544 136.739
0.0014093544 137.938
0.0014095544 137.538
0.0014097544 135.939
0.0014099544 133.94
0.0014101544 137.139
0.0014103544 137.938
0.0014105544 135.139
0.0014107544 135.139
0.0014109544 137.538
0.0014111544 138.738
0.0014113544 139.537
0.0014115544 136.739
0.0014117544 140.737
0.0014119544 136.739
0.0014121544 140.737
0.0014123544 137.139
0.0014125544 135.939
0.0014127544 138.338
0.0014129544 136.739
0.0014131544 137.938
0.0014133544 137.538
0.0014135544 137.938
0.0014137544 137.538
0.0014139544 137.139
0.0014141544 136.339
0.0014143544 136.339
0.0014145544 135.139
0.0014147544 135.939
0.0014149544 137.139
0.0014151544 138.338
0.0014153544 138.338
0.0014155544 137.938
0.0014157544 137.538
0.0014159544 137.139
0.0014161544 135.539
0.0014163544 137.538
0.0014165544 136.739
0.0014167544 135.539
0.0014169544 137.538
0.0014171544 133.94
0.0014173544 134.34
0.0014175544 137.139
0.0014177544 137.538
0.0014179544 137.139
0.0014181544 138.738
0.0014183544 136.339
0.0014185544 136.339
0.0014187544 138.338
0.0014189544 137.938
0.0014191544 138.338
0.0014193544 134.34
0.0014195544 137.938
0.0014197544 136.739
0.0014199544 136.339
0.0014201544 135.939
0.0014203544 137.938
0.0014205544 137.538
0.0014207544 134.74
0.0014209544 136.739
0.0014211544 135.539
0.0014213544 135.939
0.0014215544 132.341
0.0014217544 132.741
0.0014219544 135.539
0.0014221544 134.74
0.0014223544 132.341
0.0014225544 136.739
0.0014227544 137.139
0.0014229544 136.739
0.0014231544 135.939
0.0014233544 135.539
0.0014235544 133.94
0.0014237544 133.94
0.0014239544 132.741
0.0014241544 135.539
0.0014243544 134.34
0.0014245544 134.34
0.0014247544 135.939
0.0014249544 132.741
0.0014251544 134.34
0.0014253544 136.339
0.0014255544 135.939
0.0014257544 132.341
0.0014259544 134.34
0.0014261544 134.34
0.0014263544 133.54
0.0014265544 133.14
0.0014267544 133.14
0.0014269544 136.339
0.0014271544 132.741
0.0014273544 133.14
0.0014275544 134.74
0.0014277544 132.341
0.0014279544 132.741
0.0014281544 133.14
0.0014283544 133.54
0.0014285544 131.941
0.0014287544 133.94
0.0014289544 131.541
0.0014291544 133.94
0.0014293544 131.941
0.0014295544 135.539
0.0014297544 133.14
0.0014299544 131.141
0.0014301544 133.14
0.0014303544 131.541
0.0014305544 131.141
0.0014307544 131.541
0.0014309544 131.541
0.0014311544 132.741
0.0014313544 134.74
0.0014315544 131.541
0.0014317544 129.542
0.0014319544 131.541
0.0014321544 132.341
0.0014323544 135.139
0.0014325544 132.741
0.0014327544 128.742
0.0014329544 131.941
0.0014331544 127.943
0.0014333544 129.542
0.0014335544 132.741
0.0014337544 132.341
0.0014339544 129.542
0.0014341544 134.74
0.0014343544 132.741
0.0014345544 130.741
0.0014347544 130.741
0.0014349544 130.342
0.0014351544 130.342
0.0014353544 129.942
0.0014355544 132.341
0.0014357544 130.741
0.0014359544 129.142
0.0014361544 130.342
0.0014363544 134.74
0.0014365544 133.54
0.0014367544 131.541
0.0014369544 130.342
0.0014371544 131.541
0.0014373544 132.341
0.0014375544 132.341
0.0014377544 130.342
0.0014379544 129.942
0.0014381544 133.54
0.0014383544 132.341
0.0014385544 133.94
0.0014387544 129.942
0.0014389544 129.142
0.0014391544 129.942
0.0014393544 130.741
0.0014395544 128.742
0.0014397544 130.342
0.0014399544 129.542
0.0014401544 128.343
0.0014403544 128.742
0.0014405544 131.541
0.0014407544 131.541
0.0014409544 129.942
0.0014411544 127.543
0.0014413544 129.142
0.0014415544 127.943
0.0014417544 130.741
0.0014419544 130.342
0.0014421544 128.343
0.0014423544 129.142
0.0014425544 128.343
0.0014427544 129.542
0.0014429544 128.343
0.0014431544 127.943
0.0014433544 127.543
0.0014435544 129.942
0.0014437544 129.142
0.0014439544 127.543
0.0014441544 127.143
0.0014443544 127.143
0.0014445544 130.741
0.0014447544 128.343
0.0014449544 130.342
0.0014451544 129.142
0.0014453544 129.542
0.0014455544 127.543
0.0014457544 128.343
0.0014459544 127.543
0.0014461544 129.542
0.0014463544 129.142
0.0014465544 124.744
0.0014467544 127.943
0.0014469544 129.542
0.0014471544 129.142
0.0014473544 128.742
0.0014475544 128.343
0.0014477544 128.343
0.0014479544 127.143
0.0014481544 126.343
0.0014483544 127.943
0.0014485544 128.343
0.0014487544 126.343
0.0014489544 128.343
0.0014491544 127.543
0.0014493544 127.943
0.0014495544 127.143
0.0014497544 128.343
0.0014499544 127.543
0.0014501544 125.944
0.0014503544 128.343
0.0014505544 126.743
0.0014507544 128.742
0.0014509544 126.743
0.0014511544 126.743
0.0014513544 127.143
0.0014515544 128.742
0.0014517544 127.143
0.0014519544 126.743
0.0014521544 125.944
0.0014523544 125.944
0.0014525544 127.943
0.0014527544 125.144
0.0014529544 127.143
0.0014531544 127.143
0.0014533544 127.143
0.0014535544 127.543
0.0014537544 125.544
0.0014539544 128.343
0.0014541544 125.944
0.0014543544 127.943
0.0014545544 124.744
0.0014547544 125.544
0.0014549544 125.944
0.0014551544 123.944
0.0014553544 127.143
0.0014555544 124.744
0.0014557544 126.743
0.0014559544 126.343
0.0014561544 127.143
0.0014563544 126.743
0.0014565544 127.543
0.0014567544 127.543
0.0014569544 129.142
0.0014571544 125.944
0.0014573544 125.544
0.0014575544 126.743
0.0014577544 126.743
0.0014579544 126.343
0.0014581544 125.944
0.0014583544 126.743
0.0014585544 125.144
0.0014587544 126.343
0.0014589544 123.944
0.0014591544 125.544
0.0014593544 126.743
0.0014595544 124.744
0.0014597544 126.743
0.0014599544 126.743
0.0014601544 125.544
0.0014603544 127.143
0.0014605544 125.144
0.0014607544 125.544
0.0014609544 127.543
0.0014611544 125.944
0.0014613544 124.744
0.0014615544 124.744
0.0014617544 127.143
0.0014619544 125.544
0.0014621544 127.143
0.0014623544 124.744
0.0014625544 125.544
0.0014627544 123.545
0.0014629544 124.744
0.0014631544 119.546
0.0014633544 122.345
0.0014635544 124.344
0.0014637544 124.744
0.0014639544 125.544
0.0014641544 126.343
0.0014643544 123.944
0.0014645544 122.345
0.0014647544 123.545
0.0014649544 123.145
0.0014651544 127.143
0.0014653544 125.944
0.0014655544 123.545
0.0014657544 125.944
0.0014659544 124.344
0.0014661544 123.545
0.0014663544 123.944
0.0014665544 121.945
0.0014667544 124.344
0.0014669544 123.944
0.0014671544 126.343
0.0014673544 123.944
0.0014675544 122.345
0.0014677544 126.743
0.0014679544 123.944
0.0014681544 125.144
0.0014683544 122.745
0.0014685544 123.944
0.0014687544 125.944
0.0014689544 124.344
0.0014691544 125.144
0.0014693544 125.544
0.0014695544 124.344
0.0014697544 123.944
0.0014699544 123.944
0.0014701544 125.144
0.0014703544 125.144
0.0014705544 123.145
0.0014707544 123.145
0.0014709544 123.145
0.0014711544 124.744
0.0014713544 122.745
0.0014715544 122.345
0.0014717544 124.344
0.0014719544 122.745
0.0014721544 127.543
0.0014723544 124.344
0.0014725544 122.345
0.0014727544 125.144
0.0014729544 122.745
0.0014731544 119.546
0.0014733544 122.745
0.0014735544 123.145
0.0014737544 123.545
0.0014739544 122.345
0.0014741544 125.144
0.0014743544 122.745
0.0014745544 122.345
0.0014747544 122.345
0.0014749544 125.144
0.0014751544 124.744
0.0014753544 122.345
0.0014755544 124.344
0.0014757544 122.345
0.0014759544 122.745
0.0014761544 123.545
0.0014763544 122.345
0.0014765544 122.345
0.0014767544 122.745
0.0014769544 121.146
0.0014771544 121.546
0.0014773544 122.345
0.0014775544 123.545
0.0014777544 122.745
0.0014779544 122.345
0.0014781544 125.144
0.0014783544 120.346
0.0014785544 123.545
0.0014787544 123.145
0.0014789544 122.745
0.0014791544 125.144
0.0014793544 125.944
0.0014795544 123.545
0.0014797544 123.944
0.0014799544 122.745
0.0014801544 122.345
0.0014803544 122.745
0.0014805544 119.946
0.0014807544 123.944
0.0014809544 121.546
0.0014811544 123.944
0.0014813544 120.746
0.0014815544 120.746
0.0014817544 122.745
0.0014819544 122.745
0.0014821544 122.345
0.0014823544 121.945
0.0014825544 122.745
0.0014827544 121.546
0.0014829544 123.545
0.0014831544 121.546
0.0014833544 120.746
0.0014835544 117.947
0.0014837544 121.546
0.0014839544 119.946
0.0014841544 122.345
0.0014843544 122.345
0.0014845544 122.345
0.0014847544 120.346
0.0014849544 117.947
0.0014851544 121.146
0.0014853544 120.746
0.0014855544 121.146
0.0014857544 119.546
0.0014859544 121.146
0.0014861544 122.345
0.0014863544 121.945
0.0014865544 119.946
0.0014867544 120.746
0.0014869544 122.345
0.0014871544 119.546
0.0014873544 119.946
0.0014875544 119.546
0.0014877544 121.146
0.0014879544 121.546
0.0014881544 120.346
0.0014883544 117.947
0.0014885544 121.146
0.0014887544 120.746
0.0014889544 121.146
0.0014891544 120.746
0.0014893544 119.546
0.0014895544 119.946
0.0014897544 119.546
0.0014899544 119.946
0.0014901544 119.147
0.0014903544 119.946
0.0014905544 121.945
0.0014907544 119.546
0.0014909544 119.147
0.0014911544 119.546
0.0014913544 120.746
0.0014915544 119.946
0.0014917544 116.348
0.0014919544 118.747
0.0014921544 118.347
0.0014923544 117.947
0.0014925544 117.947
0.0014927544 118.347
0.0014929544 119.147
0.0014931544 117.547
0.0014933544 119.946
0.0014935544 117.547
0.0014937544 119.946
0.0014939544 118.747
0.0014941544 119.946
0.0014943544 117.148
0.0014945544 117.547
0.0014947544 116.748
0.0014949544 117.148
0.0014951544 119.946
0.0014953544 118.747
0.0014955544 120.346
0.0014957544 117.148
0.0014959544 119.147
0.0014961544 117.947
0.0014963544 119.147
0.0014965544 117.148
0.0014967544 119.147
0.0014969544 115.548
0.0014971544 116.348
0.0014973544 119.147
0.0014975544 118.347
0.0014977544 118.347
0.0014979544 117.947
0.0014981544 118.347
0.0014983544 117.947
0.0014985544 117.547
0.0014987544 117.547
0.0014989544 116.748
0.0014991544 118.747
0.0014993544 116.748
0.0014995544 119.147
0.0014997544 117.947
0.0014999544 118.347
0.0015001544 118.347
0.0015003544 117.148
0.0015005544 116.348
0.0015007544 115.548
0.0015009544 117.547
0.0015011544 115.148
0.0015013544 116.748
0.0015015544 115.148
0.0015017544 114.349
0.0015019544 115.948
0.0015021544 117.148
0.0015023544 117.547
0.0015025544 113.949
0.0015027544 116.748
0.0015029544 116.748
0.0015031544 117.947
0.0015033544 118.347
0.0015035544 117.148
0.0015037544 115.148
0.0015039544 115.148
0.0015041544 117.148
0.0015043544 113.149
0.0015045544 115.148
0.0015047544 115.148
0.0015049544 117.148
0.0015051544 115.948
0.0015053544 112.749
0.0015055544 115.148
0.0015057544 116.748
0.0015059544 114.349
0.0015061544 115.948
0.0015063544 114.749
0.0015065544 115.548
0.0015067544 115.148
0.0015069544 116.748
0.0015071544 112.35
0.0015073544 115.948
0.0015075544 116.348
0.0015077544 114.349
0.0015079544 112.749
0.0015081544 115.148
0.0015083544 114.349
0.0015085544 115.148
0.0015087544 114.349
0.0015089544 115.148
0.0015091544 117.947
0.0015093544 115.548
0.0015095544 113.549
0.0015097544 114.349
0.0015099544 114.749
0.0015101544 113.949
0.0015103544 116.348
0.0015105544 115.148
0.0015107544 116.748
0.0015109544 113.149
0.0015111544 115.948
0.0015113544 113.149
0.0015115544 113.149
0.0015117544 115.148
0.0015119544 114.749
0.0015121544 115.548
0.0015123544 115.148
0.0015125544 113.949
0.0015127544 113.949
0.0015129544 113.949
0.0015131544 115.948
0.0015133544 112.749
0.0015135544 111.15
0.0015137544 113.949
0.0015139544 111.55
0.0015141544 115.148
0.0015143544 112.749
0.0015145544 114.749
0.0015147544 111.95
0.0015149544 114.749
0.0015151544 111.55
0.0015153544 114.749
0.0015155544 114.749
0.0015157544 111.15
0.0015159544 112.35
0.0015161544 113.549
0.0015163544 113.149
0.0015165544 112.749
0.0015167544 113.149
0.0015169544 113.949
0.0015171544 111.55
0.0015173544 112.35
0.0015175544 111.15
0.0015177544 113.549
0.0015179544 112.749
0.0015181544 112.749
0.0015183544 112.749
0.0015185544 110.351
0.0015187544 113.549
0.0015189544 112.35
0.0015191544 110.75
0.0015193544 112.749
0.0015195544 112.35
0.0015197544 111.95
0.0015199544 112.35
0.0015201544 110.351
0.0015203544 111.55
0.0015205544 110.351
0.0015207544 113.149
0.0015209544 111.55
0.0015211544 113.149
0.0015213544 111.15
0.0015215544 107.152
0.0015217544 114.349
0.0015219544 110.351
0.0015221544 109.951
0.0015223544 112.749
0.0015225544 112.35
0.0015227544 110.351
0.0015229544 111.95
0.0015231544 111.55
0.0015233544 110.75
0.0015235544 112.35
0.0015237544 111.95
0.0015239544 111.15
0.0015241544 111.55
0.0015243544 111.55
0.0015245544 111.95
0.0015247544 111.55
0.0015249544 111.95
0.0015251544 111.15
0.0015253544 108.751
0.0015255544 111.15
0.0015257544 111.55
0.0015259544 110.75
0.0015261544 111.15
0.0015263544 111.95
0.0015265544 111.95
0.0015267544 109.951
0.0015269544 107.952
0.0015271544 111.55
0.0015273544 108.751
0.0015275544 113.149
0.0015277544 107.152
0.0015279544 109.951
0.0015281544 110.75
0.0015283544 110.351
0.0015285544 108.751
0.0015287544 110.351
0.0015289544 107.552
0.0015291544 109.951
0.0015293544 109.151
0.0015295544 107.552
0.0015297544 106.752
0.0015299544 111.15
0.0015301544 111.55
0.0015303544 109.151
0.0015305544 106.352
0.0015307544 107.952
0.0015309544 108.351
0.0015311544 108.351
0.0015313544 108.751
0.0015315544 109.951
0.0015317544 107.152
0.0015319544 109.951
0.0015321544 109.551
0.0015323544 105.553
0.0015325544 110.351
0.0015327544 107.152
0.0015329544 108.751
0.0015331544 110.351
0.0015333544 108.751
0.0015335544 109.951
0.0015337544 107.952
0.0015339544 107.952
0.0015341544 109.951
0.0015343544 108.351
0.0015345544 104.753
0.0015347544 107.952
0.0015349544 109.951
0.0015351544 112.35
0.0015353544 104.753
0.0015355544 106.752
0.0015357544 106.352
0.0015359544 104.753
0.0015361544 107.552
0.0015363544 106.752
0.0015365544 104.753
0.0015367544 108.351
0.0015369544 109.951
0.0015371544 105.153
0.0015373544 105.953
0.0015375544 106.752
0.0015377544 111.15
0.0015379544 106.752
0.0015381544 106.752
0.0015383544 106.752
0.0015385544 107.552
0.0015387544 107.952
0.0015389544 104.353
0.0015391544 107.952
0.0015393544 109.151
0.0015395544 107.152
0.0015397544 106.352
0.0015399544 108.351
0.0015401544 108.751
0.0015403544 104.353
0.0015405544 106.752
0.0015407544 105.953
0.0015409544 107.552
0.0015411544 107.152
0.0015413544 107.152
0.0015415544 108.751
0.0015417544 106.352
0.0015419544 106.752
0.0015421544 106.352
0.0015423544 108.351
0.0015425544 106.352
0.0015427544 106.752
0.0015429544 106.752
0.0015431544 107.552
0.0015433544 106.752
0.0015435544 106.352
0.0015437544 105.953
0.0015439544 107.952
0.0015441544 106.752
0.0015443544 106.352
0.0015445544 104.353
0.0015447544 104.353
0.0015449544 105.553
0.0015451544 107.552
0.0015453544 104.353
0.0015455544 103.953
0.0015457544 104.753
0.0015459544 106.352
0.0015461544 103.953
0.0015463544 105.553
0.0015465544 107.952
0.0015467544 105.953
0.0015469544 104.353
0.0015471544 106.352
0.0015473544 106.352
0.0015475544 105.553
0.0015477544 106.752
0.0015479544 106.352
0.0015481544 108.351
0.0015483544 105.153
0.0015485544 106.752
0.0015487544 104.753
0.0015489544 107.952
0.0015491544 107.552
0.0015493544 102.754
0.0015495544 106.352
0.0015497544 106.352
0.0015499544 103.953
0.0015501544 109.551
0.0015503544 103.554
0.0015505544 104.353
0.0015507544 105.153
0.0015509544 106.752
0.0015511544 107.152
0.0015513544 102.754
0.0015515544 103.953
0.0015517544 105.953
0.0015519544 107.952
0.0015521544 105.153
0.0015523544 107.152
0.0015525544 107.552
0.0015527544 107.552
0.0015529544 104.753
0.0015531544 104.753
0.0015533544 105.953
0.0015535544 104.753
0.0015537544 106.352
0.0015539544 107.152
0.0015541544 104.353
0.0015543544 104.753
0.0015545544 105.153
0.0015547544 106.352
0.0015549544 104.753
0.0015551544 105.153
0.0015553544 104.353
0.0015555544 103.953
0.0015557544 104.753
0.0015559544 103.154
0.0015561544 103.953
0.0015563544 104.753
0.0015565544 105.153
0.0015567544 103.554
0.0015569544 106.352
0.0015571544 105.953
0.0015573544 105.153
0.0015575544 103.554
0.0015577544 106.352
0.0015579544 104.753
0.0015581544 104.353
0.0015583544 105.953
0.0015585544 103.554
0.0015587544 104.353
0.0015589544 103.554
0.0015591544 102.754
0.0015593544 104.353
0.0015595544 103.953
0.0015597544 103.154
0.0015599544 105.153
0.0015601544 105.553
0.0015603544 103.154
0.0015605544 103.953
0.0015607544 105.153
0.0015609544 103.953
0.0015611544 103.154
0.0015613544 103.554
0.0015615544 103.554
0.0015617544 99.9552
0.0015619544 102.354
0.0015621544 103.953
0.0015623544 102.354
0.0015625544 101.954
0.0015627544 103.953
0.0015629544 103.554
0.0015631544 103.154
0.0015633544 101.155
0.0015635544 101.555
0.0015637544 103.554
0.0015639544 102.754
0.0015641544 103.953
0.0015643544 107.152
0.0015645544 101.954
0.0015647544 102.754
0.0015649544 103.154
0.0015651544 102.354
0.0015653544 104.753
0.0015655544 101.954
0.0015657544 103.953
0.0015659544 101.954
0.0015661544 103.154
0.0015663544 101.155
0.0015665544 100.355
0.0015667544 103.154
0.0015669544 101.555
0.0015671544 101.155
0.0015673544 100.755
0.0015675544 103.554
0.0015677544 100.755
0.0015679544 101.954
0.0015681544 101.555
0.0015683544 104.353
0.0015685544 101.954
0.0015687544 99.5554
0.0015689544 103.554
0.0015691544 101.954
0.0015693544 101.954
0.0015695544 102.354
0.0015697544 99.9552
0.0015699544 100.755
0.0015701544 100.755
0.0015703544 99.5554
0.0015705544 103.554
0.0015707544 101.155
0.0015709544 101.954
0.0015711544 103.953
0.0015713544 97.9561
0.0015715544 100.355
0.0015717544 98.3559
0.0015719544 101.155
0.0015721544 100.355
0.0015723544 99.5554
0.0015725544 102.754
0.0015727544 99.1556
0.0015729544 99.5554
0.0015731544 99.5554
0.0015733544 97.5563
0.0015735544 99.1556
0.0015737544 100.755
0.0015739544 101.155
0.0015741544 99.1556
0.0015743544 99.9552
0.0015745544 98.3559
0.0015747544 101.155
0.0015749544 97.9561
0.0015751544 98.7558
0.0015753544 100.755
0.0015755544 97.5563
0.0015757544 97.1565
0.0015759544 99.5554
0.0015761544 97.1565
0.0015763544 99.1556
0.0015765544 99.1556
0.0015767544 98.7558
0.0015769544 96.7567
0.0015771544 97.9561
0.0015773544 99.9552
0.0015775544 97.9561
0.0015777544 97.5563
0.0015779544 99.1556
0.0015781544 99.5554
0.0015783544 99.1556
0.0015785544 97.9561
0.0015787544 99.5554
0.0015789544 101.155
0.0015791544 96.7567
0.0015793544 96.7567
0.0015795544 95.5572
0.0015797544 99.5554
0.0015799544 99.1556
0.0015801544 99.5554
0.0015803544 97.1565
0.0015805544 99.1556
0.0015807544 97.9561
0.0015809544 96.3568
0.0015811544 99.1556
0.0015813544 97.5563
0.0015815544 98.3559
0.0015817544 96.3568
0.0015819544 96.7567
0.0015821544 98.3559
0.0015823544 97.5563
0.0015825544 99.5554
0.0015827544 97.9561
0.0015829544 94.7575
0.0015831544 97.5563
0.0015833544 97.5563
0.0015835544 98.7558
0.0015837544 97.1565
0.0015839544 97.1565
0.0015841544 97.1565
0.0015843544 94.7575
0.0015845544 98.3559
0.0015847544 97.9561
0.0015849544 97.1565
0.0015851544 97.1565
0.0015853544 95.1574
0.0015855544 95.957
0.0015857544 96.7567
0.0015859544 96.3568
0.0015861544 99.9552
0.0015863544 97.9561
0.0015865544 97.5563
0.0015867544 95.957
0.0015869544 96.3568
0.0015871544 95.5572
0.0015873544 96.7567
0.0015875544 97.5563
0.0015877544 99.9552
0.0015879544 96.7567
0.0015881544 96.3568
0.0015883544 96.3568
0.0015885544 94.7575
0.0015887544 96.7567
0.0015889544 97.5563
0.0015891544 97.1565
0.0015893544 95.957
0.0015895544 97.1565
0.0015897544 94.7575
0.0015899544 93.5581
0.0015901544 93.9579
0.0015903544 96.3568
0.0015905544 93.5581
0.0015907544 93.9579
0.0015909544 95.1574
0.0015911544 96.3568
0.0015913544 96.7567
0.0015915544 96.7567
0.0015917544 95.5572
0.0015919544 93.9579
0.0015921544 94.3577
0.0015923544 94.7575
0.0015925544 97.1565
0.0015927544 94.7575
0.0015929544 93.5581
0.0015931544 90.3595
0.0015933544 94.7575
0.0015935544 94.7575
0.0015937544 94.3577
0.0015939544 93.5581
0.0015941544 92.7584
0.0015943544 95.1574
0.0015945544 91.9588
0.0015947544 94.7575
0.0015949544 93.1583
0.0015951544 92.7584
0.0015953544 95.1574
0.0015955544 94.3577
0.0015957544 92.3586
0.0015959544 93.9579
0.0015961544 93.5581
0.0015963544 94.3577
0.0015965544 95.5572
0.0015967544 90.7593
0.0015969544 91.9588
0.0015971544 93.5581
0.0015973544 90.7593
0.0015975544 94.3577
0.0015977544 93.9579
0.0015979544 93.9579
0.0015981544 93.5581
0.0015983544 93.1583
0.0015985544 93.1583
0.0015987544 94.7575
0.0015989544 95.957
0.0015991544 93.9579
0.0015993544 94.3577
0.0015995544 93.1583
0.0015997544 93.9579
0.0015999544 93.1583
0.0016001544 92.7584
0.0016003544 94.3577
0.0016005544 91.9588
0.0016007544 95.5572
0.0016009544 91.1592
0.0016011544 92.7584
0.0016013544 94.3577
0.0016015544 94.3577
0.0016017544 91.559
0.0016019544 93.9579
0.0016021544 89.5599
0.0016023544 93.9579
0.0016025544 91.559
0.0016027544 92.7584
0.0016029544 89.5599
0.0016031544 91.9588
0.0016033544 94.3577
0.0016035544 88.7602
0.0016037544 91.559
0.0016039544 88.7602
0.0016041544 92.3586
0.0016043544 91.9588
0.0016045544 93.5581
0.0016047544 92.7584
0.0016049544 91.559
0.0016051544 87.5608
0.0016053544 92.7584
0.0016055544 90.7593
0.0016057544 93.5581
0.0016059544 90.7593
0.0016061544 90.7593
0.0016063544 88.7602
0.0016065544 93.5581
0.0016067544 88.3604
0.0016069544 89.1601
0.0016071544 90.3595
0.0016073544 90.7593
0.0016075544 93.5581
0.0016077544 91.1592
0.0016079544 91.559
0.0016081544 90.7593
0.0016083544 91.559
0.0016085544 89.9597
0.0016087544 92.7584
0.0016089544 91.1592
0.0016091544 90.7593
0.0016093544 91.559
0.0016095544 92.3586
0.0016097544 91.559
0.0016099544 93.9579
0.0016101544 89.1601
0.0016103544 90.7593
0.0016105544 91.1592
0.0016107544 88.7602
0.0016109544 91.9588
0.0016111544 89.5599
0.0016113544 89.5599
0.0016115544 92.3586
0.0016117544 91.1592
0.0016119544 90.7593
0.0016121544 91.559
0.0016123544 89.1601
0.0016125544 88.7602
0.0016127544 89.9597
0.0016129544 90.7593
0.0016131544 90.7593
0.0016133544 89.9597
0.0016135544 90.7593
0.0016137544 88.7602
0.0016139544 87.161
0.0016141544 89.1601
0.0016143544 88.7602
0.0016145544 90.3595
0.0016147544 90.3595
0.0016149544 86.7611
0.0016151544 90.7593
0.0016153544 90.3595
0.0016155544 93.5581
0.0016157544 87.161
0.0016159544 87.9606
0.0016161544 89.9597
0.0016163544 88.7602
0.0016165544 90.7593
0.0016167544 89.1601
0.0016169544 88.3604
0.0016171544 87.5608
0.0016173544 86.7611
0.0016175544 91.1592
0.0016177544 87.9606
0.0016179544 93.1583
0.0016181544 87.9606
0.0016183544 88.7602
0.0016185544 89.1601
0.0016187544 90.7593
0.0016189544 92.7584
0.0016191544 87.9606
0.0016193544 89.5599
0.0016195544 89.1601
0.0016197544 90.3595
0.0016199544 87.161
0.0016201544 88.3604
0.0016203544 90.3595
0.0016205544 87.5608
0.0016207544 88.7602
0.0016209544 89.9597
0.0016211544 89.1601
0.0016213544 88.7602
0.0016215544 89.1601
0.0016217544 87.161
0.0016219544 87.9606
0.0016221544 85.9615
0.0016223544 88.3604
0.0016225544 88.7602
0.0016227544 87.161
0.0016229544 87.5608
0.0016231544 85.9615
0.0016233544 87.9606
0.0016235544 86.7611
0.0016237544 89.5599
0.0016239544 89.5599
0.0016241544 88.7602
0.0016243544 86.3613
0.0016245544 89.9597
0.0016247544 91.1592
0.0016249544 88.3604
0.0016251544 88.7602
0.0016253544 85.5617
0.0016255544 85.5617
0.0016257544 88.3604
0.0016259544 88.3604
0.0016261544 87.5608
0.0016263544 87.5608
0.0016265544 86.7611
0.0016267544 87.9606
0.0016269544 86.3613
0.0016271544 88.7602
0.0016273544 87.9606
0.0016275544 87.5608
0.0016277544 89.1601
0.0016279544 87.9606
0.0016281544 88.3604
0.0016283544 89.5599
0.0016285544 89.9597
0.0016287544 85.9615
0.0016289544 86.3613
0.0016291544 87.161
0.0016293544 86.3613
0.0016295544 87.9606
0.0016297544 87.5608
0.0016299544 87.5608
0.0016301544 88.3604
0.0016303544 86.3613
0.0016305544 89.5599
0.0016307544 87.161
0.0016309544 88.7602
0.0016311544 86.3613
0.0016313544 87.9606
0.0016315544 85.5617
0.0016317544 87.5608
0.0016319544 85.5617
0.0016321544 87.161
0.0016323544 87.5608
0.0016325544 86.7611
0.0016327544 84.3622
0.0016329544 85.9615
0.0016331544 87.161
0.0016333544 88.3604
0.0016335544 87.5608
0.0016337544 89.1601
0.0016339544 85.1618
0.0016341544 88.7602
0.0016343544 86.7611
0.0016345544 87.161
0.0016347544 85.1618
0.0016349544 85.5617
0.0016351544 85.9615
0.0016353544 84.3622
0.0016355544 84.762
0.0016357544 86.7611
0.0016359544 86.3613
0.0016361544 86.3613
0.0016363544 82.3631
0.0016365544 85.9615
0.0016367544 85.9615
0.0016369544 81.9633
0.0016371544 84.762
0.0016373544 85.9615
0.0016375544 83.1627
0.0016377544 83.9624
0.0016379544 85.1618
0.0016381544 83.9624
0.0016383544 85.9615
0.0016385544 86.3613
0.0016387544 83.9624
0.0016389544 84.3622
0.0016391544 85.5617
0.0016393544 84.762
0.0016395544 84.762
0.0016397544 85.9615
0.0016399544 85.1618
0.0016401544 89.1601
0.0016403544 87.161
0.0016405544 84.762
0.0016407544 86.3613
0.0016409544 85.5617
0.0016411544 83.1627
0.0016413544 85.1618
0.0016415544 84.762
0.0016417544 84.3622
0.0016419544 83.9624
0.0016421544 83.5626
0.0016423544 84.3622
0.0016425544 83.9624
0.0016427544 82.7629
0.0016429544 84.762
0.0016431544 85.5617
0.0016433544 82.3631
0.0016435544 85.5617
0.0016437544 83.1627
0.0016439544 79.1645
0.0016441544 81.5635
0.0016443544 83.1627
0.0016445544 83.9624
0.0016447544 81.1636
0.0016449544 84.3622
0.0016451544 81.9633
0.0016453544 81.9633
0.0016455544 82.7629
0.0016457544 81.1636
0.0016459544 83.9624
0.0016461544 83.9624
0.0016463544 80.364
0.0016465544 84.762
0.0016467544 83.5626
0.0016469544 81.9633
0.0016471544 82.7629
0.0016473544 83.5626
0.0016475544 82.7629
0.0016477544 80.7638
0.0016479544 83.9624
0.0016481544 80.364
0.0016483544 82.3631
0.0016485544 81.5635
0.0016487544 77.9651
0.0016489544 83.5626
0.0016491544 81.9633
0.0016493544 80.364
0.0016495544 83.5626
0.0016497544 81.5635
0.0016499544 81.5635
0.0016501544 83.5626
0.0016503544 83.9624
0.0016505544 81.9633
0.0016507544 83.5626
0.0016509544 81.5635
0.0016511544 84.3622
0.0016513544 79.1645
0.0016515544 81.1636
0.0016517544 80.7638
0.0016519544 84.3622
0.0016521544 83.9624
0.0016523544 81.5635
0.0016525544 80.7638
0.0016527544 83.9624
0.0016529544 79.1645
0.0016531544 82.3631
0.0016533544 81.5635
0.0016535544 82.3631
0.0016537544 81.5635
0.0016539544 83.5626
0.0016541544 84.3622
0.0016543544 83.1627
0.0016545544 79.5644
0.0016547544 81.1636
0.0016549544 81.5635
0.0016551544 81.9633
0.0016553544 82.3631
0.0016555544 80.364
0.0016557544 84.3622
0.0016559544 79.5644
0.0016561544 81.1636
0.0016563544 79.1645
0.0016565544 81.5635
0.0016567544 81.9633
0.0016569544 81.5635
0.0016571544 79.9642
0.0016573544 83.9624
0.0016575544 82.7629
0.0016577544 78.7647
0.0016579544 78.3649
0.0016581544 80.364
0.0016583544 84.762
0.0016585544 80.364
0.0016587544 82.7629
0.0016589544 81.1636
0.0016591544 80.7638
0.0016593544 79.5644
0.0016595544 79.5644
0.0016597544 81.9633
0.0016599544 80.364
0.0016601544 78.7647
0.0016603544 80.364
0.0016605544 81.9633
0.0016607544 79.5644
0.0016609544 77.9651
0.0016611544 80.364
0.0016613544 82.3631
0.0016615544 79.5644
0.0016617544 78.3649
0.0016619544 78.7647
0.0016621544 81.5635
0.0016623544 79.9642
0.0016625544 78.7647
0.0016627544 79.9642
0.0016629544 79.5644
0.0016631544 79.1645
0.0016633544 77.5653
0.0016635544 77.9651
0.0016637544 79.1645
0.0016639544 77.9651
0.0016641544 78.7647
0.0016643544 79.9642
0.0016645544 80.364
0.0016647544 76.3658
0.0016649544 80.364
0.0016651544 77.9651
0.0016653544 78.3649
0.0016655544 80.7638
0.0016657544 79.9642
0.0016659544 78.7647
0.0016661544 79.5644
0.0016663544 78.3649
0.0016665544 77.1654
0.0016667544 77.5653
0.0016669544 76.7656
0.0016671544 77.5653
0.0016673544 75.966
0.0016675544 77.1654
0.0016677544 77.1654
0.0016679544 76.7656
0.0016681544 75.966
0.0016683544 75.5661
0.0016685544 74.3667
0.0016687544 77.9651
0.0016689544 76.3658
0.0016691544 75.1663
0.0016693544 77.5653
0.0016695544 77.1654
0.0016697544 75.5661
0.0016699544 77.5653
0.0016701544 75.5661
0.0016703544 78.3649
0.0016705544 75.966
0.0016707544 73.9669
0.0016709544 76.7656
0.0016711544 75.5661
0.0016713544 74.7665
0.0016715544 75.966
0.0016717544 75.1663
0.0016719544 75.5661
0.0016721544 76.7656
0.0016723544 78.3649
0.0016725544 76.3658
0.0016727544 75.5661
0.0016729544 72.7674
0.0016731544 76.3658
0.0016733544 71.5679
0.0016735544 76.3658
0.0016737544 75.5661
0.0016739544 73.567
0.0016741544 73.9669
0.0016743544 75.1663
0.0016745544 75.5661
0.0016747544 74.7665
0.0016749544 74.3667
0.0016751544 70.7683
0.0016753544 74.7665
0.0016755544 73.9669
0.0016757544 77.1654
0.0016759544 71.5679
0.0016761544 75.5661
0.0016763544 73.1672
0.0016765544 74.3667
0.0016767544 74.3667
0.0016769544 73.9669
0.0016771544 72.3676
0.0016773544 74.7665
0.0016775544 73.1672
0.0016777544 71.5679
0.0016779544 73.567
0.0016781544 76.7656
0.0016783544 73.1672
0.0016785544 75.1663
0.0016787544 74.7665
0.0016789544 75.1663
0.0016791544 73.1672
0.0016793544 73.9669
0.0016795544 72.7674
0.0016797544 72.7674
0.0016799544 74.7665
0.0016801544 74.3667
0.0016803544 74.3667
0.0016805544 73.9669
0.0016807544 71.1681
0.0016809544 72.7674
0.0016811544 70.3685
0.0016813544 72.3676
0.0016815544 71.1681
0.0016817544 74.7665
0.0016819544 76.3658
0.0016821544 74.7665
0.0016823544 70.3685
0.0016825544 73.9669
0.0016827544 71.1681
0.0016829544 73.567
0.0016831544 73.567
0.0016833544 72.3676
0.0016835544 70.7683
0.0016837544 71.9678
0.0016839544 69.169
0.0016841544 69.169
0.0016843544 71.9678
0.0016845544 71.1681
0.0016847544 73.1672
0.0016849544 72.3676
0.0016851544 71.5679
0.0016853544 72.3676
0.0016855544 69.9687
0.0016857544 70.7683
0.0016859544 70.7683
0.0016861544 70.7683
0.0016863544 71.1681
0.0016865544 71.9678
0.0016867544 71.1681
0.0016869544 70.7683
0.0016871544 71.1681
0.0016873544 71.1681
0.0016875544 71.9678
0.0016877544 71.5679
0.0016879544 69.5688
0.0016881544 71.5679
0.0016883544 70.3685
0.0016885544 67.1699
0.0016887544 71.9678
0.0016889544 69.5688
0.0016891544 71.1681
0.0016893544 69.169
0.0016895544 69.5688
0.0016897544 69.169
0.0016899544 71.1681
0.0016901544 70.3685
0.0016903544 71.5679
0.0016905544 71.1681
0.0016907544 70.7683
0.0016909544 68.7692
0.0016911544 69.9687
0.0016913544 70.7683
0.0016915544 70.3685
0.0016917544 67.5697
0.0016919544 70.3685
0.0016921544 69.5688
0.0016923544 69.9687
0.0016925544 69.5688
0.0016927544 69.9687
0.0016929544 65.5706
0.0016931544 68.3694
0.0016933544 68.3694
0.0016935544 68.7692
0.0016937544 67.9695
0.0016939544 66.3703
0.0016941544 71.1681
0.0016943544 68.7692
0.0016945544 68.7692
0.0016947544 65.1708
0.0016949544 67.1699
0.0016951544 70.7683
0.0016953544 68.3694
0.0016955544 69.169
0.0016957544 69.169
0.0016959544 67.5697
0.0016961544 70.3685
0.0016963544 66.7701
0.0016965544 67.5697
0.0016967544 67.5697
0.0016969544 66.7701
0.0016971544 66.3703
0.0016973544 65.9704
0.0016975544 69.5688
0.0016977544 69.9687
0.0016979544 67.9695
0.0016981544 69.5688
0.0016983544 67.5697
0.0016985544 67.1699
0.0016987544 69.169
0.0016989544 68.7692
0.0016991544 70.7683
0.0016993544 66.7701
0.0016995544 65.9704
0.0016997544 67.9695
0.0016999544 69.169
0.0017001544 67.1699
0.0017003544 68.3694
0.0017005544 67.5697
0.0017007544 68.7692
0.0017009544 67.9695
0.0017011544 65.9704
0.0017013544 68.7692
0.0017015544 64.771
0.0017017544 69.5688
0.0017019544 68.7692
0.0017021544 66.3703
0.0017023544 64.3712
0.0017025544 69.5688
0.0017027544 65.5706
0.0017029544 68.3694
0.0017031544 67.9695
0.0017033544 67.9695
0.0017035544 66.3703
0.0017037544 65.5706
0.0017039544 67.1699
0.0017041544 64.3712
0.0017043544 63.1717
0.0017045544 64.771
0.0017047544 63.9713
0.0017049544 65.1708
0.0017051544 67.9695
0.0017053544 65.1708
0.0017055544 66.3703
0.0017057544 65.5706
0.0017059544 64.771
0.0017061544 64.3712
0.0017063544 64.771
0.0017065544 66.3703
0.0017067544 65.1708
0.0017069544 66.3703
0.0017071544 65.1708
0.0017073544 65.5706
0.0017075544 64.771
0.0017077544 65.1708
0.0017079544 64.3712
0.0017081544 63.5715
0.0017083544 65.9704
0.0017085544 65.1708
0.0017087544 61.5724
0.0017089544 64.3712
0.0017091544 61.9722
0.0017093544 63.1717
0.0017095544 65.1708
0.0017097544 62.3721
0.0017099544 61.1726
0.0017101544 61.9722
0.0017103544 63.5715
0.0017105544 63.5715
0.0017107544 64.771
0.0017109544 64.771
0.0017111544 63.5715
0.0017113544 64.3712
0.0017115544 63.5715
0.0017117544 60.7728
0.0017119544 61.1726
0.0017121544 62.7719
0.0017123544 63.5715
0.0017125544 62.7719
0.0017127544 65.1708
0.0017129544 60.373
0.0017131544 65.1708
0.0017133544 63.5715
0.0017135544 60.7728
0.0017137544 62.3721
0.0017139544 61.1726
0.0017141544 64.771
0.0017143544 63.5715
0.0017145544 61.9722
0.0017147544 63.9713
0.0017149544 59.9731
0.0017151544 61.9722
0.0017153544 61.5724
0.0017155544 63.9713
0.0017157544 62.3721
0.0017159544 59.5733
0.0017161544 60.373
0.0017163544 61.9722
0.0017165544 61.9722
0.0017167544 61.5724
0.0017169544 59.9731
0.0017171544 64.771
0.0017173544 60.7728
0.0017175544 60.373
0.0017177544 61.5724
0.0017179544 59.9731
0.0017181544 62.7719
0.0017183544 59.9731
0.0017185544 63.5715
0.0017187544 60.7728
0.0017189544 62.7719
0.0017191544 61.5724
0.0017193544 62.7719
0.0017195544 62.7719
0.0017197544 59.9731
0.0017199544 59.5733
0.0017201544 59.5733
0.0017203544 59.9731
0.0017205544 59.5733
0.0017207544 60.7728
0.0017209544 60.373
0.0017211544 58.7737
0.0017213544 58.3738
0.0017215544 60.373
0.0017217544 58.7737
0.0017219544 59.1735
0.0017221544 59.1735
0.0017223544 59.1735
0.0017225544 57.5742
0.0017227544 58.7737
0.0017229544 59.9731
0.0017231544 59.1735
0.0017233544 60.373
0.0017235544 58.7737
0.0017237544 59.1735
0.0017239544 59.1735
0.0017241544 57.974
0.0017243544 56.3747
0.0017245544 57.5742
0.0017247544 60.373
0.0017249544 59.1735
0.0017251544 58.3738
0.0017253544 58.3738
0.0017255544 57.1744
0.0017257544 57.5742
0.0017259544 56.3747
0.0017261544 57.5742
0.0017263544 56.3747
0.0017265544 58.3738
0.0017267544 56.3747
0.0017269544 59.5733
0.0017271544 59.5733
0.0017273544 56.7746
0.0017275544 58.7737
0.0017277544 55.5751
0.0017279544 56.3747
0.0017281544 53.9758
0.0017283544 57.1744
0.0017285544 54.7755
0.0017287544 53.576
0.0017289544 58.7737
0.0017291544 55.1753
0.0017293544 55.5751
0.0017295544 54.7755
0.0017297544 55.9749
0.0017299544 55.5751
0.0017301544 56.7746
0.0017303544 57.1744
0.0017305544 57.974
0.0017307544 53.9758
0.0017309544 55.5751
0.0017311544 57.974
0.0017313544 54.3756
0.0017315544 54.7755
0.0017317544 55.1753
0.0017319544 55.9749
0.0017321544 57.974
0.0017323544 56.7746
0.0017325544 52.3765
0.0017327544 55.5751
0.0017329544 55.9749
0.0017331544 56.7746
0.0017333544 54.7755
0.0017335544 54.7755
0.0017337544 55.1753
0.0017339544 54.3756
0.0017341544 55.1753
0.0017343544 55.1753
0.0017345544 52.3765
0.0017347544 55.9749
0.0017349544 53.9758
0.0017351544 55.5751
0.0017353544 55.1753
0.0017355544 54.3756
0.0017357544 53.576
0.0017359544 55.1753
0.0017361544 51.5769
0.0017363544 57.1744
0.0017365544 53.576
0.0017367544 53.9758
0.0017369544 53.1762
0.0017371544 52.7764
0.0017373544 51.5769
0.0017375544 54.3756
0.0017377544 53.576
0.0017379544 53.9758
0.0017381544 55.1753
0.0017383544 52.7764
0.0017385544 55.1753
0.0017387544 53.9758
0.0017389544 51.1771
0.0017391544 54.7755
0.0017393544 53.1762
0.0017395544 52.7764
0.0017397544 52.7764
0.0017399544 50.3774
0.0017401544 53.9758
0.0017403544 53.576
0.0017405544 50.7773
0.0017407544 52.3765
0.0017409544 50.3774
0.0017411544 50.7773
0.0017413544 51.9767
0.0017415544 53.1762
0.0017417544 53.576
0.0017419544 51.5769
0.0017421544 51.1771
0.0017423544 53.576
0.0017425544 51.5769
0.0017427544 53.1762
0.0017429544 51.5769
0.0017431544 51.9767
0.0017433544 49.9776
0.0017435544 49.178
0.0017437544 49.5778
0.0017439544 49.178
0.0017441544 48.7781
0.0017443544 50.3774
0.0017445544 52.3765
0.0017447544 50.3774
0.0017449544 51.1771
0.0017451544 49.9776
0.0017453544 52.7764
0.0017455544 47.5787
0.0017457544 48.7781
0.0017459544 50.3774
0.0017461544 47.5787
0.0017463544 49.5778
0.0017465544 49.9776
0.0017467544 48.7781
0.0017469544 49.5778
0.0017471544 49.178
0.0017473544 48.7781
0.0017475544 47.9785
0.0017477544 48.7781
0.0017479544 52.3765
0.0017481544 49.178
0.0017483544 47.9785
0.0017485544 48.7781
0.0017487544 47.5787
0.0017489544 51.5769
0.0017491544 45.1798
0.0017493544 47.9785
0.0017495544 49.5778
0.0017497544 46.779
0.0017499544 50.7773
0.0017501544 48.3783
0.0017503544 47.5787
0.0017505544 46.3792
0.0017507544 46.779
0.0017509544 49.5778
0.0017511544 47.5787
0.0017513544 47.5787
0.0017515544 45.9794
0.0017517544 48.7781
0.0017519544 46.3792
0.0017521544 45.9794
0.0017523544 48.7781
0.0017525544 45.9794
0.0017527544 45.9794
0.0017529544 48.3783
0.0017531544 46.3792
0.0017533544 45.5796
0.0017535544 47.1789
0.0017537544 46.3792
0.0017539544 47.5787
0.0017541544 43.5805
0.0017543544 44.7799
0.0017545544 45.5796
0.0017547544 47.1789
0.0017549544 47.5787
0.0017551544 43.5805
0.0017553544 46.779
0.0017555544 46.779
0.0017557544 45.9794
0.0017559544 44.7799
0.0017561544 43.1807
0.0017563544 42.7808
0.0017565544 45.5796
0.0017567544 43.9803
0.0017569544 47.9785
0.0017571544 45.9794
0.0017573544 45.5796
0.0017575544 45.1798
0.0017577544 43.9803
0.0017579544 46.3792
0.0017581544 45.5796
0.0017583544 45.9794
0.0017585544 42.381
0.0017587544 45.9794
0.0017589544 47.5787
0.0017591544 46.3792
0.0017593544 45.1798
0.0017595544 44.3801
0.0017597544 44.3801
0.0017599544 44.3801
0.0017601544 45.9794
0.0017603544 45.1798
0.0017605544 43.1807
0.0017607544 44.3801
0.0017609544 43.9803
0.0017611544 44.3801
0.0017613544 43.9803
0.0017615544 43.9803
0.0017617544 43.9803
0.0017619544 42.381
0.0017621544 44.7799
0.0017623544 45.1798
0.0017625544 43.9803
0.0017627544 44.7799
0.0017629544 43.5805
0.0017631544 42.381
0.0017633544 42.381
0.0017635544 44.3801
0.0017637544 43.5805
0.0017639544 42.381
0.0017641544 41.5814
0.0017643544 43.9803
0.0017645544 43.9803
0.0017647544 43.5805
0.0017649544 44.3801
0.0017651544 42.381
0.0017653544 42.381
0.0017655544 41.1816
0.0017657544 44.7799
0.0017659544 41.1816
0.0017661544 42.7808
0.0017663544 41.9812
0.0017665544 44.3801
0.0017667544 42.381
0.0017669544 42.381
0.0017671544 40.7817
0.0017673544 41.1816
0.0017675544 43.9803
0.0017677544 43.1807
0.0017679544 43.1807
0.0017681544 42.381
0.0017683544 43.5805
0.0017685544 42.7808
0.0017687544 43.1807
0.0017689544 41.5814
0.0017691544 43.9803
0.0017693544 42.7808
0.0017695544 40.3819
0.0017697544 40.7817
0.0017699544 39.1824
0.0017701544 42.7808
0.0017703544 42.381
0.0017705544 39.9821
0.0017707544 40.7817
0.0017709544 43.5805
0.0017711544 41.1816
0.0017713544 40.3819
0.0017715544 38.7826
0.0017717544 39.9821
0.0017719544 38.3828
0.0017721544 41.5814
0.0017723544 41.1816
0.0017725544 38.7826
0.0017727544 43.1807
0.0017729544 41.1816
0.0017731544 38.3828
0.0017733544 40.7817
0.0017735544 37.1833
0.0017737544 39.5823
0.0017739544 40.3819
0.0017741544 39.1824
0.0017743544 40.3819
0.0017745544 39.5823
0.0017747544 36.7835
0.0017749544 37.5832
0.0017751544 39.9821
0.0017753544 37.983
0.0017755544 35.5841
0.0017757544 40.7817
0.0017759544 37.983
0.0017761544 39.5823
0.0017763544 35.9839
0.0017765544 38.7826
0.0017767544 40.7817
0.0017769544 40.3819
0.0017771544 34.7844
0.0017773544 38.3828
0.0017775544 35.9839
0.0017777544 37.1833
0.0017779544 37.1833
0.0017781544 36.7835
0.0017783544 38.3828
0.0017785544 39.1824
0.0017787544 37.5832
0.0017789544 37.1833
0.0017791544 37.1833
0.0017793544 34.7844
0.0017795544 39.5823
0.0017797544 35.9839
0.0017799544 37.1833
0.0017801544 39.1824
0.0017803544 37.5832
0.0017805544 37.5832
0.0017807544 35.9839
0.0017809544 33.9848
0.0017811544 36.3837
0.0017813544 36.7835
0.0017815544 36.7835
0.0017817544 35.5841
0.0017819544 35.5841
0.0017821544 34.3846
0.0017823544 37.5832
0.0017825544 32.7853
0.0017827544 34.7844
0.0017829544 33.9848
0.0017831544 34.3846
0.0017833544 34.7844
0.0017835544 36.3837
0.0017837544 33.9848
0.0017839544 35.5841
0.0017841544 31.186
0.0017843544 34.7844
0.0017845544 32.3855
0.0017847544 31.9857
0.0017849544 32.7853
0.0017851544 35.1842
0.0017853544 34.3846
0.0017855544 32.3855
0.0017857544 34.7844
0.0017859544 32.7853
0.0017861544 31.186
0.0017863544 33.1851
0.0017865544 31.9857
0.0017867544 29.9866
0.0017869544 31.9857
0.0017871544 31.9857
0.0017873544 33.1851
0.0017875544 33.9848
0.0017877544 34.3846
0.0017879544 32.3855
0.0017881544 31.9857
0.0017883544 33.1851
0.0017885544 33.1851
0.0017887544 31.9857
0.0017889544 31.5858
0.0017891544 33.585
0.0017893544 36.3837
0.0017895544 33.1851
0.0017897544 34.3846
0.0017899544 31.5858
0.0017901544 30.7862
0.0017903544 35.9839
0.0017905544 34.7844
0.0017907544 31.5858
0.0017909544 33.1851
0.0017911544 30.7862
0.0017913544 31.186
0.0017915544 31.5858
0.0017917544 31.186
0.0017919544 31.9857
0.0017921544 29.5867
0.0017923544 29.1869
0.0017925544 31.9857
0.0017927544 30.7862
0.0017929544 31.5858
0.0017931544 30.3864
0.0017933544 30.3864
0.0017935544 31.186
0.0017937544 32.7853
0.0017939544 32.7853
0.0017941544 29.9866
0.0017943544 31.9857
0.0017945544 29.5867
0.0017947544 29.9866
0.0017949544 29.9866
0.0017951544 30.7862
0.0017953544 30.7862
0.0017955544 29.9866
0.0017957544 31.186
0.0017959544 29.9866
0.0017961544 28.3873
0.0017963544 29.5867
0.0017965544 29.5867
0.0017967544 30.3864
0.0017969544 27.1878
0.0017971544 30.3864
0.0017973544 30.7862
0.0017975544 27.9875
0.0017977544 27.9875
0.0017979544 27.9875
0.0017981544 26.788
0.0017983544 28.3873
0.0017985544 28.7871
0.0017987544 27.1878
0.0017989544 25.9884
0.0017991544 30.3864
0.0017993544 27.5876
0.0017995544 24.3891
0.0017997544 29.9866
0.0017999544 29.1869
0.0018001544 29.1869
0.0018003544 26.788
0.0018005544 26.788
0.0018007544 27.5876
0.0018009544 28.3873
0.0018011544 28.3873
0.0018013544 25.9884
0.0018015544 27.5876
0.0018017544 26.788
0.0018019544 27.9875
0.0018021544 27.5876
0.0018023544 24.3891
0.0018025544 28.3873
0.0018027544 25.9884
0.0018029544 26.3882
0.0018031544 23.5894
0.0018033544 26.788
0.0018035544 25.5885
0.0018037544 25.1887
0.0018039544 25.9884
0.0018041544 24.3891
0.0018043544 25.9884
0.0018045544 27.5876
0.0018047544 25.5885
0.0018049544 28.3873
0.0018051544 27.1878
0.0018053544 25.1887
0.0018055544 25.1887
0.0018057544 29.5867
0.0018059544 26.788
0.0018061544 25.1887
0.0018063544 25.9884
0.0018065544 25.1887
0.0018067544 21.5903
0.0018069544 26.3882
0.0018071544 25.5885
0.0018073544 22.7898
0.0018075544 24.7889
0.0018077544 26.3882
0.0018079544 25.9884
0.0018081544 23.1896
0.0018083544 23.5894
0.0018085544 22.7898
0.0018087544 25.5885
0.0018089544 23.1896
0.0018091544 25.5885
0.0018093544 21.9901
0.0018095544 24.3891
0.0018097544 24.3891
0.0018099544 24.3891
0.0018101544 21.9901
0.0018103544 22.39
0.0018105544 22.39
0.0018107544 22.7898
0.0018109544 22.7898
0.0018111544 23.5894
0.0018113544 23.1896
0.0018115544 21.1905
0.0018117544 21.9901
0.0018119544 21.1905
0.0018121544 23.5894
0.0018123544 24.3891
0.0018125544 23.1896
0.0018127544 21.9901
0.0018129544 24.3891
0.0018131544 23.1896
0.0018133544 23.9893
0.0018135544 25.5885
0.0018137544 20.3909
0.0018139544 20.3909
0.0018141544 22.39
0.0018143544 22.7898
0.0018145544 21.5903
0.0018147544 22.39
0.0018149544 23.5894
0.0018151544 19.5912
0.0018153544 20.7907
0.0018155544 19.991
0.0018157544 20.7907
0.0018159544 21.5903
0.0018161544 19.1914
0.0018163544 20.3909
0.0018165544 20.3909
0.0018167544 22.39
0.0018169544 23.5894
0.0018171544 17.9919
0.0018173544 21.5903
0.0018175544 19.5912
0.0018177544 23.1896
0.0018179544 19.5912
0.0018181544 19.5912
0.0018183544 20.7907
0.0018185544 20.7907
0.0018187544 20.3909
0.0018189544 21.1905
0.0018191544 19.5912
0.0018193544 17.9919
0.0018195544 19.991
0.0018197544 18.3918
0.0018199544 17.9919
0.0018201544 17.5921
0.0018203544 17.5921
0.0018205544 20.3909
0.0018207544 17.9919
0.0018209544 19.991
0.0018211544 19.1914
0.0018213544 18.3918
0.0018215544 19.5912
0.0018217544 19.5912
0.0018219544 17.5921
0.0018221544 18.7916
0.0018223544 20.7907
0.0018225544 17.9919
0.0018227544 21.9901
0.0018229544 17.9919
0.0018231544 15.593
0.0018233544 20.3909
0.0018235544 17.5921
0.0018237544 17.9919
0.0018239544 15.593
0.0018241544 19.991
0.0018243544 16.3927
0.0018245544 15.593
0.0018247544 18.3918
0.0018249544 16.7925
0.0018251544 17.1923
0.0018253544 13.9937
0.0018255544 16.3927
0.0018257544 15.9928
0.0018259544 14.3936
0.0018261544 17.5921
0.0018263544 17.5921
0.0018265544 16.7925
0.0018267544 14.7934
0.0018269544 15.1932
0.0018271544 16.3927
0.0018273544 14.3936
0.0018275544 12.3944
0.0018277544 14.3936
0.0018279544 14.7934
0.0018281544 13.5939
0.0018283544 13.5939
0.0018285544 17.1923
0.0018287544 14.7934
0.0018289544 12.3944
0.0018291544 15.593
0.0018293544 16.7925
0.0018295544 14.3936
0.0018297544 13.9937
0.0018299544 16.3927
0.0018301544 13.1941
0.0018303544 13.9937
0.0018305544 12.3944
0.0018307544 13.1941
0.0018309544 15.1932
0.0018311544 11.5948
0.0018313544 12.3944
0.0018315544 11.9946
0.0018317544 13.5939
0.0018319544 11.9946
0.0018321544 15.593
0.0018323544 14.7934
0.0018325544 12.3944
0.0018327544 13.1941
0.0018329544 13.9937
0.0018331544 14.3936
0.0018333544 12.3944
0.0018335544 13.5939
0.0018337544 10.3953
0.0018339544 10.3953
0.0018341544 14.3936
0.0018343544 14.3936
0.0018345544 12.3944
0.0018347544 11.9946
0.0018349544 13.1941
0.0018351544 10.3953
0.0018353544 12.3944
0.0018355544 10.7952
0.0018357544 11.195
0.0018359544 11.5948
0.0018361544 10.3953
0.0018363544 12.7943
0.0018365544 9.99552
0.0018367544 9.5957
0.0018369544 12.3944
0.0018371544 9.99552
0.0018373544 10.3953
0.0018375544 9.19588
0.0018377544 13.1941
0.0018379544 11.5948
0.0018381544 11.5948
0.0018383544 10.3953
0.0018385544 9.99552
0.0018387544 11.5948
0.0018389544 10.3953
0.0018391544 11.9946
0.0018393544 10.7952
0.0018395544 11.9946
0.0018397544 10.7952
0.0018399544 10.3953
0.0018401544 9.5957
0.0018403544 11.5948
0.0018405544 10.3953
0.0018407544 10.3953
0.0018409544 12.7943
0.0018411544 10.7952
0.0018413544 5.99731
0.0018415544 8.39624
0.0018417544 9.19588
0.0018419544 8.79606
0.0018421544 8.39624
0.0018423544 9.19588
0.0018425544 11.195
0.0018427544 9.19588
0.0018429544 9.5957
0.0018431544 7.99642
0.0018433544 6.39713
0.0018435544 8.79606
0.0018437544 9.5957
0.0018439544 8.79606
0.0018441544 10.3953
0.0018443544 10.7952
0.0018445544 4.39803
0.0018447544 8.39624
0.0018449544 5.19767
0.0018451544 5.59749
0.0018453544 9.19588
0.0018455544 7.5966
0.0018457544 5.99731
0.0018459544 8.39624
0.0018461544 7.19678
0.0018463544 6.79695
0.0018465544 7.5966
0.0018467544 6.79695
0.0018469544 7.5966
0.0018471544 4.79785
0.0018473544 5.19767
0.0018475544 7.5966
0.0018477544 5.99731
0.0018479544 8.79606
0.0018481544 7.19678
0.0018483544 7.5966
0.0018485544 6.79695
0.0018487544 7.5966
0.0018489544 5.59749
0.0018491544 5.59749
0.0018493544 4.39803
0.0018495544 7.99642
0.0018497544 5.99731
0.0018499544 5.99731
0.0018501544 3.99821
0.0018503544 6.79695
0.0018505544 8.39624
0.0018507544 4.79785
0.0018509544 3.99821
0.0018511544 6.39713
0.0018513544 5.59749
0.0018515544 6.79695
0.0018517544 5.19767
0.0018519544 6.39713
0.0018521544 3.99821
0.0018523544 4.39803
0.0018525544 3.19857
0.0018527544 4.79785
0.0018529544 4.79785
0.0018531544 3.19857
0.0018533544 1.9991
0.0018535544 2.39893
0.0018537544 1.59928
0.0018539544 2.79875
0.0018541544 2.39893
0.0018543544 5.19767
0.0018545544 4.39803
0.0018547544 5.59749
0.0018549544 3.59839
0.0018551544 5.99731
0.0018553544 4.79785
0.0018555544 3.59839
0.0018557544 4.39803
0.0018559544 2.79875
0.0018561544 1.9991
0.0018563544 2.39893
0.0018565544 3.59839
0.0018567544 3.99821
0.0018569544 3.19857
0.0018571544 3.99821
0.0018573544 2.79875
0.0018575544 4.79785
0.0018577544 5.19767
0.0018579544 3.99821
0.0018581544 5.19767
0.0018583544 5.99731
0.0018585544 2.39893
0.0018587544 3.59839
0.0018589544 2.79875
0.0018591544 0.799642
0.0018593544 0.799642
0.0018595544 1.19946
0.0018597544 1.59928
0.0018599544 0
0.0018601544 2.39893
0.0018603544 2.39893
0.0018605544 1.19946
0.0018607544 2.39893
0.0018609544 0
0.0018611544 1.19946
0.0018613544 3.59839
0.0018615544 -0.399821
0.0018617544 1.19946
0.0018619544 -2.39893
0.0018621544 0.799642
0.0018623544 0.399821
0.0018625544 0.399821
0.0018627544 1.59928
0.0018629544 1.19946
0.0018631544 0.399821
0.0018633544 3.99821
0.0018635544 0.799642
0.0018637544 -0.399821
0.0018639544 1.19946
0.0018641544 -1.59928
0.0018643544 0
0.0018645544 0.399821
0.0018647544 -1.9991
0.0018649544 0
0.0018651544 -1.9991
0.0018653544 -1.9991
0.0018655544 0.799642
0.0018657544 -0.799642
0.0018659544 1.19946
0.0018661544 -1.19946
0.0018663544 -2.39893
0.0018665544 -1.59928
0.0018667544 -0.399821
0.0018669544 0.399821
0.0018671544 0
0.0018673544 0.799642
0.0018675544 -1.59928
0.0018677544 1.9991
0.0018679544 -0.399821
0.0018681544 0.399821
0.0018683544 -2.79875
0.0018685544 -2.39893
0.0018687544 -1.19946
0.0018689544 -1.9991
0.0018691544 -0.799642
0.0018693544 -1.59928
0.0018695544 -0.799642
0.0018697544 -2.79875
0.0018699544 -0.399821
0.0018701544 -0.399821
0.0018703544 -1.19946
0.0018705544 -1.9991
0.0018707544 0
0.0018709544 -1.9991
0.0018711544 0
0.0018713544 -0.799642
0.0018715544 -1.59928
0.0018717544 -1.9991
0.0018719544 -2.79875
0.0018721544 -2.39893
0.0018723544 -2.39893
0.0018725544 -2.39893
0.0018727544 -2.39893
0.0018729544 -2.79875
0.0018731544 -2.79875
0.0018733544 -2.39893
0.0018735544 -2.39893
0.0018737544 -5.59749
0.0018739544 -3.19857
0.0018741544 -4.79785
0.0018743544 -3.99821
0.0018745544 -5.19767
0.0018747544 -4.79785
0.0018749544 -4.39803
0.0018751544 -1.9991
0.0018753544 -4.39803
0.0018755544 -4.79785
0.0018757544 -1.9991
0.0018759544 -1.9991
0.0018761544 -1.9991
0.0018763544 -3.99821
0.0018765544 -5.59749
0.0018767544 -5.59749
0.0018769544 -5.99731
0.0018771544 -5.99731
0.0018773544 -5.99731
0.0018775544 -3.59839
0.0018777544 -7.5966
0.0018779544 -3.99821
0.0018781544 -3.19857
0.0018783544 -7.19678
0.0018785544 -6.39713
0.0018787544 -4.39803
0.0018789544 -5.59749
0.0018791544 -5.19767
0.0018793544 -4.39803
0.0018795544 -7.5966
0.0018797544 -6.39713
0.0018799544 -7.5966
0.0018801544 -5.59749
0.0018803544 -7.5966
0.0018805544 -5.99731
0.0018807544 -5.99731
0.0018809544 -5.59749
0.0018811544 -4.79785
0.0018813544 -7.19678
0.0018815544 -10.3953
0.0018817544 -5.99731
0.0018819544 -7.99642
0.0018821544 -6.79695
0.0018823544 -9.5957
0.0018825544 -7.99642
0.0018827544 -5.19767
0.0018829544 -9.19588
0.0018831544 -7.19678
0.0018833544 -6.79695
0.0018835544 -8.79606
0.0018837544 -7.5966
0.0018839544 -8.79606
0.0018841544 -6.39713
0.0018843544 -6.79695
0.0018845544 -7.5966
0.0018847544 -9.5957
0.0018849544 -7.99642
0.0018851544 -12.3944
0.0018853544 -9.99552
0.0018855544 -8.79606
0.0018857544 -7.5966
0.0018859544 -7.99642
0.0018861544 -9.19588
0.0018863544 -5.59749
0.0018865544 -10.3953
0.0018867544 -7.99642
0.0018869544 -5.99731
0.0018871544 -9.19588
0.0018873544 -8.39624
0.0018875544 -9.99552
0.0018877544 -12.7943
0.0018879544 -9.99552
0.0018881544 -9.99552
0.0018883544 -11.5948
0.0018885544 -12.7943
0.0018887544 -10.3953
0.0018889544 -8.39624
0.0018891544 -8.79606
0.0018893544 -12.7943
0.0018895544 -10.3953
0.0018897544 -11.5948
0.0018899544 -8.39624
0.0018901544 -14.7934
0.0018903544 -10.3953
0.0018905544 -12.3944
0.0018907544 -13.5939
0.0018909544 -13.1941
0.0018911544 -13.9937
0.0018913544 -12.7943
0.0018915544 -12.3944
0.0018917544 -11.195
0.0018919544 -12.3944
0.0018921544 -12.7943
0.0018923544 -11.9946
0.0018925544 -12.7943
0.0018927544 -11.195
0.0018929544 -13.1941
0.0018931544 -13.5939
0.0018933544 -11.9946
0.0018935544 -12.3944
0.0018937544 -11.9946
0.0018939544 -14.3936
0.0018941544 -14.3936
0.0018943544 -14.3936
0.0018945544 -11.5948
0.0018947544 -13.9937
0.0018949544 -13.5939
0.0018951544 -14.7934
0.0018953544 -16.7925
0.0018955544 -12.7943
0.0018957544 -11.9946
0.0018959544 -11.9946
0.0018961544 -13.5939
0.0018963544 -13.5939
0.0018965544 -16.7925
0.0018967544 -13.1941
0.0018969544 -16.3927
0.0018971544 -13.5939
0.0018973544 -15.1932
0.0018975544 -12.3944
0.0018977544 -15.1932
0.0018979544 -12.3944
0.0018981544 -14.7934
0.0018983544 -15.1932
0.0018985544 -13.9937
0.0018987544 -13.1941
0.0018989544 -14.7934
0.0018991544 -16.3927
0.0018993544 -13.9937
0.0018995544 -13.1941
0.0018997544 -13.9937
0.0018999544 -15.1932
0.0019001544 -13.1941
0.0019003544 -13.5939
0.0019005544 -13.9937
0.0019007544 -16.7925
0.0019009544 -17.1923
0.0019011544 -15.1932
0.0019013544 -14.3936
0.0019015544 -14.7934
0.0019017544 -13.1941
0.0019019544 -15.1932
0.0019021544 -17.1923
0.0019023544 -14.7934
0.0019025544 -16.7925
0.0019027544 -16.3927
0.0019029544 -15.1932
0.0019031544 -19.5912
0.0019033544 -16.3927
0.0019035544 -16.3927
0.0019037544 -17.9919
0.0019039544 -15.9928
0.0019041544 -17.1923
0.0019043544 -17.5921
0.0019045544 -19.5912
0.0019047544 -16.3927
0.0019049544 -15.9928
0.0019051544 -18.3918
0.0019053544 -17.9919
0.0019055544 -17.5921
0.0019057544 -17.5921
0.0019059544 -17.5921
0.0019061544 -19.991
0.0019063544 -19.991
0.0019065544 -19.5912
0.0019067544 -17.1923
0.0019069544 -18.3918
0.0019071544 -20.3909
0.0019073544 -19.1914
0.0019075544 -16.3927
0.0019077544 -19.5912
0.0019079544 -19.991
0.0019081544 -20.3909
0.0019083544 -19.5912
0.0019085544 -21.1905
0.0019087544 -19.1914
0.0019089544 -18.7916
0.0019091544 -17.9919
0.0019093544 -20.7907
0.0019095544 -17.9919
0.0019097544 -23.5894
0.0019099544 -19.5912
0.0019101544 -21.1905
0.0019103544 -17.9919
0.0019105544 -19.1914
0.0019107544 -19.1914
0.0019109544 -20.3909
0.0019111544 -20.7907
0.0019113544 -21.9901
0.0019115544 -19.991
0.0019117544 -22.39
0.0019119544 -21.9901
0.0019121544 -21.1905
0.0019123544 -22.39
0.0019125544 -22.39
0.0019127544 -23.1896
0.0019129544 -21.5903
0.0019131544 -20.7907
0.0019133544 -24.7889
0.0019135544 -19.991
0.0019137544 -23.1896
0.0019139544 -21.5903
0.0019141544 -24.3891
0.0019143544 -21.5903
0.0019145544 -22.7898
0.0019147544 -23.5894
0.0019149544 -21.1905
0.0019151544 -25.1887
0.0019153544 -22.39
0.0019155544 -23.5894
0.0019157544 -22.7898
0.0019159544 -24.7889
0.0019161544 -24.3891
0.0019163544 -21.9901
0.0019165544 -26.3882
0.0019167544 -24.3891
0.0019169544 -22.7898
0.0019171544 -22.7898
0.0019173544 -23.9893
0.0019175544 -26.788
0.0019177544 -26.3882
0.0019179544 -27.5876
0.0019181544 -26.788
0.0019183544 -25.1887
0.0019185544 -23.1896
0.0019187544 -23.5894
0.0019189544 -27.9875
0.0019191544 -25.9884
0.0019193544 -24.7889
0.0019195544 -25.1887
0.0019197544 -24.7889
0.0019199544 -23.9893
0.0019201544 -23.9893
0.0019203544 -22.7898
0.0019205544 -25.9884
0.0019207544 -25.1887
0.0019209544 -26.788
0.0019211544 -25.1887
0.0019213544 -22.7898
0.0019215544 -24.3891
0.0019217544 -25.9884
0.0019219544 -26.788
0.0019221544 -26.788
0.0019223544 -25.9884
0.0019225544 -25.1887
0.0019227544 -25.5885
0.0019229544 -25.5885
0.0019231544 -24.7889
0.0019233544 -22.7898
0.0019235544 -26.3882
0.0019237544 -27.5876
0.0019239544 -27.5876
0.0019241544 -28.7871
0.0019243544 -27.5876
0.0019245544 -25.9884
0.0019247544 -25.9884
0.0019249544 -25.1887
0.0019251544 -26.3882
0.0019253544 -28.3873
0.0019255544 -26.3882
0.0019257544 -25.5885
0.0019259544 -26.3882
0.0019261544 -27.1878
0.0019263544 -28.3873
0.0019265544 -28.7871
0.0019267544 -29.5867
0.0019269544 -27.5876
0.0019271544 -27.9875
0.0019273544 -28.7871
0.0019275544 -27.1878
0.0019277544 -26.788
0.0019279544 -29.9866
0.0019281544 -28.3873
0.0019283544 -29.9866
0.0019285544 -31.186
0.0019287544 -28.7871
0.0019289544 -25.9884
0.0019291544 -28.7871
0.0019293544 -30.3864
0.0019295544 -29.9866
0.0019297544 -29.5867
0.0019299544 -29.9866
0.0019301544 -27.1878
0.0019303544 -27.9875
0.0019305544 -27.9875
0.0019307544 -30.7862
0.0019309544 -29.5867
0.0019311544 -30.3864
0.0019313544 -29.1869
0.0019315544 -31.186
0.0019317544 -29.5867
0.0019319544 -29.9866
0.0019321544 -29.9866
0.0019323544 -29.5867
0.0019325544 -31.5858
0.0019327544 -31.186
0.0019329544 -27.5876
0.0019331544 -30.3864
0.0019333544 -29.9866
0.0019335544 -33.585
0.0019337544 -30.3864
0.0019339544 -29.5867
0.0019341544 -30.7862
0.0019343544 -31.9857
0.0019345544 -31.9857
0.0019347544 -31.186
0.0019349544 -30.3864
0.0019351544 -30.7862
0.0019353544 -31.186
0.0019355544 -33.1851
0.0019357544 -29.9866
0.0019359544 -33.1851
0.0019361544 -31.186
0.0019363544 -34.3846
0.0019365544 -30.3864
0.0019367544 -31.186
0.0019369544 -31.186
0.0019371544 -33.1851
0.0019373544 -35.1842
0.0019375544 -31.9857
0.0019377544 -31.9857
0.0019379544 -30.7862
0.0019381544 -33.585
0.0019383544 -32.7853
0.0019385544 -35.5841
0.0019387544 -33.9848
0.0019389544 -35.1842
0.0019391544 -33.585
0.0019393544 -32.7853
0.0019395544 -33.1851
0.0019397544 -35.1842
0.0019399544 -32.3855
0.0019401544 -34.3846
0.0019403544 -33.1851
0.0019405544 -31.186
0.0019407544 -32.7853
0.0019409544 -35.1842
0.0019411544 -33.1851
0.0019413544 -35.5841
0.0019415544 -31.9857
0.0019417544 -34.3846
0.0019419544 -31.5858
0.0019421544 -33.1851
0.0019423544 -32.3855
0.0019425544 -35.9839
0.0019427544 -33.9848
0.0019429544 -34.7844
0.0019431544 -35.9839
0.0019433544 -34.3846
0.0019435544 -35.5841
0.0019437544 -34.3846
0.0019439544 -37.983
0.0019441544 -34.3846
0.0019443544 -35.9839
0.0019445544 -36.3837
0.0019447544 -35.5841
0.0019449544 -37.1833
0.0019451544 -33.9848
0.0019453544 -36.3837
0.0019455544 -40.3819
0.0019457544 -35.9839
0.0019459544 -39.5823
0.0019461544 -36.7835
0.0019463544 -36.7835
0.0019465544 -34.7844
0.0019467544 -36.3837
0.0019469544 -39.1824
0.0019471544 -39.1824
0.0019473544 -35.9839
0.0019475544 -39.1824
0.0019477544 -37.1833
0.0019479544 -38.3828
0.0019481544 -39.9821
0.0019483544 -39.5823
0.0019485544 -34.3846
0.0019487544 -40.3819
0.0019489544 -39.5823
0.0019491544 -37.1833
0.0019493544 -40.7817
0.0019495544 -37.1833
0.0019497544 -38.7826
0.0019499544 -39.9821
0.0019501544 -39.1824
0.0019503544 -38.7826
0.0019505544 -36.3837
0.0019507544 -37.5832
0.0019509544 -37.1833
0.0019511544 -36.3837
0.0019513544 -39.5823
0.0019515544 -40.7817
0.0019517544 -38.7826
0.0019519544 -40.7817
0.0019521544 -38.7826
0.0019523544 -39.1824
0.0019525544 -37.983
0.0019527544 -40.7817
0.0019529544 -40.7817
0.0019531544 -37.5832
0.0019533544 -39.9821
0.0019535544 -41.1816
0.0019537544 -43.1807
0.0019539544 -40.7817
0.0019541544 -40.3819
0.0019543544 -41.1816
0.0019545544 -38.7826
0.0019547544 -39.1824
0.0019549544 -39.9821
0.0019551544 -40.7817
0.0019553544 -42.381
0.0019555544 -41.9812
0.0019557544 -40.7817
0.0019559544 -40.3819
0.0019561544 -43.9803
0.0019563544 -40.7817
0.0019565544 -41.5814
0.0019567544 -41.9812
0.0019569544 -39.9821
0.0019571544 -41.1816
0.0019573544 -40.3819
0.0019575544 -42.381
0.0019577544 -41.1816
0.0019579544 -38.7826
0.0019581544 -41.9812
0.0019583544 -43.9803
0.0019585544 -41.1816
0.0019587544 -41.5814
0.0019589544 -40.7817
0.0019591544 -41.1816
0.0019593544 -42.381
0.0019595544 -43.5805
0.0019597544 -42.381
0.0019599544 -41.9812
0.0019601544 -41.5814
0.0019603544 -42.381
0.0019605544 -44.7799
0.0019607544 -41.5814
0.0019609544 -43.5805
0.0019611544 -41.5814
0.0019613544 -41.1816
0.0019615544 -41.1816
0.0019617544 -43.5805
0.0019619544 -42.381
0.0019621544 -44.3801
0.0019623544 -44.3801
0.0019625544 -40.7817
0.0019627544 -44.3801
0.0019629544 -45.9794
0.0019631544 -41.9812
0.0019633544 -41.9812
0.0019635544 -47.5787
0.0019637544 -42.7808
0.0019639544 -42.381
0.0019641544 -42.381
0.0019643544 -41.9812
0.0019645544 -44.7799
0.0019647544 -42.7808
0.0019649544 -45.5796
0.0019651544 -41.5814
0.0019653544 -45.5796
0.0019655544 -42.7808
0.0019657544 -43.9803
0.0019659544 -43.9803
0.0019661544 -45.1798
0.0019663544 -43.1807
0.0019665544 -44.7799
0.0019667544 -45.9794
0.0019669544 -43.1807
0.0019671544 -45.9794
0.0019673544 -43.1807
0.0019675544 -44.7799
0.0019677544 -44.7799
0.0019679544 -44.3801
0.0019681544 -42.7808
0.0019683544 -45.1798
0.0019685544 -46.779
0.0019687544 -44.3801
0.0019689544 -45.5796
0.0019691544 -46.3792
0.0019693544 -43.5805
0.0019695544 -45.1798
0.0019697544 -44.7799
0.0019699544 -45.5796
0.0019701544 -45.1798
0.0019703544 -45.5796
0.0019705544 -45.5796
0.0019707544 -41.9812
0.0019709544 -44.3801
0.0019711544 -46.779
0.0019713544 -47.5787
0.0019715544 -44.7799
0.0019717544 -47.5787
0.0019719544 -47.5787
0.0019721544 -44.3801
0.0019723544 -44.7799
0.0019725544 -47.5787
0.0019727544 -47.9785
0.0019729544 -44.7799
0.0019731544 -45.1798
0.0019733544 -45.5796
0.0019735544 -45.1798
0.0019737544 -45.9794
0.0019739544 -47.5787
0.0019741544 -49.9776
0.0019743544 -45.1798
0.0019745544 -45.1798
0.0019747544 -45.1798
0.0019749544 -45.1798
0.0019751544 -44.7799
0.0019753544 -47.1789
0.0019755544 -47.5787
0.0019757544 -48.3783
0.0019759544 -48.7781
0.0019761544 -45.9794
0.0019763544 -46.3792
0.0019765544 -47.5787
0.0019767544 -45.1798
0.0019769544 -47.1789
0.0019771544 -47.1789
0.0019773544 -45.1798
0.0019775544 -48.3783
0.0019777544 -48.3783
0.0019779544 -49.9776
0.0019781544 -47.1789
0.0019783544 -49.178
0.0019785544 -47.5787
0.0019787544 -49.9776
0.0019789544 -51.1771
0.0019791544 -49.5778
0.0019793544 -49.5778
0.0019795544 -51.5769
0.0019797544 -48.7781
0.0019799544 -49.5778
0.0019801544 -49.178
0.0019803544 -50.3774
0.0019805544 -49.5778
0.0019807544 -49.5778
0.0019809544 -50.7773
0.0019811544 -48.7781
0.0019813544 -47.1789
0.0019815544 -48.7781
0.0019817544 -51.1771
0.0019819544 -51.9767
0.0019821544 -49.178
0.0019823544 -47.1789
0.0019825544 -49.5778
0.0019827544 -49.5778
0.0019829544 -53.576
0.0019831544 -52.3765
0.0019833544 -52.7764
0.0019835544 -51.9767
0.0019837544 -50.7773
0.0019839544 -50.7773
0.0019841544 -49.9776
0.0019843544 -51.9767
0.0019845544 -53.1762
0.0019847544 -51.1771
0.0019849544 -50.3774
0.0019851544 -53.1762
0.0019853544 -51.5769
0.0019855544 -48.3783
0.0019857544 -53.9758
0.0019859544 -51.1771
0.0019861544 -52.7764
0.0019863544 -52.7764
0.0019865544 -52.7764
0.0019867544 -53.9758
0.0019869544 -53.1762
0.0019871544 -52.7764
0.0019873544 -51.9767
0.0019875544 -50.3774
0.0019877544 -54.7755
0.0019879544 -49.9776
0.0019881544 -50.7773
0.0019883544 -51.1771
0.0019885544 -53.1762
0.0019887544 -53.1762
0.0019889544 -52.7764
0.0019891544 -53.576
0.0019893544 -52.7764
0.0019895544 -52.7764
0.0019897544 -58.3738
0.0019899544 -51.9767
0.0019901544 -51.9767
0.0019903544 -55.1753
0.0019905544 -53.1762
0.0019907544 -55.5751
0.0019909544 -51.5769
0.0019911544 -54.3756
0.0019913544 -53.1762
0.0019915544 -52.7764
0.0019917544 -53.576
0.0019919544 -51.9767
0.0019921544 -53.9758
0.0019923544 -52.7764
0.0019925544 -51.9767
0.0019927544 -55.1753
0.0019929544 -56.3747
0.0019931544 -53.9758
0.0019933544 -57.1744
0.0019935544 -53.576
0.0019937544 -53.9758
0.0019939544 -56.7746
0.0019941544 -53.1762
0.0019943544 -53.576
0.0019945544 -54.3756
0.0019947544 -51.5769
0.0019949544 -56.3747
0.0019951544 -54.7755
0.0019953544 -52.7764
0.0019955544 -53.576
0.0019957544 -57.974
0.0019959544 -54.3756
0.0019961544 -53.576
0.0019963544 -55.1753
0.0019965544 -54.7755
0.0019967544 -59.9731
0.0019969544 -55.9749
0.0019971544 -57.1744
0.0019973544 -56.7746
0.0019975544 -57.1744
0.0019977544 -57.974
0.0019979544 -58.3738
0.0019981544 -53.576
0.0019983544 -54.7755
0.0019985544 -58.3738
0.0019987544 -55.9749
0.0019989544 -55.5751
0.0019991544 -57.1744
0.0019993544 -54.7755
0.0019995544 -54.7755
0.0019997544 -59.5733
0.0019999544 -57.1744
0.0020001544 -55.5751
0.0020003544 -56.3747
0.0020005544 -56.3747
0.0020007544 -56.7746
0.0020009544 -53.576
0.0020011544 -55.5751
0.0020013544 -57.5742
0.0020015544 -57.1744
0.0020017544 -55.5751
0.0020019544 -55.1753
0.0020021544 -55.5751
0.0020023544 -57.5742
0.0020025544 -57.974
0.0020027544 -59.5733
0.0020029544 -57.5742
0.0020031544 -55.1753
0.0020033544 -57.974
0.0020035544 -59.5733
0.0020037544 -57.5742
0.0020039544 -58.3738
0.0020041544 -57.974
0.0020043544 -57.5742
0.0020045544 -58.7737
0.0020047544 -58.7737
0.0020049544 -58.7737
0.0020051544 -56.7746
0.0020053544 -57.5742
0.0020055544 -59.5733
0.0020057544 -59.9731
0.0020059544 -58.7737
0.0020061544 -58.3738
0.0020063544 -59.5733
0.0020065544 -59.5733
0.0020067544 -56.3747
0.0020069544 -59.9731
0.0020071544 -59.5733
0.0020073544 -58.7737
0.0020075544 -59.5733
0.0020077544 -60.7728
0.0020079544 -59.1735
0.0020081544 -59.1735
0.0020083544 -59.1735
0.0020085544 -59.9731
0.0020087544 -61.5724
0.0020089544 -61.1726
0.0020091544 -59.9731
0.0020093544 -57.974
0.0020095544 -60.7728
0.0020097544 -56.7746
0.0020099544 -57.974
0.0020101544 -57.5742
0.0020103544 -60.373
0.0020105544 -60.7728
0.0020107544 -60.373
0.0020109544 -61.1726
0.0020111544 -59.5733
0.0020113544 -58.7737
0.0020115544 -61.9722
0.0020117544 -61.9722
0.0020119544 -61.9722
0.0020121544 -58.7737
0.0020123544 -60.373
0.0020125544 -59.1735
0.0020127544 -60.373
0.0020129544 -58.7737
0.0020131544 -59.5733
0.0020133544 -60.373
0.0020135544 -62.3721
0.0020137544 -59.5733
0.0020139544 -61.5724
0.0020141544 -59.5733
0.0020143544 -59.1735
0.0020145544 -62.7719
0.0020147544 -59.9731
0.0020149544 -61.9722
0.0020151544 -59.5733
0.0020153544 -57.5742
0.0020155544 -59.9731
0.0020157544 -60.7728
0.0020159544 -61.9722
0.0020161544 -61.1726
0.0020163544 -60.373
0.0020165544 -59.9731
0.0020167544 -60.373
0.0020169544 -62.3721
0.0020171544 -60.7728
0.0020173544 -61.1726
0.0020175544 -61.1726
0.0020177544 -60.7728
0.0020179544 -59.9731
0.0020181544 -64.3712
0.0020183544 -62.3721
0.0020185544 -64.771
0.0020187544 -62.7719
0.0020189544 -61.9722
0.0020191544 -60.7728
0.0020193544 -62.3721
0.0020195544 -62.3721
0.0020197544 -64.3712
0.0020199544 -63.5715
0.0020201544 -59.5733
0.0020203544 -62.7719
0.0020205544 -60.7728
0.0020207544 -61.1726
0.0020209544 -64.3712
0.0020211544 -61.9722
0.0020213544 -62.7719
0.0020215544 -63.9713
0.0020217544 -59.9731
0.0020219544 -60.373
0.0020221544 -65.1708
0.0020223544 -62.7719
0.0020225544 -63.5715
0.0020227544 -59.9731
0.0020229544 -63.9713
0.0020231544 -63.1717
0.0020233544 -63.9713
0.0020235544 -60.7728
0.0020237544 -62.3721
0.0020239544 -63.1717
0.0020241544 -61.5724
0.0020243544 -65.5706
0.0020245544 -65.1708
0.0020247544 -63.5715
0.0020249544 -61.5724
0.0020251544 -64.3712
0.0020253544 -64.3712
0.0020255544 -63.5715
0.0020257544 -61.5724
0.0020259544 -63.1717
0.0020261544 -64.3712
0.0020263544 -62.3721
0.0020265544 -65.5706
0.0020267544 -62.3721
0.0020269544 -65.1708
0.0020271544 -63.9713
0.0020273544 -61.5724
0.0020275544 -65.1708
0.0020277544 -63.5715
0.0020279544 -63.9713
0.0020281544 -65.1708
0.0020283544 -62.7719
0.0020285544 -64.771
0.0020287544 -65.1708
0.0020289544 -65.9704
0.0020291544 -65.9704
0.0020293544 -65.5706
0.0020295544 -63.9713
0.0020297544 -65.1708
0.0020299544 -66.3703
0.0020301544 -67.1699
0.0020303544 -64.3712
0.0020305544 -64.3712
0.0020307544 -64.3712
0.0020309544 -65.5706
0.0020311544 -65.9704
0.0020313544 -64.3712
0.0020315544 -65.5706
0.0020317544 -65.1708
0.0020319544 -65.5706
0.0020321544 -64.771
0.0020323544 -65.5706
0.0020325544 -64.3712
0.0020327544 -62.7719
0.0020329544 -69.169
0.0020331544 -63.5715
0.0020333544 -65.1708
0.0020335544 -64.3712
0.0020337544 -68.7692
0.0020339544 -67.1699
0.0020341544 -67.5697
0.0020343544 -62.7719
0.0020345544 -64.771
0.0020347544 -68.3694
0.0020349544 -64.771
0.0020351544 -66.3703
0.0020353544 -65.5706
0.0020355544 -65.1708
0.0020357544 -69.5688
0.0020359544 -67.9695
0.0020361544 -67.1699
0.0020363544 -67.5697
0.0020365544 -66.7701
0.0020367544 -67.9695
0.0020369544 -67.1699
0.0020371544 -65.5706
0.0020373544 -69.169
0.0020375544 -67.9695
0.0020377544 -67.1699
0.0020379544 -66.7701
0.0020381544 -68.7692
0.0020383544 -64.771
0.0020385544 -66.7701
0.0020387544 -68.7692
0.0020389544 -69.5688
0.0020391544 -65.9704
0.0020393544 -66.3703
0.0020395544 -65.5706
0.0020397544 -65.9704
0.0020399544 -67.5697
0.0020401544 -67.1699
0.0020403544 -65.1708
0.0020405544 -68.3694
0.0020407544 -70.3685
0.0020409544 -68.7692
0.0020411544 -69.9687
0.0020413544 -66.3703
0.0020415544 -66.3703
0.0020417544 -68.7692
0.0020419544 -69.169
0.0020421544 -67.1699
0.0020423544 -69.9687
0.0020425544 -69.169
0.0020427544 -67.5697
0.0020429544 -68.7692
0.0020431544 -69.9687
0.0020433544 -67.5697
0.0020435544 -68.7692
0.0020437544 -68.7692
0.0020439544 -65.9704
0.0020441544 -67.5697
0.0020443544 -68.7692
0.0020445544 -69.169
0.0020447544 -69.5688
0.0020449544 -70.7683
0.0020451544 -68.3694
0.0020453544 -70.7683
0.0020455544 -69.5688
0.0020457544 -69.9687
0.0020459544 -68.7692
0.0020461544 -69.5688
0.0020463544 -72.3676
0.0020465544 -70.3685
0.0020467544 -70.3685
0.0020469544 -69.9687
0.0020471544 -69.5688
0.0020473544 -68.3694
0.0020475544 -72.3676
0.0020477544 -66.7701
0.0020479544 -70.3685
0.0020481544 -69.9687
0.0020483544 -68.7692
0.0020485544 -69.169
0.0020487544 -69.169
0.0020489544 -69.5688
0.0020491544 -71.1681
0.0020493544 -71.5679
0.0020495544 -71.5679
0.0020497544 -72.3676
0.0020499544 -69.5688
0.0020501544 -69.9687
0.0020503544 -69.9687
0.0020505544 -71.9678
0.0020507544 -69.169
0.0020509544 -71.1681
0.0020511544 -71.5679
0.0020513544 -69.169
0.0020515544 -70.3685
0.0020517544 -71.5679
0.0020519544 -71.9678
0.0020521544 -72.7674
0.0020523544 -69.169
0.0020525544 -70.3685
0.0020527544 -71.5679
0.0020529544 -71.1681
0.0020531544 -72.7674
0.0020533544 -72.3676
0.0020535544 -72.3676
0.0020537544 -73.9669
0.0020539544 -70.3685
0.0020541544 -71.1681
0.0020543544 -70.7683
0.0020545544 -71.9678
0.0020547544 -69.9687
0.0020549544 -70.7683
0.0020551544 -70.3685
0.0020553544 -72.7674
0.0020555544 -69.9687
0.0020557544 -69.9687
0.0020559544 -73.1672
0.0020561544 -71.9678
0.0020563544 -73.1672
0.0020565544 -69.9687
0.0020567544 -71.5679
0.0020569544 -72.3676
0.0020571544 -74.3667
0.0020573544 -71.9678
0.0020575544 -69.5688
0.0020577544 -72.3676
0.0020579544 -73.1672
0.0020581544 -70.3685
0.0020583544 -71.9678
0.0020585544 -71.5679
0.0020587544 -72.7674
0.0020589544 -71.5679
0.0020591544 -72.3676
0.0020593544 -72.3676
0.0020595544 -68.7692
0.0020597544 -71.9678
0.0020599544 -72.7674
0.0020601544 -71.9678
0.0020603544 -71.9678
0.0020605544 -71.9678
0.0020607544 -73.9669
0.0020609544 -73.1672
0.0020611544 -74.3667
0.0020613544 -71.5679
0.0020615544 -73.567
0.0020617544 -73.1672
0.0020619544 -71.9678
0.0020621544 -74.7665
0.0020623544 -75.966
0.0020625544 -72.3676
0.0020627544 -69.5688
0.0020629544 -73.1672
0.0020631544 -74.7665
0.0020633544 -73.9669
0.0020635544 -72.3676
0.0020637544 -73.1672
0.0020639544 -73.1672
0.0020641544 -73.9669
0.0020643544 -74.7665
0.0020645544 -76.7656
0.0020647544 -72.7674
0.0020649544 -74.3667
0.0020651544 -72.7674
0.0020653544 -73.567
0.0020655544 -76.7656
0.0020657544 -77.1654
0.0020659544 -75.966
0.0020661544 -73.567
0.0020663544 -75.5661
0.0020665544 -74.3667
0.0020667544 -75.1663
0.0020669544 -73.1672
0.0020671544 -76.3658
0.0020673544 -73.9669
0.0020675544 -76.7656
0.0020677544 -75.5661
0.0020679544 -75.1663
0.0020681544 -74.3667
0.0020683544 -77.1654
0.0020685544 -74.7665
0.0020687544 -75.966
0.0020689544 -76.3658
0.0020691544 -74.7665
0.0020693544 -74.3667
0.0020695544 -76.3658
0.0020697544 -74.3667
0.0020699544 -75.966
0.0020701544 -73.9669
0.0020703544 -75.1663
0.0020705544 -74.7665
0.0020707544 -73.567
0.0020709544 -73.9669
0.0020711544 -74.3667
0.0020713544 -77.5653
0.0020715544 -73.9669
0.0020717544 -77.1654
0.0020719544 -75.5661
0.0020721544 -75.5661
0.0020723544 -76.7656
0.0020725544 -76.3658
0.0020727544 -75.1663
0.0020729544 -75.1663
0.0020731544 -79.5644
0.0020733544 -77.1654
0.0020735544 -75.966
0.0020737544 -76.7656
0.0020739544 -76.3658
0.0020741544 -78.7647
0.0020743544 -76.7656
0.0020745544 -77.1654
0.0020747544 -81.5635
0.0020749544 -77.5653
0.0020751544 -75.1663
0.0020753544 -77.5653
0.0020755544 -74.3667
0.0020757544 -78.7647
0.0020759544 -75.5661
0.0020761544 -77.1654
0.0020763544 -74.7665
0.0020765544 -77.5653
0.0020767544 -78.3649
0.0020769544 -75.966
0.0020771544 -78.7647
0.0020773544 -80.364
0.0020775544 -77.1654
0.0020777544 -75.966
0.0020779544 -76.7656
0.0020781544 -77.5653
0.0020783544 -77.1654
0.0020785544 -79.1645
0.0020787544 -74.7665
0.0020789544 -75.966
0.0020791544 -77.9651
0.0020793544 -77.1654
0.0020795544 -76.7656
0.0020797544 -76.3658
0.0020799544 -77.1654
0.0020801544 -75.5661
0.0020803544 -76.3658
0.0020805544 -79.1645
0.0020807544 -80.364
0.0020809544 -76.7656
0.0020811544 -76.7656
0.0020813544 -77.5653
0.0020815544 -78.3649
0.0020817544 -77.1654
0.0020819544 -77.5653
0.0020821544 -80.7638
0.0020823544 -79.1645
0.0020825544 -77.9651
0.0020827544 -79.1645
0.0020829544 -78.3649
0.0020831544 -78.7647
0.0020833544 -80.364
0.0020835544 -77.5653
0.0020837544 -79.9642
0.0020839544 -75.966
0.0020841544 -77.9651
0.0020843544 -80.364
0.0020845544 -80.364
0.0020847544 -79.9642
0.0020849544 -78.7647
0.0020851544 -79.5644
0.0020853544 -76.7656
0.0020855544 -80.364
0.0020857544 -80.364
0.0020859544 -81.1636
0.0020861544 -77.9651
0.0020863544 -79.9642
0.0020865544 -79.5644
0.0020867544 -80.364
0.0020869544 -78.3649
0.0020871544 -78.3649
0.0020873544 -76.3658
0.0020875544 -81.9633
0.0020877544 -79.1645
0.0020879544 -80.364
0.0020881544 -78.7647
0.0020883544 -78.3649
0.0020885544 -81.1636
0.0020887544 -80.7638
0.0020889544 -79.9642
0.0020891544 -78.7647
0.0020893544 -79.1645
0.0020895544 -79.5644
0.0020897544 -77.9651
0.0020899544 -79.5644
0.0020901544 -79.5644
0.0020903544 -79.1645
0.0020905544 -80.364
0.0020907544 -81.5635
0.0020909544 -82.7629
0.0020911544 -83.5626
0.0020913544 -81.1636
0.0020915544 -82.3631
0.0020917544 -84.3622
0.0020919544 -81.1636
0.0020921544 -79.9642
0.0020923544 -82.3631
0.0020925544 -82.3631
0.0020927544 -83.1627
0.0020929544 -81.1636
0.0020931544 -83.1627
0.0020933544 -82.7629
0.0020935544 -81.5635
0.0020937544 -83.1627
0.0020939544 -83.9624
0.0020941544 -79.1645
0.0020943544 -83.1627
0.0020945544 -83.9624
0.0020947544 -80.7638
0.0020949544 -83.1627
0.0020951544 -83.1627
0.0020953544 -81.5635
0.0020955544 -83.5626
0.0020957544 -81.1636
0.0020959544 -81.5635
0.0020961544 -82.7629
0.0020963544 -83.1627
0.0020965544 -81.1636
0.0020967544 -79.5644
0.0020969544 -79.1645
0.0020971544 -83.9624
0.0020973544 -79.9642
0.0020975544 -83.5626
0.0020977544 -85.5617
0.0020979544 -83.5626
0.0020981544 -83.1627
0.0020983544 -83.5626
0.0020985544 -82.3631
0.0020987544 -84.762
0.0020989544 -81.9633
0.0020991544 -82.7629
0.0020993544 -84.3622
0.0020995544 -83.1627
0.0020997544 -83.1627
0.0020999544 -83.9624
0.0021001544 -83.9624
0.0021003544 -85.1618
0.0021005544 -84.3622
0.0021007544 -81.9633
0.0021009544 -84.762
0.0021011544 -83.5626
0.0021013544 -84.3622
0.0021015544 -83.5626
0.0021017544 -84.3622
0.0021019544 -81.9633
0.0021021544 -83.9624
0.0021023544 -84.762
0.0021025544 -83.9624
0.0021027544 -82.7629
0.0021029544 -85.1618
0.0021031544 -87.161
0.0021033544 -85.5617
0.0021035544 -85.1618
0.0021037544 -87.5608
0.0021039544 -85.1618
0.0021041544 -85.1618
0.0021043544 -85.9615
0.0021045544 -83.1627
0.0021047544 -85.1618
0.0021049544 -83.9624
0.0021051544 -81.5635
0.0021053544 -84.3622
0.0021055544 -85.9615
0.0021057544 -84.3622
0.0021059544 -85.5617
0.0021061544 -84.762
0.0021063544 -87.5608
0.0021065544 -87.161
0.0021067544 -85.1618
0.0021069544 -86.7611
0.0021071544 -85.9615
0.0021073544 -84.762
0.0021075544 -85.9615
0.0021077544 -85.1618
0.0021079544 -87.161
0.0021081544 -84.3622
0.0021083544 -84.3622
0.0021085544 -88.3604
0.0021087544 -85.1618
0.0021089544 -85.1618
0.0021091544 -87.161
0.0021093544 -85.5617
0.0021095544 -88.3604
0.0021097544 -85.9615
0.0021099544 -85.5617
0.0021101544 -86.3613
0.0021103544 -88.7602
0.0021105544 -88.7602
0.0021107544 -85.5617
0.0021109544 -85.9615
0.0021111544 -85.9615
0.0021113544 -85.9615
0.0021115544 -85.5617
0.0021117544 -86.7611
0.0021119544 -86.7611
0.0021121544 -84.3622
0.0021123544 -85.1618
0.0021125544 -86.3613
0.0021127544 -85.5617
0.0021129544 -85.1618
0.0021131544 -85.1618
0.0021133544 -85.9615
0.0021135544 -87.161
0.0021137544 -86.3613
0.0021139544 -86.7611
0.0021141544 -87.9606
0.0021143544 -85.9615
0.0021145544 -88.7602
0.0021147544 -86.7611
0.0021149544 -87.9606
0.0021151544 -87.5608
0.0021153544 -87.5608
0.0021155544 -88.7602
0.0021157544 -87.9606
0.0021159544 -85.5617
0.0021161544 -86.3613
0.0021163544 -85.9615
0.0021165544 -87.9606
0.0021167544 -86.7611
0.0021169544 -88.3604
0.0021171544 -85.1618
0.0021173544 -87.9606
0.0021175544 -88.7602
0.0021177544 -91.559
0.0021179544 -87.161
0.0021181544 -88.3604
0.0021183544 -87.9606
0.0021185544 -86.7611
0.0021187544 -87.5608
0.0021189544 -87.9606
0.0021191544 -87.5608
0.0021193544 -89.5599
0.0021195544 -89.5599
0.0021197544 -87.5608
0.0021199544 -87.161
0.0021201544 -86.3613
0.0021203544 -87.161
0.0021205544 -88.7602
0.0021207544 -88.3604
0.0021209544 -87.161
0.0021211544 -87.161
0.0021213544 -88.7602
0.0021215544 -87.5608
0.0021217544 -87.9606
0.0021219544 -87.9606
0.0021221544 -90.7593
0.0021223544 -87.9606
0.0021225544 -89.5599
0.0021227544 -87.5608
0.0021229544 -88.3604
0.0021231544 -87.161
0.0021233544 -89.9597
0.0021235544 -87.161
0.0021237544 -87.5608
0.0021239544 -91.559
0.0021241544 -87.161
0.0021243544 -88.3604
0.0021245544 -90.3595
0.0021247544 -89.1601
0.0021249544 -88.3604
0.0021251544 -87.9606
0.0021253544 -87.161
0.0021255544 -88.3604
0.0021257544 -88.3604
0.0021259544 -89.9597
0.0021261544 -88.3604
0.0021263544 -90.3595
0.0021265544 -87.161
0.0021267544 -91.9588
0.0021269544 -88.7602
0.0021271544 -87.161
0.0021273544 -88.3604
0.0021275544 -90.3595
0.0021277544 -89.5599
0.0021279544 -89.1601
0.0021281544 -89.5599
0.0021283544 -89.1601
0.0021285544 -86.7611
0.0021287544 -87.9606
0.0021289544 -89.5599
0.0021291544 -88.7602
0.0021293544 -88.3604
0.0021295544 -93.5581
0.0021297544 -89.1601
0.0021299544 -90.3595
0.0021301544 -92.3586
0.0021303544 -89.5599
0.0021305544 -91.9588
0.0021307544 -89.1601
0.0021309544 -91.559
0.0021311544 -89.5599
0.0021313544 -94.3577
0.0021315544 -88.3604
0.0021317544 -88.7602
0.0021319544 -91.1592
0.0021321544 -88.3604
0.0021323544 -90.7593
0.0021325544 -92.3586
0.0021327544 -91.559
0.0021329544 -88.7602
0.0021331544 -89.1601
0.0021333544 -90.3595
0.0021335544 -93.5581
0.0021337544 -89.1601
0.0021339544 -89.5599
0.0021341544 -89.5599
0.0021343544 -91.1592
0.0021345544 -93.9579
0.0021347544 -89.5599
0.0021349544 -91.559
0.0021351544 -88.7602
0.0021353544 -91.559
0.0021355544 -91.559
0.0021357544 -91.1592
0.0021359544 -93.9579
0.0021361544 -88.7602
0.0021363544 -89.9597
0.0021365544 -89.9597
0.0021367544 -91.1592
0.0021369544 -89.5599
0.0021371544 -91.559
0.0021373544 -89.9597
0.0021375544 -89.9597
0.0021377544 -91.9588
0.0021379544 -91.9588
0.0021381544 -89.9597
0.0021383544 -90.7593
0.0021385544 -92.7584
0.0021387544 -89.5599
0.0021389544 -91.559
0.0021391544 -91.9588
0.0021393544 -89.5599
0.0021395544 -88.3604
0.0021397544 -90.7593
0.0021399544 -91.559
0.0021401544 -93.5581
0.0021403544 -91.1592
0.0021405544 -92.3586
0.0021407544 -90.3595
0.0021409544 -93.9579
0.0021411544 -93.1583
0.0021413544 -88.7602
0.0021415544 -90.3595
0.0021417544 -89.1601
0.0021419544 -91.9588
0.0021421544 -91.1592
0.0021423544 -91.559
0.0021425544 -90.7593
0.0021427544 -91.1592
0.0021429544 -92.7584
0.0021431544 -91.559
0.0021433544 -91.1592
0.0021435544 -91.559
0.0021437544 -90.3595
0.0021439544 -92.7584
0.0021441544 -92.7584
0.0021443544 -91.9588
0.0021445544 -91.9588
0.0021447544 -92.7584
0.0021449544 -91.9588
0.0021451544 -91.9588
0.0021453544 -93.1583
0.0021455544 -92.3586
0.0021457544 -95.5572
0.0021459544 -91.559
0.0021461544 -93.5581
0.0021463544 -92.7584
0.0021465544 -92.7584
0.0021467544 -93.1583
0.0021469544 -90.3595
0.0021471544 -91.9588
0.0021473544 -94.7575
0.0021475544 -92.7584
0.0021477544 -91.1592
0.0021479544 -92.3586
0.0021481544 -93.5581
0.0021483544 -92.3586
0.0021485544 -94.7575
0.0021487544 -90.3595
0.0021489544 -93.9579
0.0021491544 -92.7584
0.0021493544 -92.3586
0.0021495544 -93.5581
0.0021497544 -94.7575
0.0021499544 -92.7584
0.0021501544 -95.5572
0.0021503544 -93.5581
0.0021505544 -96.3568
0.0021507544 -95.5572
0.0021509544 -95.1574
0.0021511544 -94.7575
0.0021513544 -94.7575
0.0021515544 -93.1583
0.0021517544 -94.7575
0.0021519544 -95.5572
0.0021521544 -93.9579
0.0021523544 -93.5581
0.0021525544 -94.3577
0.0021527544 -91.9588
0.0021529544 -94.7575
0.0021531544 -93.5581
0.0021533544 -94.7575
0.0021535544 -95.1574
0.0021537544 -92.3586
0.0021539544 -96.3568
0.0021541544 -95.5572
0.0021543544 -93.9579
0.0021545544 -94.7575
0.0021547544 -95.1574
0.0021549544 -96.3568
0.0021551544 -96.3568
0.0021553544 -92.3586
0.0021555544 -93.1583
0.0021557544 -93.1583
0.0021559544 -95.1574
0.0021561544 -96.3568
0.0021563544 -93.9579
0.0021565544 -94.3577
0.0021567544 -95.5572
0.0021569544 -97.5563
0.0021571544 -95.1574
0.0021573544 -95.5572
0.0021575544 -98.3559
0.0021577544 -96.3568
0.0021579544 -97.5563
0.0021581544 -96.3568
0.0021583544 -97.5563
0.0021585544 -95.957
0.0021587544 -96.7567
0.0021589544 -98.3559
0.0021591544 -97.5563
0.0021593544 -93.1583
0.0021595544 -94.7575
0.0021597544 -95.5572
0.0021599544 -96.3568
0.0021601544 -95.5572
0.0021603544 -93.5581
0.0021605544 -95.5572
0.0021607544 -99.9552
0.0021609544 -99.1556
0.0021611544 -99.1556
0.0021613544 -98.3559
0.0021615544 -97.1565
0.0021617544 -97.9561
0.0021619544 -94.7575
0.0021621544 -97.5563
0.0021623544 -95.957
0.0021625544 -96.7567
0.0021627544 -94.3577
0.0021629544 -99.1556
0.0021631544 -97.5563
0.0021633544 -98.3559
0.0021635544 -97.5563
0.0021637544 -96.7567
0.0021639544 -96.7567
0.0021641544 -96.7567
0.0021643544 -98.7558
0.0021645544 -97.1565
0.0021647544 -99.9552
0.0021649544 -97.5563
0.0021651544 -96.7567
0.0021653544 -99.1556
0.0021655544 -96.3568
0.0021657544 -95.957
0.0021659544 -101.555
0.0021661544 -99.5554
0.0021663544 -97.1565
0.0021665544 -99.9552
0.0021667544 -96.3568
0.0021669544 -99.5554
0.0021671544 -96.7567
0.0021673544 -99.1556
0.0021675544 -99.9552
0.0021677544 -97.9561
0.0021679544 -98.3559
0.0021681544 -99.5554
0.0021683544 -99.5554
0.0021685544 -99.1556
0.0021687544 -99.5554
0.0021689544 -99.1556
0.0021691544 -98.7558
0.0021693544 -99.1556
0.0021695544 -101.555
0.0021697544 -99.5554
0.0021699544 -100.755
0.0021701544 -99.5554
0.0021703544 -101.155
0.0021705544 -99.5554
0.0021707544 -99.9552
0.0021709544 -100.755
0.0021711544 -102.354
0.0021713544 -101.555
0.0021715544 -99.5554
0.0021717544 -99.9552
0.0021719544 -100.755
0.0021721544 -99.5554
0.0021723544 -98.3559
0.0021725544 -101.155
0.0021727544 -100.355
0.0021729544 -99.1556
0.0021731544 -100.755
0.0021733544 -99.9552
0.0021735544 -100.355
0.0021737544 -99.1556
0.0021739544 -96.3568
0.0021741544 -101.555
0.0021743544 -99.9552
0.0021745544 -103.154
0.0021747544 -99.5554
0.0021749544 -102.354
0.0021751544 -97.5563
0.0021753544 -100.755
0.0021755544 -100.755
0.0021757544 -102.354
0.0021759544 -101.155
0.0021761544 -99.5554
0.0021763544 -98.7558
0.0021765544 -101.954
0.0021767544 -103.154
0.0021769544 -102.754
0.0021771544 -101.555
0.0021773544 -101.954
0.0021775544 -102.354
0.0021777544 -101.954
0.0021779544 -103.554
0.0021781544 -104.753
0.0021783544 -101.155
0.0021785544 -102.754
0.0021787544 -103.554
0.0021789544 -103.554
0.0021791544 -102.754
0.0021793544 -99.9552
0.0021795544 -101.155
0.0021797544 -101.155
0.0021799544 -99.5554
0.0021801544 -101.555
0.0021803544 -99.9552
0.0021805544 -97.9561
0.0021807544 -103.554
0.0021809544 -101.954
0.0021811544 -103.953
0.0021813544 -103.554
0.0021815544 -99.9552
0.0021817544 -102.754
0.0021819544 -101.555
0.0021821544 -101.555
0.0021823544 -104.753
0.0021825544 -103.154
0.0021827544 -102.354
0.0021829544 -101.555
0.0021831544 -104.753
0.0021833544 -103.554
0.0021835544 -103.953
0.0021837544 -104.753
0.0021839544 -101.954
0.0021841544 -103.554
0.0021843544 -104.353
0.0021845544 -104.353
0.0021847544 -104.353
0.0021849544 -103.554
0.0021851544 -105.553
0.0021853544 -103.554
0.0021855544 -105.953
0.0021857544 -105.953
0.0021859544 -104.353
0.0021861544 -103.554
0.0021863544 -104.753
0.0021865544 -106.752
0.0021867544 -106.352
0.0021869544 -105.553
0.0021871544 -105.553
0.0021873544 -107.552
0.0021875544 -103.953
0.0021877544 -106.352
0.0021879544 -103.154
0.0021881544 -106.752
0.0021883544 -105.953
0.0021885544 -104.353
0.0021887544 -107.552
0.0021889544 -104.753
0.0021891544 -105.553
0.0021893544 -103.154
0.0021895544 -105.153
0.0021897544 -105.153
0.0021899544 -104.353
0.0021901544 -105.953
0.0021903544 -104.753
0.0021905544 -104.753
0.0021907544 -107.152
0.0021909544 -106.352
0.0021911544 -106.352
0.0021913544 -107.152
0.0021915544 -104.353
0.0021917544 -105.953
0.0021919544 -107.552
0.0021921544 -105.953
0.0021923544 -105.953
0.0021925544 -108.351
0.0021927544 -108.351
0.0021929544 -105.153
0.0021931544 -107.552
0.0021933544 -105.953
0.0021935544 -107.952
0.0021937544 -105.553
0.0021939544 -108.751
0.0021941544 -109.151
0.0021943544 -106.352
0.0021945544 -106.752
0.0021947544 -108.751
0.0021949544 -107.552
0.0021951544 -106.352
0.0021953544 -105.553
0.0021955544 -108.751
0.0021957544 -108.751
0.0021959544 -109.951
0.0021961544 -107.152
0.0021963544 -105.953
0.0021965544 -106.752
0.0021967544 -106.352
0.0021969544 -105.553
0.0021971544 -105.953
0.0021973544 -107.952
0.0021975544 -105.553
0.0021977544 -109.151
0.0021979544 -108.351
0.0021981544 -109.151
0.0021983544 -107.152
0.0021985544 -108.351
0.0021987544 -107.952
0.0021989544 -108.751
0.0021991544 -107.552
0.0021993544 -108.351
0.0021995544 -109.151
0.0021997544 -109.551
0.0021999544 -109.551
0.0022001544 -108.351
0.0022003544 -109.551
0.0022005544 -109.151
0.0022007544 -109.151
0.0022009544 -108.351
0.0022011544 -109.151
0.0022013544 -109.551
0.0022015544 -108.751
0.0022017544 -109.951
0.0022019544 -107.552
0.0022021544 -109.951
0.0022023544 -111.55
0.0022025544 -107.552
0.0022027544 -110.351
0.0022029544 -110.75
0.0022031544 -109.551
0.0022033544 -108.351
0.0022035544 -110.75
0.0022037544 -108.751
0.0022039544 -107.552
0.0022041544 -108.751
0.0022043544 -111.15
0.0022045544 -108.351
0.0022047544 -110.75
0.0022049544 -106.352
0.0022051544 -107.552
0.0022053544 -109.951
0.0022055544 -109.551
0.0022057544 -107.952
0.0022059544 -109.551
0.0022061544 -111.55
0.0022063544 -109.551
0.0022065544 -111.55
0.0022067544 -111.55
0.0022069544 -108.351
0.0022071544 -110.75
0.0022073544 -108.751
0.0022075544 -109.551
0.0022077544 -108.751
0.0022079544 -109.951
0.0022081544 -107.552
0.0022083544 -109.551
0.0022085544 -113.949
0.0022087544 -110.351
0.0022089544 -111.95
0.0022091544 -110.75
0.0022093544 -109.551
0.0022095544 -111.15
0.0022097544 -109.951
0.0022099544 -110.351
0.0022101544 -108.751
0.0022103544 -111.55
0.0022105544 -108.351
0.0022107544 -112.35
0.0022109544 -109.551
0.0022111544 -110.351
0.0022113544 -108.751
0.0022115544 -112.35
0.0022117544 -110.75
0.0022119544 -111.15
0.0022121544 -109.951
0.0022123544 -111.15
0.0022125544 -109.151
0.0022127544 -112.35
0.0022129544 -110.75
0.0022131544 -110.75
0.0022133544 -113.149
0.0022135544 -108.351
0.0022137544 -110.75
0.0022139544 -110.75
0.0022141544 -111.55
0.0022143544 -113.149
0.0022145544 -114.749
0.0022147544 -111.95
0.0022149544 -113.549
0.0022151544 -111.55
0.0022153544 -111.15
0.0022155544 -113.949
0.0022157544 -114.349
0.0022159544 -111.95
0.0022161544 -111.95
0.0022163544 -111.55
0.0022165544 -110.75
0.0022167544 -112.749
0.0022169544 -111.95
0.0022171544 -111.15
0.0022173544 -114.349
0.0022175544 -112.35
0.0022177544 -112.749
0.0022179544 -111.15
0.0022181544 -114.749
0.0022183544 -112.35
0.0022185544 -111.95
0.0022187544 -112.35
0.0022189544 -112.749
0.0022191544 -112.749
0.0022193544 -113.549
0.0022195544 -112.35
0.0022197544 -113.549
0.0022199544 -115.548
0.0022201544 -114.349
0.0022203544 -112.35
0.0022205544 -113.549
0.0022207544 -114.349
0.0022209544 -113.149
0.0022211544 -112.35
0.0022213544 -113.549
0.0022215544 -112.35
0.0022217544 -116.348
0.0022219544 -115.148
0.0022221544 -114.349
0.0022223544 -114.349
0.0022225544 -117.148
0.0022227544 -114.349
0.0022229544 -113.149
0.0022231544 -113.149
0.0022233544 -114.349
0.0022235544 -115.148
0.0022237544 -113.149
0.0022239544 -115.548
0.0022241544 -112.35
0.0022243544 -113.949
0.0022245544 -111.95
0.0022247544 -115.148
0.0022249544 -115.948
0.0022251544 -115.548
0.0022253544 -112.749
0.0022255544 -113.949
0.0022257544 -115.148
0.0022259544 -113.949
0.0022261544 -114.349
0.0022263544 -115.948
0.0022265544 -116.348
0.0022267544 -117.547
0.0022269544 -115.948
0.0022271544 -115.948
0.0022273544 -115.148
0.0022275544 -115.948
0.0022277544 -113.549
0.0022279544 -116.348
0.0022281544 -115.548
0.0022283544 -115.548
0.0022285544 -113.549
0.0022287544 -112.35
0.0022289544 -115.148
0.0022291544 -112.749
0.0022293544 -116.748
0.0022295544 -115.948
0.0022297544 -116.348
0.0022299544 -115.548
0.0022301544 -116.348
0.0022303544 -115.548
0.0022305544 -115.148
0.0022307544 -116.748
0.0022309544 -115.948
0.0022311544 -115.948
0.0022313544 -116.348
0.0022315544 -116.348
0.0022317544 -117.148
0.0022319544 -115.548
0.0022321544 -117.547
0.0022323544 -116.348
0.0022325544 -113.949
0.0022327544 -115.948
0.0022329544 -119.147
0.0022331544 -115.548
0.0022333544 -117.148
0.0022335544 -119.147
0.0022337544 -115.148
0.0022339544 -116.748
0.0022341544 -119.546
0.0022343544 -117.547
0.0022345544 -117.148
0.0022347544 -117.148
0.0022349544 -117.947
0.0022351544 -119.946
0.0022353544 -116.348
0.0022355544 -118.347
0.0022357544 -115.548
0.0022359544 -117.947
0.0022361544 -117.547
0.0022363544 -115.548
0.0022365544 -119.946
0.0022367544 -120.346
0.0022369544 -117.547
0.0022371544 -117.547
0.0022373544 -119.946
0.0022375544 -118.347
0.0022377544 -119.147
0.0022379544 -121.546
0.0022381544 -119.546
0.0022383544 -120.346
0.0022385544 -116.748
0.0022387544 -120.346
0.0022389544 -120.746
0.0022391544 -117.148
0.0022393544 -117.148
0.0022395544 -119.147
0.0022397544 -122.745
0.0022399544 -123.145
0.0022401544 -117.547
0.0022403544 -121.945
0.0022405544 -120.746
0.0022407544 -119.946
0.0022409544 -120.346
0.0022411544 -119.546
0.0022413544 -118.747
0.0022415544 -119.946
0.0022417544 -120.346
0.0022419544 -117.947
0.0022421544 -121.945
0.0022423544 -118.747
0.0022425544 -119.946
0.0022427544 -121.546
0.0022429544 -120.746
0.0022431544 -120.746
0.0022433544 -117.547
0.0022435544 -121.146
0.0022437544 -118.347
0.0022439544 -119.946
0.0022441544 -119.546
0.0022443544 -122.345
0.0022445544 -121.546
0.0022447544 -121.546
0.0022449544 -121.546
0.0022451544 -122.345
0.0022453544 -119.147
0.0022455544 -120.746
0.0022457544 -119.946
0.0022459544 -121.146
0.0022461544 -121.146
0.0022463544 -122.345
0.0022465544 -122.745
0.0022467544 -121.945
0.0022469544 -121.945
0.0022471544 -123.545
0.0022473544 -117.947
0.0022475544 -121.146
0.0022477544 -122.745
0.0022479544 -122.745
0.0022481544 -119.946
0.0022483544 -120.346
0.0022485544 -121.146
0.0022487544 -123.545
0.0022489544 -119.546
0.0022491544 -122.345
0.0022493544 -121.945
0.0022495544 -122.745
0.0022497544 -125.144
0.0022499544 -122.345
0.0022501544 -121.546
0.0022503544 -121.146
0.0022505544 -119.946
0.0022507544 -120.746
0.0022509544 -124.744
0.0022511544 -120.346
0.0022513544 -121.146
0.0022515544 -123.545
0.0022517544 -121.146
0.0022519544 -121.945
0.0022521544 -121.945
0.0022523544 -120.346
0.0022525544 -122.745
0.0022527544 -121.945
0.0022529544 -122.345
0.0022531544 -124.344
0.0022533544 -122.745
0.0022535544 -121.546
0.0022537544 -122.745
0.0022539544 -120.746
0.0022541544 -121.146
0.0022543544 -121.146
0.0022545544 -119.546
0.0022547544 -120.746
0.0022549544 -123.545
0.0022551544 -122.745
0.0022553544 -124.344
0.0022555544 -122.345
0.0022557544 -124.744
0.0022559544 -123.145
0.0022561544 -118.747
0.0022563544 -123.545
0.0022565544 -121.546
0.0022567544 -124.344
0.0022569544 -124.344
0.0022571544 -123.145
0.0022573544 -123.545
0.0022575544 -123.545
0.0022577544 -123.944
0.0022579544 -123.145
0.0022581544 -127.543
0.0022583544 -121.546
0.0022585544 -122.745
0.0022587544 -123.944
0.0022589544 -121.945
0.0022591544 -125.144
0.0022593544 -121.945
0.0022595544 -123.944
0.0022597544 -124.344
0.0022599544 -122.745
0.0022601544 -122.345
0.0022603544 -123.944
0.0022605544 -125.544
0.0022607544 -125.944
0.0022609544 -125.944
0.0022611544 -122.745
0.0022613544 -124.344
0.0022615544 -125.944
0.0022617544 -125.144
0.0022619544 -125.544
0.0022621544 -123.545
0.0022623544 -126.343
0.0022625544 -125.144
0.0022627544 -126.343
0.0022629544 -126.743
0.0022631544 -123.145
0.0022633544 -124.344
0.0022635544 -125.544
0.0022637544 -126.343
0.0022639544 -126.743
0.0022641544 -126.343
0.0022643544 -127.143
0.0022645544 -127.143
0.0022647544 -126.743
0.0022649544 -122.745
0.0022651544 -125.544
0.0022653544 -126.743
0.0022655544 -126.743
0.0022657544 -127.543
0.0022659544 -126.343
0.0022661544 -124.744
0.0022663544 -123.944
0.0022665544 -125.144
0.0022667544 -124.744
0.0022669544 -126.743
0.0022671544 -128.343
0.0022673544 -128.742
0.0022675544 -125.144
0.0022677544 -125.144
0.0022679544 -128.343
0.0022681544 -125.144
0.0022683544 -126.343
0.0022685544 -126.343
0.0022687544 -124.344
0.0022689544 -123.944
0.0022691544 -124.344
0.0022693544 -127.143
0.0022695544 -124.744
0.0022697544 -126.743
0.0022699544 -124.744
0.0022701544 -126.743
0.0022703544 -124.344
0.0022705544 -127.143
0.0022707544 -125.144
0.0022709544 -125.944
0.0022711544 -125.144
0.0022713544 -127.943
0.0022715544 -125.144
0.0022717544 -126.343
0.0022719544 -126.343
0.0022721544 -125.144
0.0022723544 -125.944
0.0022725544 -126.743
0.0022727544 -129.142
0.0022729544 -128.343
0.0022731544 -123.944
0.0022733544 -127.943
0.0022735544 -126.343
0.0022737544 -127.143
0.0022739544 -128.343
0.0022741544 -126.743
0.0022743544 -127.143
0.0022745544 -125.944
0.0022747544 -126.343
0.0022749544 -124.744
0.0022751544 -127.543
0.0022753544 -130.741
0.0022755544 -126.743
0.0022757544 -129.142
0.0022759544 -128.343
0.0022761544 -128.742
0.0022763544 -127.143
0.0022765544 -127.543
0.0022767544 -127.543
0.0022769544 -129.142
0.0022771544 -127.143
0.0022773544 -127.543
0.0022775544 -127.543
0.0022777544 -127.943
0.0022779544 -128.742
0.0022781544 -127.143
0.0022783544 -130.342
0.0022785544 -126.743
0.0022787544 -125.944
0.0022789544 -126.343
0.0022791544 -129.542
0.0022793544 -126.743
0.0022795544 -129.142
0.0022797544 -129.142
0.0022799544 -127.543
0.0022801544 -127.143
0.0022803544 -129.542
0.0022805544 -129.542
0.0022807544 -131.141
0.0022809544 -128.343
0.0022811544 -127.143
0.0022813544 -125.944
0.0022815544 -128.343
0.0022817544 -130.342
0.0022819544 -128.742
0.0022821544 -128.343
0.0022823544 -130.342
0.0022825544 -127.143
0.0022827544 -127.143
0.0022829544 -130.741
0.0022831544 -130.342
0.0022833544 -129.142
0.0022835544 -129.142
0.0022837544 -127.143
0.0022839544 -129.942
0.0022841544 -131.141
0.0022843544 -129.542
0.0022845544 -130.741
0.0022847544 -127.943
0.0022849544 -128.343
0.0022851544 -129.142
0.0022853544 -130.741
0.0022855544 -126.743
0.0022857544 -128.343
0.0022859544 -131.541
0.0022861544 -129.542
0.0022863544 -130.342
0.0022865544 -129.542
0.0022867544 -129.942
0.0022869544 -130.342
0.0022871544 -132.741
0.0022873544 -129.542
0.0022875544 -130.741
0.0022877544 -128.343
0.0022879544 -126.743
0.0022881544 -130.741
0.0022883544 -129.942
0.0022885544 -127.143
0.0022887544 -128.343
0.0022889544 -129.942
0.0022891544 -131.141
0.0022893544 -127.543
0.0022895544 -127.943
0.0022897544 -127.143
0.0022899544 -129.542
0.0022901544 -133.14
0.0022903544 -130.741
0.0022905544 -130.342
0.0022907544 -132.741
0.0022909544 -129.142
0.0022911544 -129.942
0.0022913544 -131.941
0.0022915544 -129.142
0.0022917544 -131.541
0.0022919544 -129.142
0.0022921544 -129.542
0.0022923544 -129.142
0.0022925544 -129.942
0.0022927544 -130.342
0.0022929544 -129.542
0.0022931544 -129.142
0.0022933544 -129.942
0.0022935544 -129.142
0.0022937544 -129.942
0.0022939544 -130.342
0.0022941544 -129.542
0.0022943544 -129.142
0.0022945544 -131.941
0.0022947544 -131.141
0.0022949544 -129.142
0.0022951544 -130.342
0.0022953544 -130.741
0.0022955544 -130.342
0.0022957544 -129.542
0.0022959544 -130.741
0.0022961544 -128.742
0.0022963544 -131.141
0.0022965544 -131.141
0.0022967544 -131.541
0.0022969544 -129.542
0.0022971544 -130.741
0.0022973544 -131.141
0.0022975544 -131.541
0.0022977544 -129.942
0.0022979544 -131.141
0.0022981544 -127.943
0.0022983544 -130.741
0.0022985544 -129.142
0.0022987544 -129.942
0.0022989544 -130.342
0.0022991544 -129.942
0.0022993544 -129.942
0.0022995544 -130.342
0.0022997544 -127.143
0.0022999544 -130.741
0.0023001544 -130.342
0.0023003544 -129.942
0.0023005544 -132.741
0.0023007544 -132.341
0.0023009544 -131.541
0.0023011544 -131.541
0.0023013544 -131.941
0.0023015544 -130.741
0.0023017544 -133.14
0.0023019544 -130.741
0.0023021544 -132.741
0.0023023544 -131.141
0.0023025544 -133.14
0.0023027544 -133.54
0.0023029544 -132.741
0.0023031544 -130.741
0.0023033544 -132.741
0.0023035544 -133.54
0.0023037544 -130.741
0.0023039544 -130.741
0.0023041544 -131.141
0.0023043544 -131.941
0.0023045544 -132.741
0.0023047544 -131.941
0.0023049544 -133.54
0.0023051544 -131.941
0.0023053544 -133.94
0.0023055544 -130.342
0.0023057544 -129.942
0.0023059544 -132.341
0.0023061544 -132.741
0.0023063544 -134.74
0.0023065544 -135.139
0.0023067544 -133.94
0.0023069544 -134.74
0.0023071544 -133.54
0.0023073544 -133.54
0.0023075544 -132.341
0.0023077544 -134.34
0.0023079544 -135.539
0.0023081544 -135.139
0.0023083544 -135.139
0.0023085544 -132.341
0.0023087544 -133.14
0.0023089544 -133.94
0.0023091544 -134.74
0.0023093544 -135.939
0.0023095544 -135.539
0.0023097544 -133.54
0.0023099544 -135.939
0.0023101544 -136.339
0.0023103544 -133.94
0.0023105544 -129.942
0.0023107544 -134.34
0.0023109544 -135.939
0.0023111544 -135.139
0.0023113544 -134.34
0.0023115544 -135.139
0.0023117544 -136.339
0.0023119544 -133.54
0.0023121544 -134.74
0.0023123544 -133.54
0.0023125544 -135.139
0.0023127544 -133.14
0.0023129544 -135.539
0.0023131544 -137.139
0.0023133544 -134.74
0.0023135544 -132.741
0.0023137544 -136.739
0.0023139544 -137.538
0.0023141544 -133.94
0.0023143544 -133.54
0.0023145544 -133.54
0.0023147544 -134.34
0.0023149544 -135.139
0.0023151544 -137.139
0.0023153544 -137.139
0.0023155544 -137.938
0.0023157544 -133.54
0.0023159544 -139.138
0.0023161544 -135.939
0.0023163544 -136.339
0.0023165544 -133.94
0.0023167544 -135.139
0.0023169544 -134.34
0.0023171544 -135.539
0.0023173544 -132.741
0.0023175544 -135.139
0.0023177544 -139.138
0.0023179544 -135.539
0.0023181544 -135.939
0.0023183544 -135.139
0.0023185544 -135.539
0.0023187544 -135.539
0.0023189544 -135.139
0.0023191544 -138.338
0.0023193544 -136.739
0.0023195544 -136.739
0.0023197544 -137.538
0.0023199544 -137.938
0.0023201544 -138.738
0.0023203544 -134.74
0.0023205544 -135.539
0.0023207544 -136.339
0.0023209544 -135.939
0.0023211544 -137.139
0.0023213544 -136.339
0.0023215544 -135.139
0.0023217544 -135.139
0.0023219544 -135.139
0.0023221544 -134.74
0.0023223544 -134.74
0.0023225544 -137.538
0.0023227544 -135.939
0.0023229544 -137.938
0.0023231544 -141.936
0.0023233544 -138.738
0.0023235544 -135.939
0.0023237544 -135.939
0.0023239544 -136.339
0.0023241544 -137.538
0.0023243544 -136.739
0.0023245544 -137.139
0.0023247544 -133.94
0.0023249544 -140.337
0.0023251544 -137.139
0.0023253544 -136.339
0.0023255544 -139.537
0.0023257544 -138.338
0.0023259544 -139.537
0.0023261544 -139.537
0.0023263544 -138.338
0.0023265544 -140.737
0.0023267544 -140.737
0.0023269544 -139.937
0.0023271544 -138.738
0.0023273544 -136.339
0.0023275544 -141.137
0.0023277544 -138.738
0.0023279544 -139.937
0.0023281544 -140.337
0.0023283544 -137.938
0.0023285544 -138.738
0.0023287544 -138.338
0.0023289544 -139.537
0.0023291544 -137.938
0.0023293544 -137.139
0.0023295544 -140.337
0.0023297544 -139.537
0.0023299544 -137.538
0.0023301544 -135.939
0.0023303544 -140.337
0.0023305544 -141.137
0.0023307544 -135.939
0.0023309544 -139.537
0.0023311544 -138.338
0.0023313544 -139.537
0.0023315544 -135.139
0.0023317544 -139.138
0.0023319544 -140.337
0.0023321544 -136.739
0.0023323544 -138.738
0.0023325544 -139.138
0.0023327544 -141.137
0.0023329544 -138.738
0.0023331544 -138.738
0.0023333544 -137.938
0.0023335544 -137.538
0.0023337544 -140.737
0.0023339544 -141.537
0.0023341544 -140.737
0.0023343544 -140.337
0.0023345544 -139.537
0.0023347544 -140.737
0.0023349544 -141.137
0.0023351544 -140.337
0.0023353544 -139.937
0.0023355544 -140.737
0.0023357544 -141.936
0.0023359544 -139.937
0.0023361544 -137.938
0.0023363544 -139.937
0.0023365544 -137.538
0.0023367544 -140.337
0.0023369544 -141.537
0.0023371544 -141.137
0.0023373544 -141.137
0.0023375544 -140.337
0.0023377544 -139.937
0.0023379544 -139.537
0.0023381544 -141.936
0.0023383544 -141.537
0.0023385544 -140.737
0.0023387544 -139.537
0.0023389544 -139.138
0.0023391544 -139.138
0.0023393544 -139.138
0.0023395544 -139.937
0.0023397544 -139.138
0.0023399544 -143.136
0.0023401544 -138.738
0.0023403544 -139.937
0.0023405544 -141.537
0.0023407544 -141.537
0.0023409544 -143.536
0.0023411544 -139.537
0.0023413544 -141.936
0.0023415544 -141.137
0.0023417544 -139.937
0.0023419544 -140.737
0.0023421544 -140.737
0.0023423544 -141.537
0.0023425544 -142.736
0.0023427544 -142.336
0.0023429544 -139.138
0.0023431544 -141.936
0.0023433544 -142.336
0.0023435544 -141.137
0.0023437544 -139.138
0.0023439544 -141.137
0.0023441544 -141.137
0.0023443544 -141.137
0.0023445544 -141.137
0.0023447544 -141.137
0.0023449544 -138.738
0.0023451544 -141.137
0.0023453544 -140.737
0.0023455544 -142.336
0.0023457544 -143.136
0.0023459544 -143.536
0.0023461544 -141.137
0.0023463544 -139.537
0.0023465544 -142.336
0.0023467544 -141.537
0.0023469544 -141.137
0.0023471544 -141.936
0.0023473544 -140.737
0.0023475544 -141.537
0.0023477544 -140.337
0.0023479544 -141.137
0.0023481544 -142.336
0.0023483544 -144.335
0.0023485544 -142.336
0.0023487544 -140.737
0.0023489544 -139.937
0.0023491544 -142.736
0.0023493544 -140.337
0.0023495544 -141.936
0.0023497544 -143.136
0.0023499544 -144.335
0.0023501544 -141.537
0.0023503544 -140.337
0.0023505544 -141.936
0.0023507544 -143.536
0.0023509544 -141.537
0.0023511544 -141.537
0.0023513544 -139.937
0.0023515544 -142.336
0.0023517544 -141.137
0.0023519544 -145.135
0.0023521544 -141.936
0.0023523544 -145.935
0.0023525544 -141.936
0.0023527544 -141.537
0.0023529544 -143.536
0.0023531544 -143.136
0.0023533544 -141.936
0.0023535544 -141.936
0.0023537544 -144.335
0.0023539544 -142.336
0.0023541544 -141.936
0.0023543544 -143.536
0.0023545544 -145.535
0.0023547544 -143.136
0.0023549544 -140.737
0.0023551544 -141.537
0.0023553544 -142.736
0.0023555544 -143.136
0.0023557544 -141.137
0.0023559544 -141.537
0.0023561544 -141.936
0.0023563544 -145.935
0.0023565544 -142.736
0.0023567544 -142.336
0.0023569544 -143.136
0.0023571544 -144.735
0.0023573544 -142.336
0.0023575544 -144.335
0.0023577544 -141.537
0.0023579544 -143.136
0.0023581544 -144.735
0.0023583544 -142.736
0.0023585544 -143.136
0.0023587544 -143.936
0.0023589544 -145.535
0.0023591544 -143.536
0.0023593544 -143.536
0.0023595544 -143.936
0.0023597544 -143.936
0.0023599544 -145.935
0.0023601544 -144.735
0.0023603544 -145.535
0.0023605544 -142.336
0.0023607544 -145.935
0.0023609544 -147.134
0.0023611544 -143.936
0.0023613544 -144.335
0.0023615544 -143.136
0.0023617544 -144.735
0.0023619544 -146.334
0.0023621544 -144.735
0.0023623544 -143.936
0.0023625544 -143.936
0.0023627544 -145.935
0.0023629544 -143.936
0.0023631544 -147.534
0.0023633544 -146.734
0.0023635544 -143.136
0.0023637544 -146.734
0.0023639544 -143.136
0.0023641544 -145.535
0.0023643544 -142.336
0.0023645544 -146.734
0.0023647544 -143.136
0.0023649544 -144.335
0.0023651544 -143.536
0.0023653544 -144.335
0.0023655544 -145.935
0.0023657544 -144.335
0.0023659544 -147.934
0.0023661544 -146.734
0.0023663544 -147.134
0.0023665544 -145.935
0.0023667544 -147.534
0.0023669544 -145.935
0.0023671544 -145.535
0.0023673544 -146.334
0.0023675544 -147.134
0.0023677544 -145.535
0.0023679544 -145.935
0.0023681544 -147.934
0.0023683544 -146.334
0.0023685544 -147.934
0.0023687544 -145.535
0.0023689544 -145.935
0.0023691544 -146.734
0.0023693544 -148.334
0.0023695544 -147.134
0.0023697544 -147.134
0.0023699544 -147.134
0.0023701544 -149.933
0.0023703544 -149.133
0.0023705544 -144.335
0.0023707544 -146.334
0.0023709544 -145.935
0.0023711544 -147.534
0.0023713544 -146.334
0.0023715544 -149.133
0.0023717544 -146.734
0.0023719544 -146.734
0.0023721544 -145.935
0.0023723544 -145.535
0.0023725544 -147.934
0.0023727544 -147.134
0.0023729544 -145.135
0.0023731544 -149.133
0.0023733544 -149.133
0.0023735544 -145.935
0.0023737544 -148.733
0.0023739544 -147.534
0.0023741544 -146.734
0.0023743544 -146.734
0.0023745544 -147.134
0.0023747544 -148.733
0.0023749544 -146.334
0.0023751544 -148.733
0.0023753544 -150.333
0.0023755544 -146.734
0.0023757544 -147.534
0.0023759544 -149.133
0.0023761544 -146.734
0.0023763544 -148.334
0.0023765544 -147.534
0.0023767544 -151.132
0.0023769544 -146.734
0.0023771544 -149.133
0.0023773544 -149.533
0.0023775544 -145.935
0.0023777544 -148.733
0.0023779544 -148.334
0.0023781544 -148.334
0.0023783544 -149.133
0.0023785544 -147.534
0.0023787544 -147.934
0.0023789544 -149.933
0.0023791544 -150.732
0.0023793544 -149.133
0.0023795544 -149.933
0.0023797544 -148.334
0.0023799544 -150.732
0.0023801544 -149.133
0.0023803544 -149.133
0.0023805544 -149.533
0.0023807544 -149.933
0.0023809544 -153.931
0.0023811544 -146.734
0.0023813544 -149.933
0.0023815544 -151.132
0.0023817544 -147.934
0.0023819544 -150.333
0.0023821544 -149.533
0.0023823544 -149.533
0.0023825544 -145.935
0.0023827544 -147.534
0.0023829544 -149.133
0.0023831544 -149.133
0.0023833544 -151.532
0.0023835544 -151.132
0.0023837544 -149.133
0.0023839544 -149.533
0.0023841544 -153.131
0.0023843544 -149.533
0.0023845544 -150.732
0.0023847544 -150.732
0.0023849544 -149.933
0.0023851544 -150.732
0.0023853544 -149.933
0.0023855544 -149.533
0.0023857544 -148.334
0.0023859544 -149.133
0.0023861544 -151.932
0.0023863544 -149.933
0.0023865544 -149.533
0.0023867544 -150.333
0.0023869544 -147.934
0.0023871544 -151.932
0.0023873544 -150.333
0.0023875544 -152.732
0.0023877544 -151.132
0.0023879544 -150.732
0.0023881544 -152.732
0.0023883544 -149.133
0.0023885544 -148.334
0.0023887544 -151.132
0.0023889544 -151.132
0.0023891544 -151.932
0.0023893544 -149.533
0.0023895544 -149.533
0.0023897544 -151.532
0.0023899544 -154.331
0.0023901544 -149.933
0.0023903544 -153.531
0.0023905544 -150.732
0.0023907544 -149.533
0.0023909544 -153.531
0.0023911544 -149.533
0.0023913544 -152.732
0.0023915544 -154.331
0.0023917544 -151.132
0.0023919544 -152.332
0.0023921544 -153.931
0.0023923544 -152.732
0.0023925544 -151.532
0.0023927544 -150.732
0.0023929544 -151.932
0.0023931544 -148.733
0.0023933544 -152.332
0.0023935544 -152.732
0.0023937544 -152.732
0.0023939544 -153.931
0.0023941544 -153.931
0.0023943544 -155.131
0.0023945544 -151.932
0.0023947544 -151.132
0.0023949544 -153.931
0.0023951544 -150.333
0.0023953544 -153.931
0.0023955544 -150.333
0.0023957544 -154.331
0.0023959544 -154.331
0.0023961544 -153.131
0.0023963544 -151.132
0.0023965544 -153.931
0.0023967544 -154.731
0.0023969544 -153.531
0.0023971544 -153.931
0.0023973544 -152.732
0.0023975544 -156.33
0.0023977544 -153.131
0.0023979544 -155.131
0.0023981544 -154.331
0.0023983544 -154.731
0.0023985544 -153.531
0.0023987544 -155.131
0.0023989544 -154.331
0.0023991544 -156.33
0.0023993544 -154.731
0.0023995544 -154.731
0.0023997544 -156.73
0.0023999544 -154.331
0.0024001544 -153.131
0.0024003544 -151.532
0.0024005544 -156.73
0.0024007544 -155.131
0.0024009544 -155.131
0.0024011544 -154.731
0.0024013544 -153.931
0.0024015544 -155.53
0.0024017544 -155.53
0.0024019544 -154.731
0.0024021544 -154.731
0.0024023544 -154.331
0.0024025544 -157.13
0.0024027544 -157.529
0.0024029544 -157.529
0.0024031544 -157.529
0.0024033544 -155.93
0.0024035544 -159.529
0.0024037544 -155.53
0.0024039544 -155.53
0.0024041544 -154.331
0.0024043544 -155.93
0.0024045544 -153.531
0.0024047544 -157.529
0.0024049544 -156.73
0.0024051544 -154.731
0.0024053544 -155.53
0.0024055544 -155.93
0.0024057544 -155.53
0.0024059544 -155.131
0.0024061544 -157.13
0.0024063544 -156.73
0.0024065544 -155.131
0.0024067544 -157.929
0.0024069544 -157.13
0.0024071544 -158.329
0.0024073544 -157.13
0.0024075544 -155.131
0.0024077544 -155.131
0.0024079544 -159.129
0.0024081544 -158.729
0.0024083544 -157.13
0.0024085544 -157.529
0.0024087544 -154.731
0.0024089544 -155.93
0.0024091544 -156.73
0.0024093544 -155.93
0.0024095544 -156.33
0.0024097544 -154.731
0.0024099544 -157.529
0.0024101544 -157.13
0.0024103544 -156.33
0.0024105544 -157.13
0.0024107544 -157.929
0.0024109544 -157.13
0.0024111544 -156.73
0.0024113544 -156.73
0.0024115544 -157.929
0.0024117544 -157.929
0.0024119544 -159.129
0.0024121544 -159.129
0.0024123544 -157.929
0.0024125544 -157.13
0.0024127544 -155.93
0.0024129544 -157.929
0.0024131544 -159.529
0.0024133544 -157.929
0.0024135544 -156.73
0.0024137544 -160.328
0.0024139544 -157.529
0.0024141544 -157.13
0.0024143544 -157.529
0.0024145544 -157.529
0.0024147544 -158.329
0.0024149544 -158.729
0.0024151544 -158.329
0.0024153544 -158.729
0.0024155544 -159.129
0.0024157544 -159.928
0.0024159544 -158.729
0.0024161544 -159.129
0.0024163544 -159.529
0.0024165544 -161.128
0.0024167544 -160.328
0.0024169544 -155.53
0.0024171544 -158.729
0.0024173544 -161.128
0.0024175544 -161.927
0.0024177544 -160.728
0.0024179544 -160.328
0.0024181544 -158.329
0.0024183544 -159.129
0.0024185544 -161.128
0.0024187544 -160.728
0.0024189544 -161.927
0.0024191544 -158.729
0.0024193544 -161.927
0.0024195544 -159.928
0.0024197544 -157.929
0.0024199544 -160.728
0.0024201544 -160.328
0.0024203544 -159.129
0.0024205544 -159.129
0.0024207544 -158.729
0.0024209544 -162.727
0.0024211544 -159.928
0.0024213544 -159.529
0.0024215544 -157.929
0.0024217544 -161.128
0.0024219544 -159.129
0.0024221544 -159.928
0.0024223544 -159.928
0.0024225544 -159.129
0.0024227544 -158.729
0.0024229544 -159.129
0.0024231544 -160.328
0.0024233544 -160.728
0.0024235544 -162.727
0.0024237544 -158.329
0.0024239544 -162.327
0.0024241544 -163.127
0.0024243544 -162.727
0.0024245544 -163.127
0.0024247544 -161.528
0.0024249544 -161.528
0.0024251544 -160.728
0.0024253544 -162.327
0.0024255544 -162.727
0.0024257544 -161.128
0.0024259544 -161.528
0.0024261544 -161.528
0.0024263544 -161.927
0.0024265544 -160.728
0.0024267544 -163.527
0.0024269544 -162.327
0.0024271544 -161.128
0.0024273544 -162.727
0.0024275544 -165.126
0.0024277544 -161.927
0.0024279544 -159.928
0.0024281544 -162.327
0.0024283544 -162.727
0.0024285544 -166.725
0.0024287544 -161.927
0.0024289544 -162.327
0.0024291544 -162.727
0.0024293544 -162.327
0.0024295544 -163.127
0.0024297544 -165.926
0.0024299544 -162.727
0.0024301544 -160.328
0.0024303544 -161.927
0.0024305544 -163.927
0.0024307544 -163.927
0.0024309544 -165.126
0.0024311544 -162.727
0.0024313544 -163.927
0.0024315544 -164.726
0.0024317544 -165.926
0.0024319544 -164.326
0.0024321544 -165.126
0.0024323544 -165.126
0.0024325544 -165.126
0.0024327544 -163.927
0.0024329544 -164.326
0.0024331544 -161.927
0.0024333544 -165.526
0.0024335544 -164.326
0.0024337544 -164.326
0.0024339544 -166.325
0.0024341544 -161.927
0.0024343544 -163.527
0.0024345544 -164.726
0.0024347544 -166.325
0.0024349544 -162.727
0.0024351544 -163.527
0.0024353544 -164.726
0.0024355544 -163.927
0.0024357544 -167.125
0.0024359544 -163.127
0.0024361544 -166.725
0.0024363544 -166.325
0.0024365544 -165.126
0.0024367544 -167.525
0.0024369544 -162.727
0.0024371544 -164.726
0.0024373544 -163.927
0.0024375544 -166.325
0.0024377544 -163.527
0.0024379544 -165.526
0.0024381544 -166.725
0.0024383544 -167.925
0.0024385544 -167.125
0.0024387544 -165.526
0.0024389544 -164.726
0.0024391544 -163.527
0.0024393544 -162.327
0.0024395544 -164.726
0.0024397544 -163.927
0.0024399544 -164.726
0.0024401544 -164.726
0.0024403544 -165.126
0.0024405544 -167.125
0.0024407544 -166.725
0.0024409544 -165.126
0.0024411544 -165.526
0.0024413544 -167.125
0.0024415544 -168.325
0.0024417544 -167.925
0.0024419544 -166.725
0.0024421544 -165.926
0.0024423544 -165.526
0.0024425544 -165.926
0.0024427544 -164.726
0.0024429544 -166.725
0.0024431544 -165.126
0.0024433544 -163.527
0.0024435544 -165.526
0.0024437544 -164.726
0.0024439544 -165.926
0.0024441544 -166.725
0.0024443544 -166.325
0.0024445544 -166.325
0.0024447544 -167.525
0.0024449544 -165.126
0.0024451544 -164.326
0.0024453544 -169.924
0.0024455544 -165.526
0.0024457544 -166.325
0.0024459544 -167.125
0.0024461544 -167.925
0.0024463544 -167.525
0.0024465544 -165.526
0.0024467544 -166.325
0.0024469544 -164.726
0.0024471544 -168.724
0.0024473544 -167.925
0.0024475544 -164.726
0.0024477544 -166.325
0.0024479544 -166.725
0.0024481544 -167.525
0.0024483544 -167.925
0.0024485544 -164.326
0.0024487544 -167.125
0.0024489544 -167.525
0.0024491544 -165.526
0.0024493544 -168.325
0.0024495544 -166.325
0.0024497544 -167.125
0.0024499544 -168.325
0.0024501544 -165.526
0.0024503544 -169.124
0.0024505544 -170.324
0.0024507544 -167.125
0.0024509544 -166.325
0.0024511544 -166.725
0.0024513544 -169.524
0.0024515544 -167.125
0.0024517544 -169.124
0.0024519544 -169.124
0.0024521544 -167.525
0.0024523544 -170.724
0.0024525544 -166.725
0.0024527544 -166.725
0.0024529544 -170.324
0.0024531544 -167.925
0.0024533544 -169.524
0.0024535544 -169.124
0.0024537544 -168.724
0.0024539544 -165.926
0.0024541544 -168.724
0.0024543544 -166.725
0.0024545544 -168.325
0.0024547544 -167.525
0.0024549544 -169.524
0.0024551544 -166.725
0.0024553544 -166.325
0.0024555544 -165.926
0.0024557544 -166.325
0.0024559544 -170.324
0.0024561544 -170.724
0.0024563544 -168.724
0.0024565544 -167.925
0.0024567544 -169.124
0.0024569544 -169.124
0.0024571544 -169.524
0.0024573544 -168.325
0.0024575544 -170.724
0.0024577544 -168.724
0.0024579544 -168.325
0.0024581544 -166.325
0.0024583544 -170.324
0.0024585544 -168.724
0.0024587544 -170.324
0.0024589544 -168.724
0.0024591544 -170.324
0.0024593544 -169.924
0.0024595544 -172.323
0.0024597544 -169.924
0.0024599544 -169.124
0.0024601544 -168.325
0.0024603544 -169.124
0.0024605544 -169.524
0.0024607544 -170.324
0.0024609544 -169.124
0.0024611544 -171.523
0.0024613544 -170.324
0.0024615544 -171.923
0.0024617544 -168.724
0.0024619544 -171.123
0.0024621544 -171.123
0.0024623544 -169.524
0.0024625544 -169.524
0.0024627544 -168.325
0.0024629544 -166.325
0.0024631544 -170.324
0.0024633544 -168.325
0.0024635544 -168.724
0.0024637544 -173.122
0.0024639544 -169.524
0.0024641544 -169.924
0.0024643544 -169.524
0.0024645544 -170.324
0.0024647544 -170.324
0.0024649544 -170.724
0.0024651544 -169.124
0.0024653544 -170.724
0.0024655544 -171.523
0.0024657544 -170.724
0.0024659544 -170.724
0.0024661544 -169.124
0.0024663544 -168.724
0.0024665544 -171.523
0.0024667544 -172.323
0.0024669544 -171.523
0.0024671544 -170.324
0.0024673544 -169.524
0.0024675544 -171.123
0.0024677544 -172.723
0.0024679544 -168.724
0.0024681544 -171.123
0.0024683544 -169.524
0.0024685544 -171.523
0.0024687544 -173.522
0.0024689544 -170.324
0.0024691544 -172.723
0.0024693544 -171.923
0.0024695544 -169.124
0.0024697544 -173.522
0.0024699544 -171.523
0.0024701544 -169.924
0.0024703544 -172.323
0.0024705544 -171.923
0.0024707544 -170.324
0.0024709544 -170.324
0.0024711544 -171.523
0.0024713544 -171.123
0.0024715544 -174.322
0.0024717544 -172.323
0.0024719544 -172.723
0.0024721544 -172.323
0.0024723544 -171.123
0.0024725544 -171.123
0.0024727544 -173.522
0.0024729544 -171.123
0.0024731544 -171.523
0.0024733544 -172.323
0.0024735544 -173.922
0.0024737544 -171.123
0.0024739544 -172.723
0.0024741544 -171.923
0.0024743544 -173.522
0.0024745544 -172.323
0.0024747544 -171.123
0.0024749544 -171.923
0.0024751544 -173.122
0.0024753544 -173.122
0.0024755544 -171.523
0.0024757544 -171.523
0.0024759544 -174.722
0.0024761544 -175.521
0.0024763544 -172.323
0.0024765544 -173.922
0.0024767544 -171.123
0.0024769544 -171.523
0.0024771544 -173.522
0.0024773544 -172.323
0.0024775544 -171.923
0.0024777544 -171.923
0.0024779544 -170.324
0.0024781544 -173.122
0.0024783544 -172.323
0.0024785544 -174.322
0.0024787544 -170.724
0.0024789544 -170.324
0.0024791544 -169.924
0.0024793544 -169.924
0.0024795544 -171.123
0.0024797544 -171.923
0.0024799544 -173.122
0.0024801544 -174.722
0.0024803544 -172.323
0.0024805544 -174.322
0.0024807544 -173.522
0.0024809544 -172.723
0.0024811544 -172.723
0.0024813544 -172.323
0.0024815544 -172.323
0.0024817544 -171.523
0.0024819544 -173.522
0.0024821544 -173.922
0.0024823544 -173.922
0.0024825544 -174.322
0.0024827544 -173.522
0.0024829544 -170.724
0.0024831544 -173.122
0.0024833544 -173.922
0.0024835544 -173.522
0.0024837544 -171.523
0.0024839544 -171.123
0.0024841544 -173.122
0.0024843544 -172.723
0.0024845544 -173.122
0.0024847544 -172.323
0.0024849544 -172.723
0.0024851544 -175.122
0.0024853544 -174.322
0.0024855544 -172.723
0.0024857544 -171.923
0.0024859544 -173.522
0.0024861544 -175.521
0.0024863544 -176.321
0.0024865544 -171.523
0.0024867544 -171.923
0.0024869544 -171.923
0.0024871544 -171.923
0.0024873544 -174.322
0.0024875544 -173.122
0.0024877544 -173.122
0.0024879544 -173.922
0.0024881544 -172.723
0.0024883544 -173.922
0.0024885544 -175.521
0.0024887544 -175.521
0.0024889544 -172.723
0.0024891544 -175.521
0.0024893544 -174.722
0.0024895544 -174.722
0.0024897544 -175.122
0.0024899544 -175.521
0.0024901544 -173.122
0.0024903544 -175.122
0.0024905544 -178.72
0.0024907544 -174.722
0.0024909544 -176.321
0.0024911544 -173.922
0.0024913544 -176.321
0.0024915544 -177.121
0.0024917544 -179.52
0.0024919544 -173.522
0.0024921544 -177.52
0.0024923544 -173.522
0.0024925544 -174.722
0.0024927544 -178.32
0.0024929544 -176.321
0.0024931544 -177.121
0.0024933544 -175.122
0.0024935544 -175.521
0.0024937544 -179.919
0.0024939544 -177.121
0.0024941544 -175.921
0.0024943544 -175.921
0.0024945544 -175.122
0.0024947544 -179.919
0.0024949544 -177.121
0.0024951544 -175.921
0.0024953544 -177.121
0.0024955544 -177.52
0.0024957544 -177.92
0.0024959544 -172.723
0.0024961544 -178.32
0.0024963544 -178.32
0.0024965544 -177.121
0.0024967544 -176.721
0.0024969544 -177.92
0.0024971544 -179.12
0.0024973544 -179.12
0.0024975544 -175.921
0.0024977544 -177.92
0.0024979544 -177.121
0.0024981544 -175.521
0.0024983544 -178.72
0.0024985544 -176.321
0.0024987544 -179.12
0.0024989544 -181.519
0.0024991544 -178.32
0.0024993544 -177.121
0.0024995544 -178.72
0.0024997544 -181.119
0.0024999544 -177.92
0.0025001544 -176.721
0.0025003544 -177.121
0.0025005544 -178.72
0.0025007544 -176.721
0.0025009544 -179.52
0.0025011544 -179.12
0.0025013544 -178.32
0.0025015544 -179.52
0.0025017544 -178.32
0.0025019544 -179.52
0.0025021544 -176.721
0.0025023544 -180.719
0.0025025544 -179.52
0.0025027544 -179.12
0.0025029544 -179.919
0.0025031544 -179.52
0.0025033544 -179.919
0.0025035544 -178.32
0.0025037544 -178.72
0.0025039544 -179.52
0.0025041544 -179.12
0.0025043544 -178.32
0.0025045544 -177.121
0.0025047544 -179.919
0.0025049544 -180.719
0.0025051544 -179.52
0.0025053544 -183.918
0.0025055544 -181.919
0.0025057544 -181.519
0.0025059544 -181.919
0.0025061544 -181.119
0.0025063544 -179.52
0.0025065544 -181.519
0.0025067544 -180.319
0.0025069544 -182.318
0.0025071544 -181.119
0.0025073544 -179.919
0.0025075544 -182.718
0.0025077544 -178.32
0.0025079544 -180.319
0.0025081544 -181.519
0.0025083544 -181.119
0.0025085544 -181.519
0.0025087544 -177.52
0.0025089544 -179.919
0.0025091544 -180.719
0.0025093544 -179.12
0.0025095544 -185.917
0.0025097544 -182.318
0.0025099544 -180.319
0.0025101544 -182.718
0.0025103544 -181.119
0.0025105544 -181.519
0.0025107544 -182.718
0.0025109544 -182.318
0.0025111544 -183.118
0.0025113544 -183.118
0.0025115544 -183.518
0.0025117544 -179.919
0.0025119544 -180.319
0.0025121544 -182.318
0.0025123544 -184.717
0.0025125544 -183.518
0.0025127544 -183.118
0.0025129544 -181.919
0.0025131544 -183.118
0.0025133544 -181.119
0.0025135544 -183.918
0.0025137544 -180.319
0.0025139544 -181.919
0.0025141544 -183.918
0.0025143544 -183.518
0.0025145544 -182.318
0.0025147544 -184.717
0.0025149544 -183.518
0.0025151544 -183.118
0.0025153544 -183.118
0.0025155544 -181.919
0.0025157544 -184.317
0.0025159544 -181.519
0.0025161544 -184.717
0.0025163544 -181.919
0.0025165544 -181.519
0.0025167544 -183.518
0.0025169544 -181.119
0.0025171544 -183.918
0.0025173544 -179.12
0.0025175544 -183.918
0.0025177544 -183.918
0.0025179544 -181.519
0.0025181544 -184.317
0.0025183544 -181.519
0.0025185544 -183.518
0.0025187544 -180.319
0.0025189544 -184.317
0.0025191544 -186.716
0.0025193544 -181.119
0.0025195544 -183.918
0.0025197544 -182.718
0.0025199544 -181.919
0.0025201544 -184.317
0.0025203544 -184.317
0.0025205544 -179.919
0.0025207544 -183.518
0.0025209544 -183.118
0.0025211544 -183.518
0.0025213544 -182.318
0.0025215544 -185.117
0.0025217544 -183.118
0.0025219544 -183.518
0.0025221544 -184.717
0.0025223544 -182.718
0.0025225544 -183.518
0.0025227544 -185.917
0.0025229544 -185.917
0.0025231544 -184.317
0.0025233544 -182.318
0.0025235544 -183.518
0.0025237544 -183.118
0.0025239544 -185.917
0.0025241544 -185.117
0.0025243544 -183.118
0.0025245544 -182.318
0.0025247544 -183.118
0.0025249544 -186.317
0.0025251544 -187.916
0.0025253544 -183.918
0.0025255544 -184.317
0.0025257544 -181.919
0.0025259544 -185.117
0.0025261544 -185.917
0.0025263544 -186.317
0.0025265544 -185.117
0.0025267544 -186.716
0.0025269544 -183.518
0.0025271544 -183.918
0.0025273544 -184.717
0.0025275544 -187.516
0.0025277544 -184.717
0.0025279544 -187.116
0.0025281544 -186.317
0.0025283544 -188.316
0.0025285544 -185.117
0.0025287544 -183.518
0.0025289544 -184.317
0.0025291544 -184.717
0.0025293544 -185.917
0.0025295544 -185.917
0.0025297544 -188.715
0.0025299544 -186.317
0.0025301544 -187.116
0.0025303544 -185.517
0.0025305544 -185.117
0.0025307544 -189.515
0.0025309544 -185.517
0.0025311544 -185.117
0.0025313544 -186.317
0.0025315544 -186.716
0.0025317544 -185.117
0.0025319544 -186.317
0.0025321544 -187.916
0.0025323544 -186.317
0.0025325544 -185.917
0.0025327544 -185.917
0.0025329544 -187.116
0.0025331544 -184.317
0.0025333544 -186.716
0.0025335544 -185.917
0.0025337544 -186.716
0.0025339544 -186.317
0.0025341544 -187.916
0.0025343544 -187.516
0.0025345544 -183.918
0.0025347544 -187.116
0.0025349544 -188.316
0.0025351544 -185.917
0.0025353544 -187.116
0.0025355544 -189.115
0.0025357544 -187.916
0.0025359544 -185.917
0.0025361544 -185.117
0.0025363544 -187.916
0.0025365544 -189.915
0.0025367544 -185.517
0.0025369544 -187.916
0.0025371544 -187.116
0.0025373544 -186.317
0.0025375544 -187.116
0.0025377544 -187.116
0.0025379544 -187.116
0.0025381544 -188.715
0.0025383544 -186.317
0.0025385544 -185.917
0.0025387544 -186.716
0.0025389544 -187.916
0.0025391544 -188.316
0.0025393544 -185.917
0.0025395544 -187.916
0.0025397544 -188.715
0.0025399544 -187.116
0.0025401544 -186.317
0.0025403544 -185.117
0.0025405544 -189.515
0.0025407544 -187.916
0.0025409544 -187.516
0.0025411544 -185.917
0.0025413544 -186.317
0.0025415544 -187.516
0.0025417544 -187.916
0.0025419544 -189.915
0.0025421544 -189.115
0.0025423544 -188.715
0.0025425544 -187.516
0.0025427544 -189.115
0.0025429544 -186.716
0.0025431544 -188.316
0.0025433544 -188.316
0.0025435544 -187.516
0.0025437544 -189.515
0.0025439544 -185.517
0.0025441544 -191.114
0.0025443544 -189.915
0.0025445544 -189.115
0.0025447544 -187.916
0.0025449544 -187.916
0.0025451544 -187.916
0.0025453544 -189.515
0.0025455544 -190.315
0.0025457544 -189.115
0.0025459544 -189.515
0.0025461544 -189.115
0.0025463544 -187.116
0.0025465544 -192.314
0.0025467544 -188.715
0.0025469544 -189.515
0.0025471544 -190.315
0.0025473544 -187.916
0.0025475544 -188.715
0.0025477544 -189.515
0.0025479544 -189.515
0.0025481544 -189.515
0.0025483544 -188.715
0.0025485544 -187.916
0.0025487544 -188.316
0.0025489544 -192.714
0.0025491544 -189.515
0.0025493544 -189.915
0.0025495544 -191.114
0.0025497544 -191.514
0.0025499544 -188.715
0.0025501544 -190.715
0.0025503544 -189.515
0.0025505544 -191.114
0.0025507544 -188.715
0.0025509544 -191.114
0.0025511544 -190.715
0.0025513544 -189.115
0.0025515544 -191.514
0.0025517544 -190.315
0.0025519544 -189.515
0.0025521544 -189.515
0.0025523544 -190.715
0.0025525544 -190.715
0.0025527544 -188.715
0.0025529544 -191.114
0.0025531544 -193.513
0.0025533544 -189.915
0.0025535544 -191.514
0.0025537544 -190.315
0.0025539544 -189.915
0.0025541544 -189.515
0.0025543544 -191.114
0.0025545544 -192.714
0.0025547544 -191.914
0.0025549544 -189.515
0.0025551544 -193.113
0.0025553544 -192.714
0.0025555544 -192.714
0.0025557544 -189.515
0.0025559544 -191.114
0.0025561544 -191.514
0.0025563544 -193.513
0.0025565544 -189.915
0.0025567544 -190.315
0.0025569544 -190.715
0.0025571544 -191.114
0.0025573544 -194.313
0.0025575544 -193.913
0.0025577544 -193.513
0.0025579544 -190.715
0.0025581544 -191.914
0.0025583544 -190.715
0.0025585544 -190.315
0.0025587544 -192.314
0.0025589544 -192.314
0.0025591544 -191.914
0.0025593544 -193.913
0.0025595544 -192.314
0.0025597544 -192.714
0.0025599544 -192.714
0.0025601544 -189.515
0.0025603544 -193.113
0.0025605544 -192.714
0.0025607544 -190.715
0.0025609544 -191.914
0.0025611544 -193.113
0.0025613544 -191.914
0.0025615544 -192.714
0.0025617544 -194.313
0.0025619544 -193.513
0.0025621544 -192.714
0.0025623544 -191.114
0.0025625544 -194.313
0.0025627544 -194.713
0.0025629544 -193.913
0.0025631544 -195.113
0.0025633544 -193.913
0.0025635544 -193.513
0.0025637544 -192.714
0.0025639544 -193.113
0.0025641544 -193.113
0.0025643544 -193.913
0.0025645544 -193.513
0.0025647544 -195.113
0.0025649544 -193.513
0.0025651544 -194.713
0.0025653544 -194.313
0.0025655544 -192.314
0.0025657544 -193.913
0.0025659544 -193.113
0.0025661544 -194.313
0.0025663544 -195.912
0.0025665544 -192.314
0.0025667544 -193.913
0.0025669544 -193.513
0.0025671544 -194.713
0.0025673544 -192.314
0.0025675544 -191.514
0.0025677544 -193.513
0.0025679544 -194.313
0.0025681544 -194.313
0.0025683544 -193.913
0.0025685544 -193.513
0.0025687544 -196.712
0.0025689544 -194.713
0.0025691544 -191.914
0.0025693544 -194.713
0.0025695544 -193.113
0.0025697544 -195.512
0.0025699544 -197.512
0.0025701544 -195.113
0.0025703544 -193.513
0.0025705544 -191.514
0.0025707544 -195.113
0.0025709544 -195.113
0.0025711544 -195.912
0.0025713544 -193.913
0.0025715544 -196.312
0.0025717544 -197.911
0.0025719544 -197.512
0.0025721544 -196.312
0.0025723544 -196.712
0.0025725544 -193.513
0.0025727544 -194.713
0.0025729544 -193.913
0.0025731544 -195.113
0.0025733544 -197.112
0.0025735544 -198.311
0.0025737544 -196.312
0.0025739544 -195.113
0.0025741544 -198.311
0.0025743544 -194.313
0.0025745544 -197.112
0.0025747544 -194.713
0.0025749544 -195.912
0.0025751544 -196.312
0.0025753544 -194.713
0.0025755544 -196.712
0.0025757544 -193.113
0.0025759544 -198.311
0.0025761544 -195.113
0.0025763544 -197.112
0.0025765544 -196.312
0.0025767544 -195.113
0.0025769544 -193.913
0.0025771544 -196.712
0.0025773544 -196.712
0.0025775544 -198.311
0.0025777544 -195.113
0.0025779544 -194.313
0.0025781544 -193.113
0.0025783544 -196.712
0.0025785544 -195.512
0.0025787544 -198.711
0.0025789544 -198.711
0.0025791544 -193.513
0.0025793544 -197.512
0.0025795544 -197.512
0.0025797544 -199.91
0.0025799544 -196.712
0.0025801544 -196.712
0.0025803544 -195.912
0.0025805544 -198.311
0.0025807544 -196.312
0.0025809544 -195.512
0.0025811544 -199.111
0.0025813544 -197.911
0.0025815544 -196.712
0.0025817544 -199.111
0.0025819544 -197.112
0.0025821544 -198.711
0.0025823544 -197.512
0.0025825544 -196.712
0.0025827544 -196.312
0.0025829544 -197.512
0.0025831544 -197.911
0.0025833544 -199.511
0.0025835544 -197.512
0.0025837544 -197.112
0.0025839544 -195.113
0.0025841544 -197.112
0.0025843544 -197.512
0.0025845544 -195.512
0.0025847544 -195.912
0.0025849544 -199.111
0.0025851544 -200.71
0.0025853544 -199.111
0.0025855544 -199.111
0.0025857544 -198.311
0.0025859544 -199.111
0.0025861544 -195.512
0.0025863544 -195.912
0.0025865544 -197.512
0.0025867544 -198.711
0.0025869544 -200.31
0.0025871544 -199.111
0.0025873544 -197.512
0.0025875544 -197.512
0.0025877544 -199.511
0.0025879544 -198.711
0.0025881544 -198.311
0.0025883544 -197.112
0.0025885544 -197.911
0.0025887544 -199.111
0.0025889544 -198.311
0.0025891544 -198.711
0.0025893544 -196.312
0.0025895544 -197.512
0.0025897544 -198.711
0.0025899544 -197.112
0.0025901544 -198.311
0.0025903544 -195.512
0.0025905544 -198.311
0.0025907544 -197.911
0.0025909544 -199.111
0.0025911544 -198.311
0.0025913544 -200.31
0.0025915544 -199.111
0.0025917544 -197.911
0.0025919544 -196.712
0.0025921544 -196.312
0.0025923544 -200.71
0.0025925544 -198.711
0.0025927544 -200.31
0.0025929544 -200.31
0.0025931544 -199.91
0.0025933544 -199.511
0.0025935544 -199.91
0.0025937544 -198.311
0.0025939544 -198.311
0.0025941544 -200.71
0.0025943544 -201.91
0.0025945544 -197.911
0.0025947544 -200.31
0.0025949544 -202.309
0.0025951544 -200.31
0.0025953544 -200.31
0.0025955544 -203.109
0.0025957544 -198.711
0.0025959544 -200.31
0.0025961544 -200.31
0.0025963544 -198.311
0.0025965544 -201.51
0.0025967544 -199.91
0.0025969544 -200.31
0.0025971544 -201.11
0.0025973544 -200.71
0.0025975544 -200.71
0.0025977544 -199.511
0.0025979544 -201.51
0.0025981544 -200.31
0.0025983544 -201.91
0.0025985544 -200.71
0.0025987544 -198.711
0.0025989544 -202.309
0.0025991544 -200.71
0.0025993544 -198.711
0.0025995544 -201.91
0.0025997544 -200.31
0.0025999544 -200.31
0.0026001544 -201.91
0.0026003544 -200.31
0.0026005544 -203.909
0.0026007544 -200.71
0.0026009544 -201.51
0.0026011544 -200.71
0.0026013544 -201.11
0.0026015544 -198.311
0.0026017544 -202.709
0.0026019544 -203.109
0.0026021544 -201.91
0.0026023544 -202.709
0.0026025544 -203.509
0.0026027544 -203.109
0.0026029544 -202.709
0.0026031544 -201.11
0.0026033544 -201.91
0.0026035544 -200.31
0.0026037544 -203.509
0.0026039544 -201.51
0.0026041544 -199.111
0.0026043544 -201.11
0.0026045544 -202.709
0.0026047544 -202.309
0.0026049544 -201.11
0.0026051544 -199.91
0.0026053544 -199.91
0.0026055544 -202.309
0.0026057544 -203.109
0.0026059544 -201.91
0.0026061544 -198.711
0.0026063544 -201.91
0.0026065544 -200.31
0.0026067544 -200.71
0.0026069544 -202.309
0.0026071544 -201.91
0.0026073544 -201.91
0.0026075544 -202.309
0.0026077544 -202.309
0.0026079544 -201.11
0.0026081544 -204.308
0.0026083544 -203.509
0.0026085544 -205.108
0.0026087544 -205.108
0.0026089544 -205.108
0.0026091544 -203.909
0.0026093544 -202.309
0.0026095544 -203.109
0.0026097544 -203.509
0.0026099544 -203.509
0.0026101544 -202.309
0.0026103544 -206.308
0.0026105544 -203.109
0.0026107544 -204.708
0.0026109544 -203.909
0.0026111544 -203.909
0.0026113544 -205.508
0.0026115544 -202.709
0.0026117544 -204.308
0.0026119544 -203.909
0.0026121544 -204.308
0.0026123544 -201.51
0.0026125544 -204.708
0.0026127544 -206.308
0.0026129544 -205.508
0.0026131544 -204.708
0.0026133544 -205.508
0.0026135544 -205.908
0.0026137544 -205.908
0.0026139544 -204.308
0.0026141544 -205.908
0.0026143544 -204.708
0.0026145544 -205.908
0.0026147544 -203.909
0.0026149544 -207.107
0.0026151544 -204.708
0.0026153544 -204.308
0.0026155544 -205.508
0.0026157544 -203.509
0.0026159544 -206.308
0.0026161544 -203.109
0.0026163544 -203.109
0.0026165544 -206.707
0.0026167544 -205.908
0.0026169544 -205.908
0.0026171544 -204.708
0.0026173544 -207.507
0.0026175544 -204.308
0.0026177544 -205.508
0.0026179544 -205.508
0.0026181544 -206.707
0.0026183544 -205.508
0.0026185544 -206.308
0.0026187544 -207.907
0.0026189544 -205.908
0.0026191544 -206.707
0.0026193544 -205.508
0.0026195544 -204.708
0.0026197544 -205.108
0.0026199544 -208.706
0.0026201544 -207.507
0.0026203544 -207.507
0.0026205544 -203.509
0.0026207544 -206.707
0.0026209544 -205.508
0.0026211544 -205.908
0.0026213544 -208.706
0.0026215544 -207.907
0.0026217544 -208.307
0.0026219544 -208.706
0.0026221544 -207.107
0.0026223544 -206.707
0.0026225544 -207.107
0.0026227544 -206.308
0.0026229544 -207.107
0.0026231544 -207.107
0.0026233544 -208.706
0.0026235544 -208.706
0.0026237544 -207.507
0.0026239544 -209.506
0.0026241544 -207.507
0.0026243544 -208.307
0.0026245544 -205.508
0.0026247544 -206.707
0.0026249544 -208.307
0.0026251544 -207.107
0.0026253544 -207.107
0.0026255544 -208.706
0.0026257544 -207.907
0.0026259544 -209.506
0.0026261544 -208.307
0.0026263544 -206.308
0.0026265544 -205.908
0.0026267544 -208.307
0.0026269544 -208.706
0.0026271544 -207.507
0.0026273544 -207.507
0.0026275544 -207.907
0.0026277544 -208.307
0.0026279544 -208.307
0.0026281544 -207.107
0.0026283544 -209.506
0.0026285544 -209.906
0.0026287544 -208.307
0.0026289544 -210.306
0.0026291544 -209.106
0.0026293544 -210.306
0.0026295544 -208.706
0.0026297544 -207.507
0.0026299544 -211.905
0.0026301544 -207.107
0.0026303544 -209.906
0.0026305544 -208.307
0.0026307544 -208.307
0.0026309544 -208.706
0.0026311544 -210.306
0.0026313544 -208.307
0.0026315544 -207.907
0.0026317544 -207.907
0.0026319544 -209.906
0.0026321544 -209.506
0.0026323544 -206.707
0.0026325544 -211.105
0.0026327544 -206.308
0.0026329544 -208.307
0.0026331544 -209.506
0.0026333544 -208.706
0.0026335544 -208.307
0.0026337544 -209.506
0.0026339544 -209.106
0.0026341544 -206.707
0.0026343544 -210.306
0.0026345544 -209.506
0.0026347544 -209.106
0.0026349544 -208.706
0.0026351544 -209.106
0.0026353544 -209.506
0.0026355544 -211.105
0.0026357544 -209.106
0.0026359544 -209.106
0.0026361544 -210.306
0.0026363544 -209.906
0.0026365544 -209.106
0.0026367544 -208.706
0.0026369544 -207.107
0.0026371544 -210.306
0.0026373544 -210.306
0.0026375544 -209.906
0.0026377544 -207.907
0.0026379544 -211.505
0.0026381544 -209.906
0.0026383544 -209.906
0.0026385544 -210.306
0.0026387544 -212.705
0.0026389544 -210.306
0.0026391544 -209.106
0.0026393544 -209.906
0.0026395544 -211.105
0.0026397544 -211.505
0.0026399544 -211.905
0.0026401544 -207.507
0.0026403544 -209.506
0.0026405544 -209.906
0.0026407544 -210.306
0.0026409544 -211.505
0.0026411544 -209.506
0.0026413544 -210.306
0.0026415544 -212.305
0.0026417544 -211.505
0.0026419544 -209.106
0.0026421544 -212.705
0.0026423544 -209.906
0.0026425544 -211.505
0.0026427544 -211.105
0.0026429544 -209.906
0.0026431544 -208.307
0.0026433544 -210.306
0.0026435544 -213.105
0.0026437544 -209.506
0.0026439544 -207.907
0.0026441544 -209.906
0.0026443544 -211.905
0.0026445544 -211.505
0.0026447544 -207.907
0.0026449544 -212.305
0.0026451544 -209.106
0.0026453544 -213.105
0.0026455544 -211.905
0.0026457544 -212.705
0.0026459544 -209.906
0.0026461544 -211.905
0.0026463544 -212.305
0.0026465544 -211.505
0.0026467544 -213.904
0.0026469544 -209.906
0.0026471544 -213.105
0.0026473544 -211.505
0.0026475544 -213.904
0.0026477544 -209.906
0.0026479544 -213.105
0.0026481544 -213.504
0.0026483544 -213.504
0.0026485544 -212.305
0.0026487544 -213.504
0.0026489544 -215.104
0.0026491544 -212.705
0.0026493544 -214.304
0.0026495544 -212.705
0.0026497544 -213.504
0.0026499544 -213.105
0.0026501544 -210.706
0.0026503544 -213.904
0.0026505544 -215.104
0.0026507544 -212.705
0.0026509544 -212.305
0.0026511544 -212.705
0.0026513544 -213.105
0.0026515544 -213.105
0.0026517544 -210.306
0.0026519544 -211.905
0.0026521544 -215.903
0.0026523544 -214.704
0.0026525544 -213.904
0.0026527544 -209.506
0.0026529544 -211.505
0.0026531544 -212.705
0.0026533544 -214.704
0.0026535544 -213.904
0.0026537544 -215.503
0.0026539544 -215.903
0.0026541544 -213.105
0.0026543544 -214.704
0.0026545544 -215.104
0.0026547544 -214.304
0.0026549544 -214.704
0.0026551544 -213.504
0.0026553544 -214.304
0.0026555544 -214.304
0.0026557544 -212.705
0.0026559544 -209.906
0.0026561544 -212.305
0.0026563544 -211.905
0.0026565544 -213.504
0.0026567544 -217.103
0.0026569544 -211.505
0.0026571544 -213.504
0.0026573544 -214.304
0.0026575544 -214.704
0.0026577544 -215.104
0.0026579544 -214.304
0.0026581544 -214.304
0.0026583544 -216.703
0.0026585544 -215.503
0.0026587544 -213.904
0.0026589544 -213.904
0.0026591544 -214.704
0.0026593544 -214.704
0.0026595544 -215.503
0.0026597544 -217.503
0.0026599544 -213.105
0.0026601544 -210.306
0.0026603544 -215.503
0.0026605544 -214.704
0.0026607544 -213.904
0.0026609544 -215.903
0.0026611544 -217.503
0.0026613544 -214.704
0.0026615544 -214.704
0.0026617544 -215.903
0.0026619544 -217.902
0.0026621544 -217.902
0.0026623544 -217.902
0.0026625544 -213.105
0.0026627544 -214.704
0.0026629544 -215.503
0.0026631544 -214.304
0.0026633544 -216.703
0.0026635544 -215.503
0.0026637544 -217.503
0.0026639544 -216.703
0.0026641544 -218.302
0.0026643544 -217.103
0.0026645544 -217.902
0.0026647544 -217.103
0.0026649544 -215.503
0.0026651544 -217.503
0.0026653544 -216.303
0.0026655544 -215.503
0.0026657544 -219.502
0.0026659544 -217.902
0.0026661544 -217.503
0.0026663544 -215.503
0.0026665544 -218.702
0.0026667544 -219.102
0.0026669544 -216.303
0.0026671544 -217.503
0.0026673544 -217.503
0.0026675544 -217.902
0.0026677544 -217.503
0.0026679544 -217.902
0.0026681544 -220.301
0.0026683544 -216.703
0.0026685544 -217.503
0.0026687544 -218.302
0.0026689544 -217.902
0.0026691544 -218.302
0.0026693544 -217.103
0.0026695544 -217.902
0.0026697544 -217.902
0.0026699544 -218.302
0.0026701544 -217.103
0.0026703544 -218.302
0.0026705544 -217.902
0.0026707544 -217.103
0.0026709544 -218.702
0.0026711544 -217.503
0.0026713544 -219.502
0.0026715544 -221.101
0.0026717544 -219.502
0.0026719544 -218.302
0.0026721544 -217.902
0.0026723544 -217.902
0.0026725544 -218.702
0.0026727544 -219.901
0.0026729544 -217.503
0.0026731544 -218.302
0.0026733544 -220.301
0.0026735544 -219.901
0.0026737544 -221.101
0.0026739544 -220.301
0.0026741544 -219.901
0.0026743544 -221.501
0.0026745544 -218.702
0.0026747544 -218.302
0.0026749544 -221.101
0.0026751544 -220.301
0.0026753544 -219.102
0.0026755544 -219.901
0.0026757544 -221.101
0.0026759544 -223.1
0.0026761544 -221.101
0.0026763544 -221.901
0.0026765544 -221.901
0.0026767544 -222.3
0.0026769544 -220.301
0.0026771544 -221.901
0.0026773544 -223.9
0.0026775544 -221.501
0.0026777544 -222.7
0.0026779544 -221.101
0.0026781544 -219.901
0.0026783544 -219.502
0.0026785544 -219.901
0.0026787544 -220.301
0.0026789544 -222.3
0.0026791544 -221.101
0.0026793544 -221.101
0.0026795544 -224.699
0.0026797544 -222.7
0.0026799544 -222.3
0.0026801544 -221.101
0.0026803544 -221.101
0.0026805544 -222.7
0.0026807544 -219.502
0.0026809544 -221.501
0.0026811544 -221.501
0.0026813544 -222.7
0.0026815544 -223.1
0.0026817544 -223.9
0.0026819544 -223.1
0.0026821544 -219.901
0.0026823544 -223.5
0.0026825544 -225.499
0.0026827544 -222.7
0.0026829544 -222.7
0.0026831544 -221.501
0.0026833544 -221.101
0.0026835544 -221.901
0.0026837544 -224.3
0.0026839544 -221.101
0.0026841544 -219.901
0.0026843544 -221.101
0.0026845544 -225.099
0.0026847544 -224.3
0.0026849544 -224.3
0.0026851544 -225.899
0.0026853544 -225.099
0.0026855544 -221.101
0.0026857544 -223.1
0.0026859544 -220.701
0.0026861544 -221.501
0.0026863544 -221.901
0.0026865544 -220.301
0.0026867544 -223.9
0.0026869544 -221.501
0.0026871544 -221.901
0.0026873544 -224.3
0.0026875544 -221.901
0.0026877544 -221.501
0.0026879544 -220.301
0.0026881544 -221.901
0.0026883544 -223.1
0.0026885544 -224.699
0.0026887544 -223.1
0.0026889544 -222.3
0.0026891544 -223.1
0.0026893544 -223.5
0.0026895544 -221.501
0.0026897544 -222.7
0.0026899544 -224.699
0.0026901544 -220.701
0.0026903544 -222.7
0.0026905544 -222.3
0.0026907544 -222.7
0.0026909544 -223.5
0.0026911544 -228.298
0.0026913544 -225.099
0.0026915544 -223.5
0.0026917544 -223.9
0.0026919544 -223.9
0.0026921544 -225.499
0.0026923544 -223.9
0.0026925544 -224.699
0.0026927544 -225.099
0.0026929544 -223.9
0.0026931544 -221.501
0.0026933544 -224.3
0.0026935544 -227.498
0.0026937544 -226.698
0.0026939544 -223.1
0.0026941544 -226.698
0.0026943544 -226.698
0.0026945544 -222.7
0.0026947544 -226.299
0.0026949544 -223.9
0.0026951544 -225.499
0.0026953544 -223.9
0.0026955544 -226.299
0.0026957544 -224.699
0.0026959544 -225.099
0.0026961544 -224.3
0.0026963544 -227.898
0.0026965544 -228.298
0.0026967544 -225.099
0.0026969544 -226.698
0.0026971544 -227.898
0.0026973544 -224.699
0.0026975544 -221.101
0.0026977544 -225.899
0.0026979544 -223.9
0.0026981544 -225.899
0.0026983544 -224.3
0.0026985544 -227.498
0.0026987544 -227.498
0.0026989544 -225.499
0.0026991544 -225.899
0.0026993544 -224.699
0.0026995544 -227.898
0.0026997544 -225.899
0.0026999544 -224.699
0.0027001544 -229.097
0.0027003544 -227.098
0.0027005544 -227.098
0.0027007544 -229.097
0.0027009544 -226.698
0.0027011544 -228.698
0.0027013544 -225.099
0.0027015544 -227.098
0.0027017544 -225.899
0.0027019544 -224.3
0.0027021544 -225.899
0.0027023544 -228.698
0.0027025544 -227.498
0.0027027544 -229.097
0.0027029544 -227.098
0.0027031544 -228.298
0.0027033544 -225.899
0.0027035544 -227.098
0.0027037544 -227.498
0.0027039544 -225.899
0.0027041544 -229.497
0.0027043544 -228.298
0.0027045544 -225.899
0.0027047544 -226.698
0.0027049544 -227.898
0.0027051544 -229.497
0.0027053544 -225.899
0.0027055544 -227.498
0.0027057544 -226.698
0.0027059544 -227.498
0.0027061544 -226.698
0.0027063544 -229.497
0.0027065544 -227.498
0.0027067544 -227.898
0.0027069544 -226.698
0.0027071544 -227.098
0.0027073544 -229.097
0.0027075544 -225.099
0.0027077544 -229.097
0.0027079544 -228.698
0.0027081544 -228.298
0.0027083544 -229.897
0.0027085544 -227.498
0.0027087544 -228.298
0.0027089544 -227.498
0.0027091544 -227.898
0.0027093544 -227.498
0.0027095544 -226.698
0.0027097544 -229.097
0.0027099544 -226.299
0.0027101544 -230.697
0.0027103544 -229.097
0.0027105544 -227.498
0.0027107544 -228.698
0.0027109544 -228.298
0.0027111544 -228.698
0.0027113544 -228.698
0.0027115544 -226.698
0.0027117544 -229.497
0.0027119544 -229.897
0.0027121544 -231.096
0.0027123544 -228.298
0.0027125544 -227.498
0.0027127544 -231.096
0.0027129544 -229.897
0.0027131544 -227.498
0.0027133544 -231.096
0.0027135544 -227.898
0.0027137544 -230.697
0.0027139544 -229.097
0.0027141544 -229.897
0.0027143544 -227.098
0.0027145544 -229.097
0.0027147544 -228.698
0.0027149544 -231.896
0.0027151544 -231.096
0.0027153544 -227.098
0.0027155544 -231.496
0.0027157544 -228.298
0.0027159544 -231.096
0.0027161544 -230.297
0.0027163544 -227.498
0.0027165544 -230.297
0.0027167544 -229.097
0.0027169544 -227.898
0.0027171544 -227.498
0.0027173544 -229.097
0.0027175544 -233.096
0.0027177544 -228.298
0.0027179544 -231.896
0.0027181544 -230.297
0.0027183544 -229.097
0.0027185544 -228.298
0.0027187544 -231.096
0.0027189544 -229.897
0.0027191544 -230.697
0.0027193544 -231.496
0.0027195544 -228.698
0.0027197544 -231.096
0.0027199544 -227.898
0.0027201544 -227.898
0.0027203544 -229.497
0.0027205544 -230.297
0.0027207544 -231.096
0.0027209544 -230.697
0.0027211544 -231.096
0.0027213544 -230.297
0.0027215544 -231.896
0.0027217544 -231.496
0.0027219544 -230.697
0.0027221544 -231.896
0.0027223544 -231.496
0.0027225544 -230.297
0.0027227544 -232.296
0.0027229544 -232.696
0.0027231544 -233.096
0.0027233544 -229.897
0.0027235544 -231.096
0.0027237544 -229.097
0.0027239544 -230.697
0.0027241544 -232.696
0.0027243544 -229.897
0.0027245544 -229.497
0.0027247544 -233.096
0.0027249544 -230.697
0.0027251544 -235.494
0.0027253544 -235.095
0.0027255544 -230.697
0.0027257544 -232.296
0.0027259544 -233.096
0.0027261544 -229.097
0.0027263544 -234.695
0.0027265544 -231.096
0.0027267544 -232.296
0.0027269544 -230.697
0.0027271544 -228.698
0.0027273544 -230.697
0.0027275544 -235.494
0.0027277544 -232.696
0.0027279544 -231.096
0.0027281544 -234.295
0.0027283544 -233.096
0.0027285544 -233.495
0.0027287544 -230.297
0.0027289544 -233.096
0.0027291544 -231.896
0.0027293544 -233.096
0.0027295544 -235.095
0.0027297544 -232.696
0.0027299544 -235.494
0.0027301544 -233.096
0.0027303544 -234.695
0.0027305544 -235.095
0.0027307544 -235.894
0.0027309544 -233.895
0.0027311544 -235.494
0.0027313544 -235.494
0.0027315544 -235.095
0.0027317544 -233.096
0.0027319544 -235.095
0.0027321544 -235.494
0.0027323544 -233.096
0.0027325544 -232.696
0.0027327544 -235.494
0.0027329544 -232.696
0.0027331544 -237.094
0.0027333544 -235.095
0.0027335544 -238.293
0.0027337544 -235.494
0.0027339544 -235.494
0.0027341544 -238.293
0.0027343544 -238.293
0.0027345544 -237.094
0.0027347544 -234.295
0.0027349544 -238.693
0.0027351544 -236.694
0.0027353544 -235.894
0.0027355544 -236.694
0.0027357544 -233.096
0.0027359544 -234.695
0.0027361544 -233.895
0.0027363544 -235.494
0.0027365544 -237.494
0.0027367544 -235.894
0.0027369544 -234.295
0.0027371544 -235.095
0.0027373544 -237.893
0.0027375544 -238.293
0.0027377544 -239.093
0.0027379544 -237.494
0.0027381544 -238.693
0.0027383544 -235.894
0.0027385544 -236.294
0.0027387544 -237.494
0.0027389544 -239.893
0.0027391544 -235.894
0.0027393544 -238.293
0.0027395544 -237.494
0.0027397544 -236.294
0.0027399544 -239.093
0.0027401544 -239.493
0.0027403544 -239.893
0.0027405544 -238.693
0.0027407544 -237.094
0.0027409544 -239.893
0.0027411544 -240.292
0.0027413544 -240.692
0.0027415544 -236.694
0.0027417544 -237.094
0.0027419544 -239.093
0.0027421544 -241.492
0.0027423544 -238.293
0.0027425544 -239.093
0.0027427544 -240.692
0.0027429544 -235.894
0.0027431544 -237.893
0.0027433544 -237.893
0.0027435544 -240.692
0.0027437544 -236.694
0.0027439544 -236.294
0.0027441544 -238.693
0.0027443544 -239.093
0.0027445544 -240.692
0.0027447544 -239.893
0.0027449544 -239.093
0.0027451544 -239.893
0.0027453544 -239.893
0.0027455544 -238.293
0.0027457544 -240.292
0.0027459544 -242.291
0.0027461544 -237.893
0.0027463544 -241.492
0.0027465544 -240.692
0.0027467544 -239.893
0.0027469544 -237.494
0.0027471544 -239.093
0.0027473544 -239.493
0.0027475544 -242.291
0.0027477544 -240.692
0.0027479544 -240.692
0.0027481544 -241.492
0.0027483544 -241.492
0.0027485544 -241.892
0.0027487544 -238.693
0.0027489544 -241.492
0.0027491544 -240.692
0.0027493544 -244.291
0.0027495544 -241.492
0.0027497544 -239.093
0.0027499544 -240.292
0.0027501544 -240.292
0.0027503544 -241.092
0.0027505544 -242.291
0.0027507544 -241.892
0.0027509544 -241.892
0.0027511544 -239.893
0.0027513544 -239.893
0.0027515544 -239.893
0.0027517544 -239.493
0.0027519544 -243.091
0.0027521544 -240.692
0.0027523544 -240.692
0.0027525544 -241.492
0.0027527544 -241.492
0.0027529544 -243.891
0.0027531544 -241.892
0.0027533544 -243.091
0.0027535544 -243.491
0.0027537544 -241.492
0.0027539544 -242.291
0.0027541544 -239.893
0.0027543544 -241.092
0.0027545544 -241.092
0.0027547544 -241.492
0.0027549544 -241.892
0.0027551544 -241.092
0.0027553544 -243.091
0.0027555544 -242.691
0.0027557544 -241.892
0.0027559544 -243.091
0.0027561544 -242.291
0.0027563544 -241.092
0.0027565544 -243.491
0.0027567544 -241.492
0.0027569544 -245.49
0.0027571544 -245.89
0.0027573544 -243.091
0.0027575544 -243.891
0.0027577544 -243.491
0.0027579544 -241.492
0.0027581544 -245.49
0.0027583544 -241.492
0.0027585544 -242.291
0.0027587544 -241.492
0.0027589544 -241.492
0.0027591544 -245.09
0.0027593544 -246.689
0.0027595544 -244.291
0.0027597544 -243.491
0.0027599544 -243.091
0.0027601544 -242.691
0.0027603544 -243.491
0.0027605544 -243.891
0.0027607544 -245.89
0.0027609544 -244.291
0.0027611544 -243.491
0.0027613544 -245.09
0.0027615544 -243.891
0.0027617544 -243.891
0.0027619544 -243.491
0.0027621544 -244.291
0.0027623544 -243.891
0.0027625544 -248.289
0.0027627544 -245.49
0.0027629544 -244.291
0.0027631544 -244.291
0.0027633544 -245.09
0.0027635544 -245.49
0.0027637544 -245.49
0.0027639544 -244.69
0.0027641544 -245.89
0.0027643544 -245.09
0.0027645544 -246.29
0.0027647544 -245.49
0.0027649544 -246.689
0.0027651544 -245.49
0.0027653544 -245.09
0.0027655544 -243.891
0.0027657544 -247.489
0.0027659544 -245.49
0.0027661544 -243.491
0.0027663544 -247.489
0.0027665544 -245.49
0.0027667544 -246.29
0.0027669544 -247.089
0.0027671544 -248.289
0.0027673544 -244.291
0.0027675544 -246.29
0.0027677544 -245.09
0.0027679544 -245.89
0.0027681544 -245.49
0.0027683544 -245.89
0.0027685544 -246.29
0.0027687544 -245.49
0.0027689544 -244.291
0.0027691544 -243.091
0.0027693544 -246.689
0.0027695544 -245.09
0.0027697544 -247.889
0.0027699544 -247.089
0.0027701544 -248.289
0.0027703544 -250.288
0.0027705544 -248.689
0.0027707544 -247.089
0.0027709544 -245.49
0.0027711544 -248.289
0.0027713544 -246.689
0.0027715544 -249.488
0.0027717544 -248.289
0.0027719544 -249.488
0.0027721544 -247.489
0.0027723544 -249.088
0.0027725544 -247.489
0.0027727544 -249.488
0.0027729544 -249.888
0.0027731544 -248.689
0.0027733544 -246.689
0.0027735544 -249.088
0.0027737544 -249.888
0.0027739544 -246.689
0.0027741544 -250.288
0.0027743544 -249.088
0.0027745544 -250.288
0.0027747544 -248.689
0.0027749544 -248.689
0.0027751544 -249.088
0.0027753544 -249.888
0.0027755544 -248.689
0.0027757544 -252.687
0.0027759544 -250.288
0.0027761544 -248.289
0.0027763544 -251.887
0.0027765544 -249.488
0.0027767544 -247.489
0.0027769544 -249.888
0.0027771544 -248.289
0.0027773544 -248.689
0.0027775544 -249.888
0.0027777544 -250.288
0.0027779544 -253.087
0.0027781544 -250.288
0.0027783544 -249.088
0.0027785544 -250.688
0.0027787544 -249.488
0.0027789544 -249.488
0.0027791544 -251.088
0.0027793544 -251.088
0.0027795544 -250.288
0.0027797544 -252.287
0.0027799544 -248.689
0.0027801544 -252.287
0.0027803544 -251.887
0.0027805544 -251.487
0.0027807544 -252.687
0.0027809544 -252.287
0.0027811544 -253.087
0.0027813544 -252.687
0.0027815544 -250.288
0.0027817544 -251.887
0.0027819544 -254.686
0.0027821544 -252.687
0.0027823544 -253.486
0.0027825544 -252.687
0.0027827544 -252.687
0.0027829544 -255.086
0.0027831544 -254.286
0.0027833544 -253.087
0.0027835544 -253.886
0.0027837544 -250.288
0.0027839544 -255.885
0.0027841544 -253.087
0.0027843544 -255.086
0.0027845544 -250.688
0.0027847544 -251.088
0.0027849544 -255.086
0.0027851544 -252.687
0.0027853544 -250.288
0.0027855544 -251.887
0.0027857544 -254.686
0.0027859544 -253.486
0.0027861544 -255.885
0.0027863544 -255.885
0.0027865544 -253.486
0.0027867544 -254.286
0.0027869544 -255.486
0.0027871544 -255.486
0.0027873544 -255.885
0.0027875544 -255.086
0.0027877544 -257.085
0.0027879544 -255.086
0.0027881544 -258.284
0.0027883544 -256.285
0.0027885544 -253.087
0.0027887544 -255.486
0.0027889544 -253.886
0.0027891544 -255.086
0.0027893544 -254.286
0.0027895544 -252.287
0.0027897544 -256.285
0.0027899544 -255.086
0.0027901544 -257.884
0.0027903544 -255.086
0.0027905544 -254.286
0.0027907544 -255.885
0.0027909544 -256.285
0.0027911544 -257.884
0.0027913544 -256.285
0.0027915544 -257.884
0.0027917544 -257.485
0.0027919544 -254.686
0.0027921544 -259.084
0.0027923544 -257.884
0.0027925544 -255.486
0.0027927544 -259.084
0.0027929544 -257.485
0.0027931544 -256.685
0.0027933544 -256.685
0.0027935544 -256.685
0.0027937544 -257.485
0.0027939544 -257.485
0.0027941544 -257.884
0.0027943544 -259.884
0.0027945544 -258.284
0.0027947544 -258.284
0.0027949544 -257.485
0.0027951544 -256.685
0.0027953544 -258.684
0.0027955544 -259.084
0.0027957544 -257.085
0.0027959544 -257.485
0.0027961544 -259.484
0.0027963544 -259.884
0.0027965544 -256.685
0.0027967544 -258.684
0.0027969544 -259.884
0.0027971544 -256.685
0.0027973544 -258.684
0.0027975544 -257.884
0.0027977544 -261.083
0.0027979544 -257.884
0.0027981544 -258.684
0.0027983544 -256.685
0.0027985544 -256.685
0.0027987544 -260.683
0.0027989544 -260.683
0.0027991544 -256.685
0.0027993544 -259.484
0.0027995544 -258.284
0.0027997544 -258.684
0.0027999544 -260.683
0.0028001544 -257.884
0.0028003544 -259.484
0.0028005544 -261.883
0.0028007544 -259.484
0.0028009544 -261.083
0.0028011544 -259.084
0.0028013544 -263.082
0.0028015544 -259.084
0.0028017544 -261.083
0.0028019544 -258.284
0.0028021544 -259.084
0.0028023544 -260.683
0.0028025544 -259.484
0.0028027544 -260.683
0.0028029544 -260.683
0.0028031544 -259.884
0.0028033544 -260.683
0.0028035544 -260.683
0.0028037544 -263.082
0.0028039544 -259.884
0.0028041544 -260.283
0.0028043544 -258.284
0.0028045544 -261.483
0.0028047544 -260.683
0.0028049544 -258.284
0.0028051544 -261.083
0.0028053544 -260.283
0.0028055544 -261.483
0.0028057544 -261.483
0.0028059544 -259.484
0.0028061544 -261.883
0.0028063544 -261.083
0.0028065544 -263.482
0.0028067544 -261.883
0.0028069544 -261.083
0.0028071544 -262.282
0.0028073544 -262.282
0.0028075544 -263.082
0.0028077544 -261.883
0.0028079544 -259.884
0.0028081544 -262.682
0.0028083544 -262.682
0.0028085544 -261.883
0.0028087544 -260.283
0.0028089544 -261.483
0.0028091544 -263.482
0.0028093544 -263.482
0.0028095544 -261.083
0.0028097544 -265.481
0.0028099544 -261.483
0.0028101544 -261.483
0.0028103544 -261.083
0.0028105544 -264.282
0.0028107544 -262.682
0.0028109544 -263.082
0.0028111544 -263.882
0.0028113544 -263.482
0.0028115544 -263.482
0.0028117544 -262.682
0.0028119544 -264.282
0.0028121544 -262.682
0.0028123544 -261.483
0.0028125544 -263.482
0.0028127544 -263.882
0.0028129544 -262.682
0.0028131544 -261.883
0.0028133544 -263.482
0.0028135544 -264.282
0.0028137544 -263.882
0.0028139544 -264.681
0.0028141544 -263.882
0.0028143544 -263.882
0.0028145544 -264.282
0.0028147544 -263.482
0.0028149544 -265.481
0.0028151544 -265.881
0.0028153544 -264.681
0.0028155544 -263.882
0.0028157544 -264.282
0.0028159544 -263.882
0.0028161544 -267.48
0.0028163544 -264.282
0.0028165544 -265.881
0.0028167544 -263.082
0.0028169544 -264.681
0.0028171544 -263.482
0.0028173544 -264.282
0.0028175544 -264.282
0.0028177544 -265.081
0.0028179544 -265.081
0.0028181544 -268.28
0.0028183544 -263.482
0.0028185544 -265.081
0.0028187544 -264.282
0.0028189544 -265.881
0.0028191544 -267.88
0.0028193544 -266.681
0.0028195544 -265.881
0.0028197544 -266.281
0.0028199544 -267.48
0.0028201544 -263.882
0.0028203544 -266.681
0.0028205544 -268.68
0.0028207544 -268.28
0.0028209544 -266.281
0.0028211544 -267.48
0.0028213544 -266.681
0.0028215544 -270.679
0.0028217544 -267.08
0.0028219544 -266.281
0.0028221544 -268.68
0.0028223544 -267.08
0.0028225544 -269.479
0.0028227544 -267.88
0.0028229544 -267.48
0.0028231544 -266.281
0.0028233544 -268.28
0.0028235544 -269.079
0.0028237544 -265.881
0.0028239544 -268.28
0.0028241544 -269.479
0.0028243544 -267.48
0.0028245544 -269.079
0.0028247544 -268.68
0.0028249544 -267.48
0.0028251544 -268.68
0.0028253544 -267.48
0.0028255544 -271.079
0.0028257544 -269.079
0.0028259544 -269.079
0.0028261544 -271.079
0.0028263544 -268.68
0.0028265544 -268.68
0.0028267544 -270.679
0.0028269544 -269.079
0.0028271544 -270.279
0.0028273544 -270.279
0.0028275544 -270.279
0.0028277544 -267.88
0.0028279544 -268.28
0.0028281544 -270.679
0.0028283544 -269.479
0.0028285544 -270.279
0.0028287544 -269.479
0.0028289544 -270.279
0.0028291544 -272.278
0.0028293544 -269.079
0.0028295544 -269.079
0.0028297544 -271.478
0.0028299544 -271.079
0.0028301544 -270.279
0.0028303544 -269.879
0.0028305544 -271.878
0.0028307544 -272.278
0.0028309544 -271.478
0.0028311544 -271.478
0.0028313544 -272.678
0.0028315544 -272.278
0.0028317544 -269.879
0.0028319544 -273.078
0.0028321544 -273.877
0.0028323544 -274.677
0.0028325544 -272.678
0.0028327544 -275.077
0.0028329544 -275.876
0.0028331544 -273.477
0.0028333544 -273.877
0.0028335544 -272.278
0.0028337544 -273.877
0.0028339544 -270.679
0.0028341544 -275.477
0.0028343544 -272.278
0.0028345544 -275.077
0.0028347544 -275.077
0.0028349544 -275.077
0.0028351544 -275.477
0.0028353544 -276.676
0.0028355544 -274.677
0.0028357544 -275.876
0.0028359544 -275.477
0.0028361544 -275.876
0.0028363544 -276.676
0.0028365544 -273.877
0.0028367544 -274.277
0.0028369544 -276.276
0.0028371544 -277.876
0.0028373544 -275.876
0.0028375544 -275.876
0.0028377544 -275.477
0.0028379544 -272.678
0.0028381544 -274.677
0.0028383544 -276.276
0.0028385544 -277.076
0.0028387544 -277.876
0.0028389544 -277.076
0.0028391544 -279.475
0.0028393544 -274.277
0.0028395544 -278.675
0.0028397544 -277.076
0.0028399544 -277.876
0.0028401544 -275.477
0.0028403544 -275.876
0.0028405544 -277.876
0.0028407544 -277.476
0.0028409544 -277.076
0.0028411544 -273.877
0.0028413544 -280.674
0.0028415544 -277.876
0.0028417544 -277.476
0.0028419544 -278.675
0.0028421544 -277.076
0.0028423544 -278.275
0.0028425544 -279.075
0.0028427544 -277.476
0.0028429544 -275.876
0.0028431544 -277.076
0.0028433544 -281.874
0.0028435544 -280.274
0.0028437544 -277.476
0.0028439544 -279.475
0.0028441544 -279.475
0.0028443544 -279.875
0.0028445544 -281.074
0.0028447544 -283.873
0.0028449544 -280.674
0.0028451544 -279.875
0.0028453544 -281.874
0.0028455544 -279.875
0.0028457544 -279.475
0.0028459544 -279.475
0.0028461544 -283.073
0.0028463544 -283.873
0.0028465544 -280.674
0.0028467544 -281.474
0.0028469544 -280.274
0.0028471544 -279.875
0.0028473544 -281.474
0.0028475544 -281.874
0.0028477544 -280.674
0.0028479544 -280.274
0.0028481544 -281.874
0.0028483544 -282.673
0.0028485544 -281.874
0.0028487544 -281.474
0.0028489544 -280.674
0.0028491544 -282.274
0.0028493544 -283.873
0.0028495544 -281.074
0.0028497544 -281.874
0.0028499544 -282.274
0.0028501544 -281.874
0.0028503544 -281.074
0.0028505544 -282.274
0.0028507544 -283.073
0.0028509544 -281.874
0.0028511544 -284.672
0.0028513544 -281.874
0.0028515544 -281.874
0.0028517544 -281.874
0.0028519544 -282.274
0.0028521544 -278.675
0.0028523544 -281.874
0.0028525544 -282.274
0.0028527544 -285.072
0.0028529544 -286.272
0.0028531544 -284.273
0.0028533544 -283.473
0.0028535544 -286.272
0.0028537544 -286.272
0.0028539544 -284.672
0.0028541544 -285.472
0.0028543544 -283.073
0.0028545544 -286.272
0.0028547544 -285.472
0.0028549544 -284.672
0.0028551544 -285.072
0.0028553544 -287.471
0.0028555544 -286.672
0.0028557544 -284.672
0.0028559544 -285.072
0.0028561544 -284.672
0.0028563544 -285.872
0.0028565544 -286.272
0.0028567544 -284.672
0.0028569544 -285.472
0.0028571544 -285.872
0.0028573544 -285.872
0.0028575544 -283.873
0.0028577544 -283.473
0.0028579544 -287.071
0.0028581544 -286.272
0.0028583544 -287.471
0.0028585544 -284.672
0.0028587544 -287.871
0.0028589544 -286.272
0.0028591544 -283.873
0.0028593544 -285.872
0.0028595544 -285.472
0.0028597544 -285.472
0.0028599544 -285.072
0.0028601544 -285.872
0.0028603544 -286.272
0.0028605544 -287.071
0.0028607544 -286.672
0.0028609544 -286.672
0.0028611544 -287.471
0.0028613544 -285.072
0.0028615544 -286.672
0.0028617544 -286.672
0.0028619544 -287.871
0.0028621544 -290.27
0.0028623544 -285.472
0.0028625544 -287.871
0.0028627544 -290.67
0.0028629544 -289.07
0.0028631544 -288.671
0.0028633544 -287.871
0.0028635544 -287.471
0.0028637544 -289.87
0.0028639544 -290.67
0.0028641544 -288.271
0.0028643544 -289.47
0.0028645544 -289.07
0.0028647544 -290.27
0.0028649544 -287.071
0.0028651544 -290.67
0.0028653544 -290.67
0.0028655544 -289.47
0.0028657544 -290.27
0.0028659544 -289.07
0.0028661544 -290.27
0.0028663544 -290.27
0.0028665544 -289.47
0.0028667544 -289.87
0.0028669544 -289.87
0.0028671544 -289.87
0.0028673544 -289.07
0.0028675544 -292.269
0.0028677544 -291.869
0.0028679544 -290.27
0.0028681544 -291.869
0.0028683544 -289.47
0.0028685544 -292.269
0.0028687544 -291.469
0.0028689544 -290.27
0.0028691544 -290.27
0.0028693544 -291.469
0.0028695544 -291.469
0.0028697544 -288.671
0.0028699544 -289.47
0.0028701544 -290.67
0.0028703544 -292.269
0.0028705544 -291.469
0.0028707544 -293.469
0.0028709544 -292.669
0.0028711544 -291.469
0.0028713544 -291.869
0.0028715544 -293.469
0.0028717544 -291.469
0.0028719544 -292.669
0.0028721544 -291.869
0.0028723544 -293.469
0.0028725544 -293.868
0.0028727544 -291.869
0.0028729544 -291.469
0.0028731544 -290.67
0.0028733544 -291.07
0.0028735544 -292.269
0.0028737544 -293.069
0.0028739544 -293.069
0.0028741544 -291.869
0.0028743544 -294.668
0.0028745544 -293.469
0.0028747544 -295.068
0.0028749544 -293.469
0.0028751544 -295.068
0.0028753544 -290.67
0.0028755544 -293.469
0.0028757544 -292.269
0.0028759544 -294.668
0.0028761544 -294.268
0.0028763544 -294.668
0.0028765544 -297.867
0.0028767544 -295.867
0.0028769544 -291.469
0.0028771544 -293.469
0.0028773544 -295.068
0.0028775544 -294.268
0.0028777544 -294.668
0.0028779544 -297.867
0.0028781544 -294.668
0.0028783544 -296.267
0.0028785544 -297.067
0.0028787544 -292.269
0.0028789544 -293.868
0.0028791544 -295.468
0.0028793544 -295.867
0.0028795544 -295.468
0.0028797544 -292.269
0.0028799544 -298.266
0.0028801544 -299.066
0.0028803544 -295.468
0.0028805544 -298.266
0.0028807544 -296.667
0.0028809544 -297.067
0.0028811544 -298.666
0.0028813544 -295.068
0.0028815544 -295.468
0.0028817544 -295.867
0.0028819544 -299.466
0.0028821544 -297.467
0.0028823544 -297.467
0.0028825544 -297.067
0.0028827544 -298.666
0.0028829544 -297.867
0.0028831544 -298.266
0.0028833544 -298.266
0.0028835544 -298.666
0.0028837544 -295.468
0.0028839544 -296.267
0.0028841544 -298.666
0.0028843544 -296.267
0.0028845544 -297.867
0.0028847544 -299.066
0.0028849544 -297.067
0.0028851544 -298.266
0.0028853544 -299.466
0.0028855544 -299.466
0.0028857544 -299.466
0.0028859544 -298.266
0.0028861544 -299.466
0.0028863544 -301.065
0.0028865544 -300.265
0.0028867544 -297.867
0.0028869544 -299.466
0.0028871544 -301.065
0.0028873544 -299.466
0.0028875544 -301.465
0.0028877544 -300.665
0.0028879544 -299.466
0.0028881544 -299.866
0.0028883544 -299.866
0.0028885544 -301.865
0.0028887544 -299.866
0.0028889544 -301.465
0.0028891544 -300.665
0.0028893544 -300.265
0.0028895544 -298.266
0.0028897544 -301.065
0.0028899544 -301.865
0.0028901544 -301.065
0.0028903544 -303.864
0.0028905544 -303.064
0.0028907544 -301.865
0.0028909544 -301.865
0.0028911544 -300.665
0.0028913544 -301.065
0.0028915544 -300.665
0.0028917544 -301.865
0.0028919544 -302.664
0.0028921544 -301.865
0.0028923544 -301.465
0.0028925544 -304.264
0.0028927544 -303.864
0.0028929544 -302.265
0.0028931544 -303.864
0.0028933544 -301.865
0.0028935544 -298.666
0.0028937544 -300.665
0.0028939544 -302.265
0.0028941544 -301.865
0.0028943544 -302.664
0.0028945544 -301.865
0.0028947544 -302.664
0.0028949544 -302.664
0.0028951544 -305.863
0.0028953544 -302.265
0.0028955544 -302.265
0.0028957544 -303.064
0.0028959544 -301.465
0.0028961544 -303.464
0.0028963544 -304.664
0.0028965544 -302.265
0.0028967544 -306.263
0.0028969544 -305.463
0.0028971544 -305.063
0.0028973544 -303.064
0.0028975544 -304.264
0.0028977544 -305.463
0.0028979544 -305.063
0.0028981544 -304.264
0.0028983544 -304.264
0.0028985544 -305.863
0.0028987544 -304.664
0.0028989544 -303.864
0.0028991544 -305.863
0.0028993544 -304.264
0.0028995544 -305.463
0.0028997544 -303.864
0.0028999544 -302.265
0.0029001544 -305.063
0.0029003544 -305.063
0.0029005544 -307.062
0.0029007544 -305.063
0.0029009544 -306.663
0.0029011544 -305.063
0.0029013544 -303.864
0.0029015544 -304.664
0.0029017544 -304.664
0.0029019544 -306.263
0.0029021544 -308.262
0.0029023544 -307.062
0.0029025544 -304.264
0.0029027544 -304.664
0.0029029544 -305.463
0.0029031544 -307.462
0.0029033544 -305.863
0.0029035544 -307.062
0.0029037544 -305.063
0.0029039544 -305.863
0.0029041544 -305.463
0.0029043544 -306.663
0.0029045544 -309.062
0.0029047544 -309.461
0.0029049544 -306.663
0.0029051544 -308.262
0.0029053544 -305.463
0.0029055544 -309.062
0.0029057544 -310.261
0.0029059544 -306.663
0.0029061544 -307.462
0.0029063544 -307.462
0.0029065544 -307.062
0.0029067544 -310.261
0.0029069544 -308.262
0.0029071544 -305.863
0.0029073544 -309.461
0.0029075544 -307.462
0.0029077544 -306.663
0.0029079544 -306.663
0.0029081544 -306.663
0.0029083544 -305.863
0.0029085544 -312.26
0.0029087544 -308.262
0.0029089544 -306.263
0.0029091544 -308.262
0.0029093544 -306.663
0.0029095544 -307.462
0.0029097544 -309.861
0.0029099544 -307.862
0.0029101544 -308.662
0.0029103544 -310.261
0.0029105544 -306.263
0.0029107544 -310.261
0.0029109544 -307.462
0.0029111544 -307.462
0.0029113544 -308.662
0.0029115544 -310.661
0.0029117544 -308.662
0.0029119544 -304.664
0.0029121544 -309.461
0.0029123544 -307.862
0.0029125544 -308.262
0.0029127544 -309.861
0.0029129544 -309.062
0.0029131544 -309.062
0.0029133544 -310.261
0.0029135544 -309.062
0.0029137544 -311.46
0.0029139544 -308.662
0.0029141544 -311.86
0.0029143544 -309.861
0.0029145544 -309.861
0.0029147544 -310.261
0.0029149544 -310.261
0.0029151544 -308.662
0.0029153544 -311.46
0.0029155544 -311.061
0.0029157544 -313.46
0.0029159544 -310.261
0.0029161544 -309.062
0.0029163544 -310.661
0.0029165544 -311.46
0.0029167544 -310.661
0.0029169544 -310.661
0.0029171544 -310.261
0.0029173544 -313.06
0.0029175544 -311.061
0.0029177544 -313.06
0.0029179544 -313.46
0.0029181544 -308.262
0.0029183544 -311.46
0.0029185544 -311.46
0.0029187544 -311.86
0.0029189544 -312.66
0.0029191544 -312.26
0.0029193544 -311.46
0.0029195544 -311.061
0.0029197544 -312.66
0.0029199544 -311.061
0.0029201544 -313.46
0.0029203544 -309.062
0.0029205544 -313.859
0.0029207544 -313.46
0.0029209544 -311.46
0.0029211544 -311.46
0.0029213544 -313.859
0.0029215544 -309.861
0.0029217544 -311.46
0.0029219544 -312.26
0.0029221544 -314.659
0.0029223544 -312.26
0.0029225544 -313.859
0.0029227544 -311.86
0.0029229544 -311.86
0.0029231544 -314.259
0.0029233544 -313.46
0.0029235544 -309.861
0.0029237544 -315.059
0.0029239544 -316.658
0.0029241544 -312.66
0.0029243544 -311.86
0.0029245544 -312.66
0.0029247544 -312.66
0.0029249544 -311.46
0.0029251544 -312.66
0.0029253544 -313.46
0.0029255544 -311.86
0.0029257544 -313.859
0.0029259544 -314.259
0.0029261544 -315.858
0.0029263544 -314.659
0.0029265544 -314.659
0.0029267544 -311.86
0.0029269544 -313.859
0.0029271544 -315.459
0.0029273544 -315.059
0.0029275544 -313.859
0.0029277544 -315.059
0.0029279544 -314.259
0.0029281544 -313.859
0.0029283544 -315.459
0.0029285544 -315.059
0.0029287544 -314.259
0.0029289544 -316.258
0.0029291544 -315.858
0.0029293544 -315.858
0.0029295544 -316.258
0.0029297544 -316.258
0.0029299544 -317.058
0.0029301544 -314.259
0.0029303544 -315.459
0.0029305544 -314.659
0.0029307544 -315.459
0.0029309544 -315.858
0.0029311544 -316.658
0.0029313544 -314.659
0.0029315544 -315.059
0.0029317544 -312.66
0.0029319544 -318.257
0.0029321544 -317.858
0.0029323544 -315.459
0.0029325544 -319.057
0.0029327544 -315.858
0.0029329544 -319.057
0.0029331544 -315.459
0.0029333544 -318.657
0.0029335544 -317.058
0.0029337544 -317.858
0.0029339544 -317.058
0.0029341544 -318.657
0.0029343544 -317.458
0.0029345544 -319.057
0.0029347544 -314.259
0.0029349544 -315.459
0.0029351544 -317.058
0.0029353544 -319.857
0.0029355544 -319.857
0.0029357544 -317.458
0.0029359544 -319.057
0.0029361544 -319.457
0.0029363544 -318.257
0.0029365544 -317.058
0.0029367544 -317.858
0.0029369544 -319.057
0.0029371544 -316.258
0.0029373544 -319.457
0.0029375544 -321.456
0.0029377544 -317.458
0.0029379544 -319.857
0.0029381544 -318.257
0.0029383544 -318.257
0.0029385544 -319.057
0.0029387544 -320.257
0.0029389544 -320.656
0.0029391544 -320.656
0.0029393544 -319.457
0.0029395544 -317.858
0.0029397544 -317.058
0.0029399544 -319.457
0.0029401544 -319.457
0.0029403544 -320.257
0.0029405544 -321.456
0.0029407544 -320.656
0.0029409544 -320.656
0.0029411544 -319.457
0.0029413544 -319.857
0.0029415544 -319.457
0.0029417544 -322.655
0.0029419544 -319.457
0.0029421544 -318.657
0.0029423544 -321.056
0.0029425544 -321.456
0.0029427544 -323.455
0.0029429544 -321.856
0.0029431544 -319.857
0.0029433544 -319.057
0.0029435544 -319.857
0.0029437544 -321.856
0.0029439544 -321.456
0.0029441544 -319.857
0.0029443544 -322.256
0.0029445544 -320.257
0.0029447544 -320.257
0.0029449544 -320.656
0.0029451544 -322.655
0.0029453544 -318.257
0.0029455544 -319.457
0.0029457544 -321.856
0.0029459544 -320.656
0.0029461544 -318.657
0.0029463544 -320.656
0.0029465544 -319.857
0.0029467544 -319.057
0.0029469544 -321.056
0.0029471544 -322.655
0.0029473544 -322.256
0.0029475544 -320.656
0.0029477544 -321.856
0.0029479544 -321.056
0.0029481544 -321.856
0.0029483544 -323.055
0.0029485544 -321.456
0.0029487544 -319.457
0.0029489544 -321.856
0.0029491544 -321.456
0.0029493544 -319.457
0.0029495544 -321.856
0.0029497544 -323.055
0.0029499544 -323.055
0.0029501544 -321.856
0.0029503544 -322.655
0.0029505544 -319.057
0.0029507544 -323.455
0.0029509544 -321.856
0.0029511544 -321.856
0.0029513544 -322.256
0.0029515544 -323.055
0.0029517544 -323.455
0.0029519544 -324.255
0.0029521544 -322.256
0.0029523544 -319.857
0.0029525544 -323.455
0.0029527544 -323.455
0.0029529544 -319.057
0.0029531544 -322.655
0.0029533544 -320.257
0.0029535544 -324.255
0.0029537544 -320.257
0.0029539544 -321.056
0.0029541544 -320.656
0.0029543544 -323.055
0.0029545544 -324.255
0.0029547544 -324.255
0.0029549544 -323.855
0.0029551544 -323.055
0.0029553544 -323.455
0.0029555544 -324.255
0.0029557544 -321.456
0.0029559544 -323.055
0.0029561544 -324.655
0.0029563544 -324.255
0.0029565544 -323.455
0.0029567544 -323.855
0.0029569544 -323.055
0.0029571544 -323.855
0.0029573544 -324.255
0.0029575544 -322.256
0.0029577544 -324.255
0.0029579544 -324.255
0.0029581544 -325.454
0.0029583544 -324.655
0.0029585544 -322.256
0.0029587544 -325.854
0.0029589544 -324.255
0.0029591544 -319.457
0.0029593544 -324.655
0.0029595544 -322.655
0.0029597544 -323.855
0.0029599544 -323.055
0.0029601544 -321.056
0.0029603544 -325.054
0.0029605544 -324.255
0.0029607544 -324.255
0.0029609544 -321.856
0.0029611544 -323.855
0.0029613544 -323.855
0.0029615544 -321.456
0.0029617544 -325.054
0.0029619544 -322.256
0.0029621544 -322.256
0.0029623544 -325.854
0.0029625544 -323.855
0.0029627544 -325.454
0.0029629544 -323.455
0.0029631544 -325.054
0.0029633544 -325.854
0.0029635544 -323.855
0.0029637544 -324.255
0.0029639544 -325.454
0.0029641544 -321.856
0.0029643544 -323.455
0.0029645544 -326.254
0.0029647544 -323.455
0.0029649544 -327.453
0.0029651544 -323.455
0.0029653544 -323.855
0.0029655544 -322.655
0.0029657544 -324.255
0.0029659544 -324.255
0.0029661544 -323.055
0.0029663544 -324.255
0.0029665544 -323.055
0.0029667544 -323.855
0.0029669544 -323.855
0.0029671544 -325.854
0.0029673544 -323.855
0.0029675544 -323.855
0.0029677544 -326.254
0.0029679544 -325.454
0.0029681544 -326.654
0.0029683544 -322.655
0.0029685544 -325.854
0.0029687544 -324.655
0.0029689544 -325.854
0.0029691544 -323.055
0.0029693544 -323.855
0.0029695544 -325.054
0.0029697544 -325.054
0.0029699544 -323.455
0.0029701544 -325.054
0.0029703544 -327.053
0.0029705544 -324.255
0.0029707544 -324.655
0.0029709544 -326.654
0.0029711544 -325.454
0.0029713544 -325.854
0.0029715544 -327.453
0.0029717544 -326.254
0.0029719544 -325.054
0.0029721544 -327.053
0.0029723544 -326.654
0.0029725544 -327.053
0.0029727544 -327.853
0.0029729544 -324.255
0.0029731544 -325.454
0.0029733544 -325.054
0.0029735544 -325.454
0.0029737544 -327.453
0.0029739544 -327.853
0.0029741544 -328.253
0.0029743544 -327.453
0.0029745544 -325.454
0.0029747544 -328.253
0.0029749544 -324.655
0.0029751544 -328.253
0.0029753544 -326.654
0.0029755544 -325.454
0.0029757544 -327.453
0.0029759544 -327.053
0.0029761544 -327.853
0.0029763544 -327.053
0.0029765544 -326.254
0.0029767544 -325.854
0.0029769544 -327.053
0.0029771544 -329.852
0.0029773544 -327.453
0.0029775544 -327.053
0.0029777544 -327.453
0.0029779544 -328.253
0.0029781544 -326.254
0.0029783544 -329.452
0.0029785544 -326.654
0.0029787544 -326.654
0.0029789544 -329.852
0.0029791544 -327.853
0.0029793544 -325.854
0.0029795544 -330.652
0.0029797544 -327.053
0.0029799544 -328.253
0.0029801544 -329.452
0.0029803544 -328.653
0.0029805544 -330.252
0.0029807544 -329.452
0.0029809544 -327.453
0.0029811544 -328.653
0.0029813544 -329.452
0.0029815544 -330.252
0.0029817544 -329.852
0.0029819544 -328.653
0.0029821544 -327.053
0.0029823544 -329.452
0.0029825544 -329.452
0.0029827544 -329.452
0.0029829544 -329.053
0.0029831544 -328.253
0.0029833544 -327.053
0.0029835544 -328.253
0.0029837544 -325.854
0.0029839544 -327.453
0.0029841544 -328.253
0.0029843544 -327.853
0.0029845544 -329.852
0.0029847544 -327.853
0.0029849544 -329.053
0.0029851544 -328.253
0.0029853544 -327.453
0.0029855544 -327.853
0.0029857544 -329.452
0.0029859544 -327.853
0.0029861544 -327.853
0.0029863544 -329.053
0.0029865544 -329.852
0.0029867544 -329.053
0.0029869544 -330.252
0.0029871544 -328.253
0.0029873544 -329.852
0.0029875544 -327.853
0.0029877544 -331.052
0.0029879544 -331.452
0.0029881544 -330.252
0.0029883544 -331.052
0.0029885544 -329.452
0.0029887544 -329.452
0.0029889544 -328.653
0.0029891544 -329.452
0.0029893544 -329.852
0.0029895544 -330.652
0.0029897544 -331.452
0.0029899544 -327.853
0.0029901544 -331.851
0.0029903544 -331.452
0.0029905544 -329.452
0.0029907544 -331.851
0.0029909544 -330.252
0.0029911544 -330.252
0.0029913544 -328.253
0.0029915544 -330.252
0.0029917544 -330.252
0.0029919544 -329.452
0.0029921544 -332.651
0.0029923544 -331.052
0.0029925544 -331.052
0.0029927544 -329.053
0.0029929544 -332.651
0.0029931544 -331.851
0.0029933544 -331.052
0.0029935544 -333.051
0.0029937544 -331.452
0.0029939544 -331.851
0.0029941544 -330.252
0.0029943544 -331.052
0.0029945544 -331.851
0.0029947544 -331.452
0.0029949544 -331.052
0.0029951544 -331.052
0.0029953544 -330.652
0.0029955544 -330.652
0.0029957544 -333.85
0.0029959544 -331.452
0.0029961544 -331.452
0.0029963544 -331.052
0.0029965544 -331.052
0.0029967544 -333.451
0.0029969544 -329.852
0.0029971544 -331.052
0.0029973544 -330.652
0.0029975544 -333.051
0.0029977544 -331.851
0.0029979544 -331.851
0.0029981544 -333.451
0.0029983544 -333.051
0.0029985544 -331.851
0.0029987544 -336.649
0.0029989544 -330.252
0.0029991544 -332.651
0.0029993544 -335.05
0.0029995544 -328.653
0.0029997544 -333.451
0.0029999544 -331.851
0.0030001544 -333.051
0.0030003544 -332.651
0.0030005544 -332.251
0.0030007544 -332.251
0.0030009544 -335.05
0.0030011544 -330.652
0.0030013544 -331.851
0.0030015544 -333.451
0.0030017544 -332.651
0.0030019544 -333.451
0.0030021544 -334.25
0.0030023544 -336.649
0.0030025544 -332.651
0.0030027544 -331.452
0.0030029544 -332.251
0.0030031544 -332.651
0.0030033544 -332.251
0.0030035544 -336.249
0.0030037544 -333.451
0.0030039544 -334.25
0.0030041544 -333.451
0.0030043544 -333.051
0.0030045544 -334.25
0.0030047544 -331.851
0.0030049544 -334.25
0.0030051544 -333.051
0.0030053544 -335.05
0.0030055544 -332.651
0.0030057544 -332.651
0.0030059544 -335.45
0.0030061544 -333.051
0.0030063544 -332.251
0.0030065544 -335.85
0.0030067544 -334.25
0.0030069544 -332.251
0.0030071544 -332.651
0.0030073544 -333.85
0.0030075544 -333.85
0.0030077544 -333.051
0.0030079544 -335.05
0.0030081544 -334.65
0.0030083544 -333.451
0.0030085544 -335.05
0.0030087544 -335.85
0.0030089544 -334.25
0.0030091544 -335.85
0.0030093544 -334.25
0.0030095544 -331.851
0.0030097544 -334.65
0.0030099544 -334.25
0.0030101544 -336.649
0.0030103544 -335.45
0.0030105544 -335.05
0.0030107544 -334.25
0.0030109544 -334.65
0.0030111544 -335.05
0.0030113544 -334.25
0.0030115544 -334.65
0.0030117544 -335.45
0.0030119544 -333.451
0.0030121544 -335.05
0.0030123544 -335.85
0.0030125544 -335.05
0.0030127544 -335.85
0.0030129544 -333.85
0.0030131544 -335.05
0.0030133544 -335.05
0.0030135544 -333.451
0.0030137544 -335.05
0.0030139544 -334.25
0.0030141544 -333.85
0.0030143544 -335.85
0.0030145544 -335.45
0.0030147544 -331.851
0.0030149544 -335.45
0.0030151544 -334.25
0.0030153544 -334.25
0.0030155544 -333.85
0.0030157544 -333.85
0.0030159544 -333.85
0.0030161544 -335.85
0.0030163544 -334.25
0.0030165544 -334.65
0.0030167544 -334.25
0.0030169544 -335.85
0.0030171544 -333.85
0.0030173544 -337.049
0.0030175544 -333.451
0.0030177544 -335.05
0.0030179544 -335.05
0.0030181544 -334.25
0.0030183544 -334.25
0.0030185544 -334.25
0.0030187544 -334.25
0.0030189544 -336.649
0.0030191544 -339.048
0.0030193544 -336.249
0.0030195544 -335.45
0.0030197544 -337.049
0.0030199544 -335.45
0.0030201544 -337.849
0.0030203544 -337.049
0.0030205544 -335.85
0.0030207544 -336.649
0.0030209544 -337.849
0.0030211544 -335.85
0.0030213544 -337.049
0.0030215544 -334.65
0.0030217544 -336.649
0.0030219544 -337.849
0.0030221544 -337.849
0.0030223544 -336.249
0.0030225544 -337.049
0.0030227544 -334.25
0.0030229544 -336.249
0.0030231544 -338.248
0.0030233544 -334.25
0.0030235544 -336.649
0.0030237544 -335.45
0.0030239544 -337.849
0.0030241544 -338.648
0.0030243544 -336.649
0.0030245544 -336.249
0.0030247544 -337.849
0.0030249544 -338.248
0.0030251544 -336.249
0.0030253544 -336.649
0.0030255544 -333.85
0.0030257544 -334.25
0.0030259544 -337.849
0.0030261544 -337.849
0.0030263544 -335.05
0.0030265544 -338.648
0.0030267544 -337.849
0.0030269544 -338.648
0.0030271544 -334.25
0.0030273544 -337.049
0.0030275544 -339.848
0.0030277544 -338.648
0.0030279544 -339.448
0.0030281544 -335.05
0.0030283544 -337.849
0.0030285544 -336.249
0.0030287544 -336.249
0.0030289544 -339.848
0.0030291544 -337.049
0.0030293544 -339.048
0.0030295544 -337.449
0.0030297544 -337.849
0.0030299544 -338.648
0.0030301544 -337.849
0.0030303544 -338.248
0.0030305544 -336.249
0.0030307544 -337.449
0.0030309544 -337.849
0.0030311544 -337.849
0.0030313544 -339.448
0.0030315544 -339.848
0.0030317544 -339.048
0.0030319544 -339.048
0.0030321544 -339.448
0.0030323544 -337.849
0.0030325544 -340.248
0.0030327544 -338.248
0.0030329544 -340.248
0.0030331544 -338.248
0.0030333544 -340.647
0.0030335544 -338.248
0.0030337544 -337.449
0.0030339544 -338.248
0.0030341544 -340.248
0.0030343544 -341.447
0.0030345544 -339.848
0.0030347544 -340.248
0.0030349544 -341.047
0.0030351544 -337.049
0.0030353544 -338.648
0.0030355544 -340.248
0.0030357544 -341.847
0.0030359544 -337.849
0.0030361544 -340.647
0.0030363544 -337.849
0.0030365544 -339.448
0.0030367544 -343.846
0.0030369544 -336.249
0.0030371544 -340.248
0.0030373544 -341.447
0.0030375544 -340.647
0.0030377544 -338.648
0.0030379544 -337.449
0.0030381544 -337.449
0.0030383544 -339.448
0.0030385544 -339.048
0.0030387544 -340.248
0.0030389544 -341.047
0.0030391544 -338.248
0.0030393544 -338.248
0.0030395544 -340.647
0.0030397544 -339.448
0.0030399544 -341.447
0.0030401544 -339.448
0.0030403544 -340.248
0.0030405544 -341.447
0.0030407544 -341.847
0.0030409544 -342.247
0.0030411544 -341.847
0.0030413544 -341.047
0.0030415544 -341.047
0.0030417544 -341.047
0.0030419544 -343.446
0.0030421544 -341.047
0.0030423544 -339.448
0.0030425544 -339.848
0.0030427544 -339.848
0.0030429544 -341.047
0.0030431544 -341.047
0.0030433544 -340.647
0.0030435544 -341.447
0.0030437544 -341.447
0.0030439544 -339.448
0.0030441544 -342.247
0.0030443544 -342.646
0.0030445544 -337.849
0.0030447544 -344.246
0.0030449544 -339.848
0.0030451544 -340.248
0.0030453544 -341.847
0.0030455544 -344.246
0.0030457544 -342.646
0.0030459544 -339.448
0.0030461544 -342.646
0.0030463544 -340.248
0.0030465544 -339.048
0.0030467544 -339.048
0.0030469544 -339.048
0.0030471544 -341.847
0.0030473544 -339.048
0.0030475544 -339.448
0.0030477544 -341.447
0.0030479544 -341.847
0.0030481544 -339.048
0.0030483544 -341.847
0.0030485544 -339.848
0.0030487544 -341.847
0.0030489544 -342.646
0.0030491544 -342.646
0.0030493544 -339.848
0.0030495544 -341.447
0.0030497544 -340.647
0.0030499544 -341.047
0.0030501544 -339.048
0.0030503544 -340.647
0.0030505544 -340.248
0.0030507544 -342.646
0.0030509544 -340.647
0.0030511544 -342.646
0.0030513544 -341.847
0.0030515544 -339.848
0.0030517544 -342.646
0.0030519544 -338.648
0.0030521544 -342.646
0.0030523544 -343.446
0.0030525544 -342.646
0.0030527544 -341.047
0.0030529544 -343.446
0.0030531544 -340.647
0.0030533544 -343.446
0.0030535544 -341.047
0.0030537544 -341.847
0.0030539544 -342.247
0.0030541544 -339.848
0.0030543544 -341.847
0.0030545544 -344.246
0.0030547544 -340.248
0.0030549544 -344.246
0.0030551544 -345.045
0.0030553544 -342.247
0.0030555544 -341.047
0.0030557544 -340.248
0.0030559544 -343.046
0.0030561544 -341.847
0.0030563544 -344.646
0.0030565544 -344.646
0.0030567544 -341.047
0.0030569544 -341.847
0.0030571544 -342.646
0.0030573544 -343.846
0.0030575544 -343.846
0.0030577544 -342.247
0.0030579544 -343.046
0.0030581544 -342.247
0.0030583544 -342.247
0.0030585544 -342.247
0.0030587544 -343.446
0.0030589544 -344.246
0.0030591544 -341.447
0.0030593544 -339.448
0.0030595544 -341.847
0.0030597544 -343.446
0.0030599544 -344.246
0.0030601544 -339.448
0.0030603544 -340.647
0.0030605544 -342.646
0.0030607544 -343.046
0.0030609544 -344.246
0.0030611544 -339.048
0.0030613544 -340.248
0.0030615544 -342.247
0.0030617544 -339.048
0.0030619544 -341.447
0.0030621544 -343.446
0.0030623544 -342.247
0.0030625544 -343.846
0.0030627544 -343.046
0.0030629544 -342.247
0.0030631544 -341.047
0.0030633544 -342.646
0.0030635544 -343.846
0.0030637544 -342.646
0.0030639544 -344.246
0.0030641544 -343.846
0.0030643544 -344.246
0.0030645544 -343.446
0.0030647544 -345.045
0.0030649544 -342.247
0.0030651544 -344.246
0.0030653544 -341.047
0.0030655544 -343.046
0.0030657544 -343.446
0.0030659544 -344.246
0.0030661544 -345.445
0.0030663544 -343.446
0.0030665544 -343.846
0.0030667544 -344.646
0.0030669544 -346.645
0.0030671544 -344.646
0.0030673544 -341.447
0.0030675544 -346.245
0.0030677544 -344.246
0.0030679544 -344.646
0.0030681544 -343.846
0.0030683544 -343.846
0.0030685544 -343.446
0.0030687544 -344.646
0.0030689544 -344.246
0.0030691544 -343.446
0.0030693544 -344.246
0.0030695544 -345.045
0.0030697544 -343.046
0.0030699544 -344.246
0.0030701544 -345.045
0.0030703544 -344.246
0.0030705544 -344.246
0.0030707544 -341.047
0.0030709544 -344.246
0.0030711544 -343.446
0.0030713544 -344.246
0.0030715544 -346.645
0.0030717544 -342.646
0.0030719544 -345.445
0.0030721544 -346.645
0.0030723544 -346.645
0.0030725544 -347.844
0.0030727544 -346.645
0.0030729544 -347.045
0.0030731544 -345.045
0.0030733544 -346.245
0.0030735544 -344.646
0.0030737544 -344.246
0.0030739544 -343.846
0.0030741544 -344.646
0.0030743544 -343.046
0.0030745544 -345.045
0.0030747544 -343.846
0.0030749544 -344.246
0.0030751544 -345.045
0.0030753544 -346.645
0.0030755544 -345.845
0.0030757544 -346.645
0.0030759544 -347.045
0.0030761544 -346.645
0.0030763544 -344.646
0.0030765544 -345.845
0.0030767544 -348.644
0.0030769544 -344.646
0.0030771544 -346.645
0.0030773544 -345.045
0.0030775544 -346.645
0.0030777544 -346.245
0.0030779544 -347.844
0.0030781544 -347.045
0.0030783544 -343.446
0.0030785544 -345.445
0.0030787544 -347.045
0.0030789544 -347.444
0.0030791544 -347.444
0.0030793544 -345.445
0.0030795544 -345.445
0.0030797544 -346.245
0.0030799544 -349.443
0.0030801544 -349.044
0.0030803544 -347.844
0.0030805544 -349.443
0.0030807544 -347.045
0.0030809544 -347.844
0.0030811544 -348.244
0.0030813544 -347.045
0.0030815544 -347.444
0.0030817544 -346.645
0.0030819544 -347.045
0.0030821544 -347.045
0.0030823544 -349.443
0.0030825544 -347.844
0.0030827544 -348.244
0.0030829544 -347.844
0.0030831544 -347.045
0.0030833544 -347.844
0.0030835544 -345.845
0.0030837544 -348.244
0.0030839544 -347.444
0.0030841544 -348.644
0.0030843544 -347.045
0.0030845544 -347.444
0.0030847544 -349.044
0.0030849544 -349.443
0.0030851544 -347.045
0.0030853544 -343.446
0.0030855544 -350.243
0.0030857544 -347.444
0.0030859544 -350.643
0.0030861544 -349.443
0.0030863544 -349.044
0.0030865544 -349.044
0.0030867544 -348.644
0.0030869544 -350.243
0.0030871544 -345.845
0.0030873544 -348.244
0.0030875544 -349.443
0.0030877544 -347.844
0.0030879544 -347.444
0.0030881544 -347.844
0.0030883544 -347.045
0.0030885544 -347.844
0.0030887544 -348.244
0.0030889544 -352.242
0.0030891544 -348.644
0.0030893544 -345.845
0.0030895544 -349.443
0.0030897544 -349.443
0.0030899544 -350.643
0.0030901544 -352.642
0.0030903544 -350.643
0.0030905544 -351.443
0.0030907544 -350.243
0.0030909544 -350.243
0.0030911544 -349.443
0.0030913544 -351.043
0.0030915544 -350.643
0.0030917544 -352.242
0.0030919544 -349.044
0.0030921544 -349.843
0.0030923544 -347.045
0.0030925544 -349.044
0.0030927544 -353.042
0.0030929544 -349.843
0.0030931544 -352.242
0.0030933544 -350.643
0.0030935544 -350.243
0.0030937544 -351.043
0.0030939544 -350.243
0.0030941544 -350.243
0.0030943544 -350.243
0.0030945544 -351.443
0.0030947544 -351.043
0.0030949544 -349.443
0.0030951544 -349.843
0.0030953544 -347.844
0.0030955544 -350.643
0.0030957544 -351.443
0.0030959544 -351.842
0.0030961544 -348.244
0.0030963544 -350.243
0.0030965544 -352.242
0.0030967544 -350.243
0.0030969544 -350.243
0.0030971544 -351.043
0.0030973544 -349.443
0.0030975544 -349.843
0.0030977544 -348.644
0.0030979544 -350.243
0.0030981544 -349.044
0.0030983544 -351.443
0.0030985544 -349.843
0.0030987544 -351.842
0.0030989544 -350.243
0.0030991544 -349.443
0.0030993544 -353.841
0.0030995544 -352.642
0.0030997544 -352.242
0.0030999544 -351.043
0.0031001544 -348.644
0.0031003544 -352.242
0.0031005544 -351.443
0.0031007544 -350.243
0.0031009544 -351.443
0.0031011544 -353.042
0.0031013544 -351.842
0.0031015544 -349.843
0.0031017544 -351.043
0.0031019544 -349.843
0.0031021544 -350.643
0.0031023544 -349.843
0.0031025544 -349.843
0.0031027544 -350.243
0.0031029544 -352.642
0.0031031544 -351.043
0.0031033544 -354.241
0.0031035544 -351.043
0.0031037544 -349.443
0.0031039544 -349.443
0.0031041544 -350.243
0.0031043544 -351.043
0.0031045544 -350.243
0.0031047544 -351.043
0.0031049544 -349.843
0.0031051544 -347.844
0.0031053544 -349.843
0.0031055544 -352.242
0.0031057544 -350.243
0.0031059544 -350.643
0.0031061544 -348.244
0.0031063544 -349.843
0.0031065544 -353.042
0.0031067544 -353.442
0.0031069544 -351.842
0.0031071544 -352.242
0.0031073544 -351.443
0.0031075544 -351.443
0.0031077544 -350.243
0.0031079544 -349.843
0.0031081544 -349.443
0.0031083544 -352.242
0.0031085544 -350.243
0.0031087544 -351.842
0.0031089544 -350.643
0.0031091544 -350.643
0.0031093544 -350.243
0.0031095544 -353.442
0.0031097544 -350.643
0.0031099544 -352.242
0.0031101544 -350.243
0.0031103544 -350.643
0.0031105544 -352.242
0.0031107544 -352.642
0.0031109544 -350.643
0.0031111544 -351.842
0.0031113544 -354.241
0.0031115544 -353.042
0.0031117544 -352.242
0.0031119544 -349.443
0.0031121544 -351.842
0.0031123544 -353.841
0.0031125544 -351.043
0.0031127544 -353.841
0.0031129544 -352.242
0.0031131544 -351.842
0.0031133544 -353.042
0.0031135544 -350.643
0.0031137544 -351.443
0.0031139544 -351.842
0.0031141544 -352.242
0.0031143544 -352.642
0.0031145544 -351.842
0.0031147544 -353.841
0.0031149544 -351.043
0.0031151544 -350.643
0.0031153544 -353.841
0.0031155544 -353.042
0.0031157544 -355.841
0.0031159544 -353.442
0.0031161544 -354.241
0.0031163544 -352.242
0.0031165544 -352.642
0.0031167544 -353.841
0.0031169544 -353.841
0.0031171544 -355.841
0.0031173544 -355.441
0.0031175544 -354.641
0.0031177544 -354.241
0.0031179544 -355.041
0.0031181544 -354.241
0.0031183544 -352.242
0.0031185544 -353.042
0.0031187544 -352.642
0.0031189544 -351.842
0.0031191544 -352.242
0.0031193544 -352.642
0.0031195544 -353.442
0.0031197544 -352.642
0.0031199544 -353.042
0.0031201544 -352.642
0.0031203544 -353.042
0.0031205544 -356.24
0.0031207544 -355.441
0.0031209544 -353.841
0.0031211544 -353.442
0.0031213544 -353.841
0.0031215544 -356.24
0.0031217544 -353.841
0.0031219544 -354.241
0.0031221544 -353.841
0.0031223544 -354.641
0.0031225544 -356.24
0.0031227544 -353.841
0.0031229544 -353.042
0.0031231544 -356.64
0.0031233544 -354.241
0.0031235544 -354.241
0.0031237544 -353.042
0.0031239544 -356.64
0.0031241544 -353.042
0.0031243544 -354.241
0.0031245544 -354.641
0.0031247544 -354.241
0.0031249544 -355.841
0.0031251544 -354.641
0.0031253544 -357.04
0.0031255544 -354.641
0.0031257544 -353.442
0.0031259544 -356.64
0.0031261544 -356.64
0.0031263544 -355.441
0.0031265544 -355.841
0.0031267544 -354.641
0.0031269544 -357.44
0.0031271544 -354.641
0.0031273544 -356.64
0.0031275544 -358.639
0.0031277544 -356.64
0.0031279544 -357.04
0.0031281544 -357.84
0.0031283544 -356.64
0.0031285544 -358.24
0.0031287544 -357.04
0.0031289544 -356.64
0.0031291544 -355.041
0.0031293544 -355.841
0.0031295544 -357.44
0.0031297544 -353.841
0.0031299544 -355.841
0.0031301544 -357.84
0.0031303544 -357.44
0.0031305544 -358.24
0.0031307544 -355.841
0.0031309544 -356.64
0.0031311544 -353.042
0.0031313544 -357.84
0.0031315544 -356.64
0.0031317544 -355.441
0.0031319544 -356.24
0.0031321544 -356.64
0.0031323544 -355.041
0.0031325544 -357.44
0.0031327544 -354.241
0.0031329544 -356.24
0.0031331544 -356.64
0.0031333544 -358.639
0.0031335544 -355.041
0.0031337544 -356.24
0.0031339544 -358.639
0.0031341544 -354.641
0.0031343544 -355.041
0.0031345544 -357.04
0.0031347544 -357.44
0.0031349544 -357.04
0.0031351544 -357.04
0.0031353544 -357.04
0.0031355544 -355.841
0.0031357544 -356.24
0.0031359544 -356.24
0.0031361544 -355.841
0.0031363544 -357.84
0.0031365544 -358.639
0.0031367544 -359.039
0.0031369544 -355.441
0.0031371544 -356.64
0.0031373544 -359.039
0.0031375544 -356.64
0.0031377544 -357.44
0.0031379544 -355.841
0.0031381544 -359.439
0.0031383544 -355.441
0.0031385544 -357.04
0.0031387544 -355.041
0.0031389544 -357.04
0.0031391544 -357.04
0.0031393544 -360.638
0.0031395544 -357.04
0.0031397544 -356.24
0.0031399544 -358.639
0.0031401544 -357.84
0.0031403544 -357.44
0.0031405544 -356.24
0.0031407544 -357.84
0.0031409544 -358.24
0.0031411544 -356.24
0.0031413544 -355.841
0.0031415544 -357.04
0.0031417544 -355.441
0.0031419544 -355.841
0.0031421544 -354.241
0.0031423544 -357.84
0.0031425544 -357.44
0.0031427544 -356.64
0.0031429544 -359.039
0.0031431544 -357.84
0.0031433544 -358.639
0.0031435544 -357.04
0.0031437544 -357.84
0.0031439544 -357.84
0.0031441544 -361.838
0.0031443544 -357.04
0.0031445544 -359.039
0.0031447544 -357.04
0.0031449544 -359.839
0.0031451544 -359.439
0.0031453544 -358.639
0.0031455544 -359.039
0.0031457544 -355.441
0.0031459544 -359.439
0.0031461544 -357.44
0.0031463544 -359.839
0.0031465544 -358.639
0.0031467544 -358.24
0.0031469544 -357.04
0.0031471544 -357.04
0.0031473544 -356.24
0.0031475544 -362.238
0.0031477544 -359.039
0.0031479544 -355.841
0.0031481544 -357.44
0.0031483544 -360.239
0.0031485544 -358.639
0.0031487544 -355.841
0.0031489544 -357.04
0.0031491544 -359.439
0.0031493544 -357.84
0.0031495544 -356.24
0.0031497544 -358.24
0.0031499544 -359.039
0.0031501544 -358.24
0.0031503544 -358.639
0.0031505544 -357.04
0.0031507544 -357.44
0.0031509544 -359.839
0.0031511544 -357.44
0.0031513544 -358.639
0.0031515544 -358.639
0.0031517544 -356.64
0.0031519544 -359.839
0.0031521544 -357.84
0.0031523544 -358.24
0.0031525544 -356.64
0.0031527544 -357.84
0.0031529544 -359.039
0.0031531544 -357.84
0.0031533544 -357.84
0.0031535544 -358.24
0.0031537544 -355.441
0.0031539544 -359.439
0.0031541544 -359.039
0.0031543544 -358.639
0.0031545544 -357.84
0.0031547544 -359.439
0.0031549544 -358.24
0.0031551544 -357.84
0.0031553544 -355.441
0.0031555544 -357.04
0.0031557544 -357.04
0.0031559544 -359.439
0.0031561544 -358.639
0.0031563544 -357.44
0.0031565544 -359.839
0.0031567544 -358.24
0.0031569544 -360.239
0.0031571544 -358.639
0.0031573544 -359.039
0.0031575544 -358.24
0.0031577544 -360.239
0.0031579544 -362.638
0.0031581544 -357.04
0.0031583544 -359.839
0.0031585544 -357.84
0.0031587544 -357.84
0.0031589544 -359.839
0.0031591544 -359.839
0.0031593544 -358.24
0.0031595544 -358.639
0.0031597544 -361.038
0.0031599544 -358.24
0.0031601544 -358.24
0.0031603544 -358.24
0.0031605544 -359.839
0.0031607544 -357.84
0.0031609544 -360.239
0.0031611544 -359.439
0.0031613544 -359.839
0.0031615544 -360.239
0.0031617544 -361.838
0.0031619544 -359.439
0.0031621544 -361.838
0.0031623544 -359.839
0.0031625544 -359.039
0.0031627544 -359.039
0.0031629544 -358.639
0.0031631544 -357.04
0.0031633544 -358.24
0.0031635544 -358.639
0.0031637544 -360.239
0.0031639544 -359.839
0.0031641544 -360.638
0.0031643544 -360.638
0.0031645544 -361.838
0.0031647544 -363.037
0.0031649544 -361.038
0.0031651544 -359.839
0.0031653544 -361.838
0.0031655544 -361.838
0.0031657544 -362.238
0.0031659544 -361.838
0.0031661544 -363.437
0.0031663544 -359.039
0.0031665544 -359.439
0.0031667544 -365.436
0.0031669544 -364.237
0.0031671544 -362.638
0.0031673544 -360.638
0.0031675544 -362.238
0.0031677544 -362.238
0.0031679544 -362.638
0.0031681544 -365.036
0.0031683544 -360.638
0.0031685544 -360.638
0.0031687544 -362.638
0.0031689544 -363.037
0.0031691544 -363.837
0.0031693544 -363.437
0.0031695544 -363.037
0.0031697544 -359.839
0.0031699544 -363.037
0.0031701544 -363.837
0.0031703544 -363.037
0.0031705544 -359.839
0.0031707544 -361.438
0.0031709544 -362.638
0.0031711544 -362.238
0.0031713544 -359.039
0.0031715544 -364.237
0.0031717544 -361.838
0.0031719544 -364.237
0.0031721544 -359.839
0.0031723544 -364.237
0.0031725544 -363.837
0.0031727544 -359.439
0.0031729544 -365.036
0.0031731544 -363.837
0.0031733544 -359.039
0.0031735544 -365.436
0.0031737544 -361.838
0.0031739544 -361.438
0.0031741544 -362.638
0.0031743544 -365.036
0.0031745544 -364.637
0.0031747544 -363.837
0.0031749544 -359.439
0.0031751544 -364.637
0.0031753544 -363.437
0.0031755544 -362.238
0.0031757544 -362.638
0.0031759544 -363.837
0.0031761544 -361.838
0.0031763544 -364.237
0.0031765544 -364.637
0.0031767544 -362.238
0.0031769544 -362.638
0.0031771544 -361.838
0.0031773544 -363.437
0.0031775544 -361.838
0.0031777544 -362.238
0.0031779544 -363.837
0.0031781544 -362.638
0.0031783544 -365.436
0.0031785544 -365.036
0.0031787544 -363.837
0.0031789544 -364.637
0.0031791544 -360.638
0.0031793544 -362.238
0.0031795544 -362.638
0.0031797544 -365.836
0.0031799544 -364.637
0.0031801544 -367.435
0.0031803544 -362.238
0.0031805544 -363.037
0.0031807544 -364.237
0.0031809544 -364.637
0.0031811544 -362.238
0.0031813544 -363.837
0.0031815544 -363.437
0.0031817544 -365.836
0.0031819544 -363.437
0.0031821544 -365.036
0.0031823544 -365.436
0.0031825544 -363.437
0.0031827544 -364.237
0.0031829544 -365.436
0.0031831544 -363.837
0.0031833544 -367.835
0.0031835544 -363.437
0.0031837544 -365.036
0.0031839544 -367.036
0.0031841544 -364.237
0.0031843544 -362.238
0.0031845544 -364.637
0.0031847544 -363.837
0.0031849544 -366.636
0.0031851544 -368.635
0.0031853544 -365.036
0.0031855544 -363.837
0.0031857544 -363.837
0.0031859544 -363.437
0.0031861544 -365.036
0.0031863544 -367.835
0.0031865544 -363.837
0.0031867544 -363.837
0.0031869544 -364.637
0.0031871544 -366.236
0.0031873544 -366.236
0.0031875544 -366.636
0.0031877544 -365.436
0.0031879544 -367.835
0.0031881544 -365.036
0.0031883544 -364.637
0.0031885544 -365.036
0.0031887544 -366.636
0.0031889544 -368.635
0.0031891544 -369.035
0.0031893544 -365.436
0.0031895544 -367.435
0.0031897544 -367.435
0.0031899544 -369.035
0.0031901544 -369.035
0.0031903544 -366.236
0.0031905544 -369.434
0.0031907544 -365.836
0.0031909544 -365.036
0.0031911544 -366.236
0.0031913544 -366.636
0.0031915544 -369.035
0.0031917544 -367.435
0.0031919544 -366.636
0.0031921544 -368.635
0.0031923544 -367.835
0.0031925544 -366.636
0.0031927544 -366.636
0.0031929544 -366.636
0.0031931544 -367.036
0.0031933544 -366.236
0.0031935544 -366.636
0.0031937544 -368.235
0.0031939544 -367.036
0.0031941544 -370.234
0.0031943544 -365.836
0.0031945544 -368.635
0.0031947544 -369.434
0.0031949544 -369.434
0.0031951544 -367.835
0.0031953544 -366.236
0.0031955544 -369.035
0.0031957544 -367.835
0.0031959544 -370.634
0.0031961544 -368.635
0.0031963544 -371.034
0.0031965544 -367.835
0.0031967544 -367.835
0.0031969544 -367.835
0.0031971544 -369.434
0.0031973544 -367.835
0.0031975544 -367.036
0.0031977544 -368.635
0.0031979544 -366.636
0.0031981544 -371.434
0.0031983544 -366.236
0.0031985544 -368.635
0.0031987544 -365.436
0.0031989544 -367.435
0.0031991544 -368.635
0.0031993544 -367.036
0.0031995544 -367.435
0.0031997544 -369.834
0.0031999544 -367.435
0.0032001544 -367.036
0.0032003544 -369.035
0.0032005544 -369.035
0.0032007544 -367.036
0.0032009544 -367.036
0.0032011544 -369.434
0.0032013544 -369.035
0.0032015544 -369.035
0.0032017544 -368.635
0.0032019544 -367.036
0.0032021544 -371.034
0.0032023544 -366.236
0.0032025544 -367.435
0.0032027544 -369.035
0.0032029544 -365.436
0.0032031544 -368.235
0.0032033544 -369.035
0.0032035544 -367.835
0.0032037544 -369.434
0.0032039544 -367.835
0.0032041544 -367.036
0.0032043544 -368.635
0.0032045544 -366.636
0.0032047544 -371.034
0.0032049544 -369.834
0.0032051544 -368.235
0.0032053544 -369.834
0.0032055544 -367.835
0.0032057544 -369.834
0.0032059544 -366.236
0.0032061544 -369.434
0.0032063544 -367.036
0.0032065544 -368.235
0.0032067544 -367.036
0.0032069544 -371.833
0.0032071544 -367.036
0.0032073544 -367.435
0.0032075544 -371.034
0.0032077544 -369.834
0.0032079544 -367.435
0.0032081544 -369.035
0.0032083544 -367.435
0.0032085544 -369.434
0.0032087544 -369.035
0.0032089544 -366.636
0.0032091544 -369.035
0.0032093544 -368.635
0.0032095544 -367.835
0.0032097544 -367.036
0.0032099544 -369.434
0.0032101544 -364.637
0.0032103544 -369.834
0.0032105544 -363.837
0.0032107544 -366.636
0.0032109544 -368.635
0.0032111544 -366.636
0.0032113544 -368.235
0.0032115544 -367.036
0.0032117544 -367.036
0.0032119544 -369.834
0.0032121544 -369.834
0.0032123544 -369.035
0.0032125544 -367.036
0.0032127544 -368.235
0.0032129544 -366.636
0.0032131544 -368.635
0.0032133544 -368.235
0.0032135544 -367.435
0.0032137544 -369.434
0.0032139544 -370.634
0.0032141544 -368.635
0.0032143544 -367.036
0.0032145544 -368.635
0.0032147544 -368.235
0.0032149544 -367.036
0.0032151544 -369.834
0.0032153544 -367.835
0.0032155544 -369.834
0.0032157544 -367.435
0.0032159544 -367.435
0.0032161544 -367.036
0.0032163544 -370.234
0.0032165544 -366.236
0.0032167544 -369.834
0.0032169544 -368.235
0.0032171544 -371.034
0.0032173544 -366.636
0.0032175544 -370.234
0.0032177544 -369.434
0.0032179544 -369.434
0.0032181544 -370.634
0.0032183544 -367.435
0.0032185544 -372.233
0.0032187544 -368.235
0.0032189544 -370.234
0.0032191544 -368.635
0.0032193544 -369.434
0.0032195544 -371.034
0.0032197544 -369.434
0.0032199544 -373.833
0.0032201544 -368.235
0.0032203544 -367.036
0.0032205544 -370.234
0.0032207544 -369.834
0.0032209544 -369.035
0.0032211544 -369.834
0.0032213544 -370.634
0.0032215544 -369.035
0.0032217544 -366.636
0.0032219544 -368.235
0.0032221544 -371.034
0.0032223544 -371.833
0.0032225544 -371.034
0.0032227544 -370.634
0.0032229544 -371.034
0.0032231544 -371.833
0.0032233544 -371.034
0.0032235544 -369.434
0.0032237544 -372.233
0.0032239544 -370.234
0.0032241544 -371.034
0.0032243544 -372.633
0.0032245544 -373.033
0.0032247544 -373.033
0.0032249544 -371.434
0.0032251544 -370.634
0.0032253544 -371.434
0.0032255544 -371.434
0.0032257544 -371.034
0.0032259544 -371.833
0.0032261544 -370.634
0.0032263544 -373.433
0.0032265544 -370.634
0.0032267544 -371.434
0.0032269544 -371.034
0.0032271544 -373.433
0.0032273544 -372.233
0.0032275544 -372.233
0.0032277544 -372.633
0.0032279544 -371.833
0.0032281544 -372.233
0.0032283544 -372.633
0.0032285544 -371.034
0.0032287544 -371.833
0.0032289544 -370.634
0.0032291544 -371.434
0.0032293544 -371.034
0.0032295544 -372.233
0.0032297544 -371.833
0.0032299544 -371.833
0.0032301544 -371.434
0.0032303544 -370.234
0.0032305544 -372.633
0.0032307544 -371.034
0.0032309544 -373.433
0.0032311544 -374.632
0.0032313544 -371.833
0.0032315544 -371.833
0.0032317544 -371.833
0.0032319544 -372.633
0.0032321544 -371.434
0.0032323544 -371.034
0.0032325544 -371.833
0.0032327544 -371.034
0.0032329544 -373.033
0.0032331544 -373.033
0.0032333544 -371.434
0.0032335544 -373.033
0.0032337544 -371.034
0.0032339544 -373.433
0.0032341544 -373.033
0.0032343544 -372.233
0.0032345544 -372.233
0.0032347544 -371.833
0.0032349544 -371.434
0.0032351544 -372.233
0.0032353544 -373.833
0.0032355544 -374.232
0.0032357544 -372.233
0.0032359544 -373.033
0.0032361544 -373.833
0.0032363544 -373.833
0.0032365544 -374.632
0.0032367544 -375.432
0.0032369544 -375.832
0.0032371544 -376.231
0.0032373544 -375.832
0.0032375544 -375.032
0.0032377544 -372.233
0.0032379544 -374.632
0.0032381544 -374.232
0.0032383544 -374.632
0.0032385544 -373.033
0.0032387544 -373.033
0.0032389544 -374.232
0.0032391544 -374.232
0.0032393544 -372.633
0.0032395544 -372.233
0.0032397544 -375.832
0.0032399544 -373.433
0.0032401544 -376.231
0.0032403544 -374.232
0.0032405544 -373.433
0.0032407544 -373.833
0.0032409544 -373.433
0.0032411544 -374.632
0.0032413544 -373.033
0.0032415544 -375.432
0.0032417544 -375.832
0.0032419544 -375.832
0.0032421544 -376.631
0.0032423544 -374.632
0.0032425544 -376.231
0.0032427544 -377.831
0.0032429544 -374.632
0.0032431544 -371.034
0.0032433544 -375.032
0.0032435544 -377.431
0.0032437544 -375.432
0.0032439544 -375.832
0.0032441544 -375.432
0.0032443544 -376.631
0.0032445544 -375.832
0.0032447544 -373.833
0.0032449544 -374.232
0.0032451544 -374.632
0.0032453544 -376.231
0.0032455544 -375.032
0.0032457544 -378.231
0.0032459544 -373.833
0.0032461544 -375.432
0.0032463544 -375.832
0.0032465544 -374.632
0.0032467544 -376.231
0.0032469544 -374.632
0.0032471544 -375.432
0.0032473544 -375.832
0.0032475544 -376.231
0.0032477544 -376.231
0.0032479544 -373.433
0.0032481544 -373.033
0.0032483544 -375.832
0.0032485544 -375.432
0.0032487544 -375.032
0.0032489544 -376.631
0.0032491544 -377.031
0.0032493544 -373.433
0.0032495544 -374.632
0.0032497544 -373.833
0.0032499544 -377.031
0.0032501544 -376.631
0.0032503544 -376.631
0.0032505544 -376.631
0.0032507544 -375.432
0.0032509544 -377.431
0.0032511544 -374.632
0.0032513544 -371.833
0.0032515544 -378.63
0.0032517544 -374.632
0.0032519544 -375.432
0.0032521544 -377.431
0.0032523544 -375.832
0.0032525544 -376.631
0.0032527544 -375.032
0.0032529544 -375.432
0.0032531544 -375.832
0.0032533544 -373.033
0.0032535544 -377.831
0.0032537544 -375.832
0.0032539544 -373.833
0.0032541544 -374.232
0.0032543544 -377.031
0.0032545544 -376.231
0.0032547544 -373.833
0.0032549544 -374.232
0.0032551544 -374.632
0.0032553544 -374.232
0.0032555544 -375.832
0.0032557544 -375.032
0.0032559544 -374.632
0.0032561544 -374.632
0.0032563544 -376.231
0.0032565544 -375.032
0.0032567544 -375.832
0.0032569544 -372.633
0.0032571544 -375.032
0.0032573544 -373.833
0.0032575544 -373.433
0.0032577544 -377.031
0.0032579544 -373.433
0.0032581544 -375.432
0.0032583544 -373.833
0.0032585544 -377.431
0.0032587544 -375.432
0.0032589544 -373.433
0.0032591544 -374.232
0.0032593544 -375.032
0.0032595544 -374.232
0.0032597544 -373.433
0.0032599544 -375.832
0.0032601544 -373.833
0.0032603544 -373.433
0.0032605544 -375.032
0.0032607544 -373.833
0.0032609544 -372.633
0.0032611544 -373.833
0.0032613544 -371.434
0.0032615544 -374.232
0.0032617544 -377.831
0.0032619544 -375.832
0.0032621544 -373.833
0.0032623544 -375.032
0.0032625544 -374.632
0.0032627544 -375.032
0.0032629544 -373.433
0.0032631544 -376.631
0.0032633544 -373.833
0.0032635544 -371.833
0.0032637544 -373.833
0.0032639544 -371.833
0.0032641544 -373.833
0.0032643544 -375.832
0.0032645544 -375.832
0.0032647544 -374.232
0.0032649544 -376.231
0.0032651544 -373.833
0.0032653544 -375.032
0.0032655544 -375.032
0.0032657544 -372.233
0.0032659544 -374.232
0.0032661544 -373.833
0.0032663544 -378.63
0.0032665544 -376.231
0.0032667544 -373.433
0.0032669544 -373.433
0.0032671544 -376.231
0.0032673544 -375.832
0.0032675544 -376.231
0.0032677544 -372.233
0.0032679544 -373.433
0.0032681544 -375.832
0.0032683544 -375.432
0.0032685544 -373.433
0.0032687544 -373.833
0.0032689544 -372.233
0.0032691544 -375.432
0.0032693544 -375.832
0.0032695544 -372.233
0.0032697544 -373.433
0.0032699544 -371.434
0.0032701544 -373.833
0.0032703544 -374.632
0.0032705544 -374.632
0.0032707544 -375.032
0.0032709544 -373.033
0.0032711544 -376.631
0.0032713544 -375.832
0.0032715544 -376.631
0.0032717544 -375.832
0.0032719544 -375.832
0.0032721544 -379.03
0.0032723544 -377.031
0.0032725544 -375.832
0.0032727544 -375.032
0.0032729544 -375.432
0.0032731544 -377.431
0.0032733544 -376.231
0.0032735544 -375.432
0.0032737544 -377.031
0.0032739544 -375.432
0.0032741544 -377.031
0.0032743544 -376.231
0.0032745544 -374.632
0.0032747544 -377.031
0.0032749544 -373.433
0.0032751544 -377.031
0.0032753544 -376.231
0.0032755544 -374.632
0.0032757544 -374.632
0.0032759544 -374.232
0.0032761544 -378.231
0.0032763544 -378.231
0.0032765544 -380.629
0.0032767544 -376.631
0.0032769544 -375.432
0.0032771544 -376.631
0.0032773544 -376.231
0.0032775544 -374.232
0.0032777544 -376.631
0.0032779544 -377.831
0.0032781544 -377.431
0.0032783544 -373.833
0.0032785544 -379.43
0.0032787544 -376.231
0.0032789544 -375.032
0.0032791544 -377.831
0.0032793544 -376.231
0.0032795544 -374.232
0.0032797544 -379.43
0.0032799544 -375.032
0.0032801544 -376.231
0.0032803544 -376.231
0.0032805544 -378.231
0.0032807544 -376.631
0.0032809544 -376.631
0.0032811544 -378.231
0.0032813544 -374.632
0.0032815544 -375.432
0.0032817544 -375.032
0.0032819544 -376.231
0.0032821544 -378.231
0.0032823544 -375.432
0.0032825544 -377.431
0.0032827544 -380.629
0.0032829544 -377.431
0.0032831544 -376.631
0.0032833544 -375.832
0.0032835544 -378.231
0.0032837544 -378.231
0.0032839544 -377.031
0.0032841544 -379.43
0.0032843544 -379.43
0.0032845544 -377.831
0.0032847544 -377.031
0.0032849544 -375.432
0.0032851544 -380.629
0.0032853544 -375.832
0.0032855544 -376.631
0.0032857544 -376.631
0.0032859544 -375.832
0.0032861544 -378.231
0.0032863544 -375.432
0.0032865544 -374.632
0.0032867544 -378.63
0.0032869544 -377.831
0.0032871544 -375.032
0.0032873544 -376.631
0.0032875544 -376.231
0.0032877544 -376.631
0.0032879544 -377.431
0.0032881544 -378.231
0.0032883544 -377.431
0.0032885544 -378.63
0.0032887544 -379.03
0.0032889544 -375.032
0.0032891544 -376.631
0.0032893544 -379.43
0.0032895544 -376.631
0.0032897544 -377.431
0.0032899544 -377.831
0.0032901544 -377.431
0.0032903544 -379.43
0.0032905544 -379.03
0.0032907544 -379.03
0.0032909544 -379.03
0.0032911544 -378.63
0.0032913544 -377.831
0.0032915544 -378.63
0.0032917544 -377.031
0.0032919544 -380.629
0.0032921544 -379.83
0.0032923544 -379.43
0.0032925544 -379.43
0.0032927544 -378.63
0.0032929544 -382.629
0.0032931544 -378.63
0.0032933544 -378.63
0.0032935544 -379.43
0.0032937544 -378.63
0.0032939544 -379.83
0.0032941544 -378.231
0.0032943544 -380.629
0.0032945544 -380.629
0.0032947544 -377.831
0.0032949544 -380.23
0.0032951544 -380.629
0.0032953544 -377.831
0.0032955544 -378.63
0.0032957544 -376.631
0.0032959544 -378.231
0.0032961544 -381.029
0.0032963544 -379.03
0.0032965544 -377.431
0.0032967544 -379.03
0.0032969544 -381.829
0.0032971544 -380.629
0.0032973544 -379.43
0.0032975544 -380.23
0.0032977544 -379.03
0.0032979544 -381.029
0.0032981544 -378.63
0.0032983544 -378.231
0.0032985544 -379.43
0.0032987544 -381.029
0.0032989544 -379.03
0.0032991544 -378.231
0.0032993544 -382.229
0.0032995544 -381.029
0.0032997544 -381.429
0.0032999544 -380.629
0.0033001544 -381.029
0.0033003544 -379.03
0.0033005544 -381.029
0.0033007544 -381.029
0.0033009544 -379.83
0.0033011544 -380.629
0.0033013544 -383.428
0.0033015544 -379.83
0.0033017544 -378.63
0.0033019544 -379.83
0.0033021544 -379.83
0.0033023544 -379.43
0.0033025544 -381.429
0.0033027544 -379.43
0.0033029544 -381.829
0.0033031544 -381.429
0.0033033544 -382.229
0.0033035544 -378.63
0.0033037544 -380.629
0.0033039544 -382.629
0.0033041544 -381.829
0.0033043544 -384.628
0.0033045544 -382.629
0.0033047544 -382.629
0.0033049544 -379.43
0.0033051544 -381.829
0.0033053544 -383.028
0.0033055544 -380.629
0.0033057544 -383.028
0.0033059544 -382.229
0.0033061544 -381.029
0.0033063544 -377.831
0.0033065544 -381.029
0.0033067544 -380.23
0.0033069544 -381.429
0.0033071544 -380.23
0.0033073544 -384.228
0.0033075544 -381.029
0.0033077544 -378.63
0.0033079544 -382.629
0.0033081544 -377.831
0.0033083544 -382.229
0.0033085544 -381.429
0.0033087544 -383.028
0.0033089544 -381.429
0.0033091544 -382.629
0.0033093544 -381.429
0.0033095544 -381.829
0.0033097544 -381.429
0.0033099544 -381.829
0.0033101544 -383.028
0.0033103544 -381.829
0.0033105544 -380.23
0.0033107544 -382.629
0.0033109544 -380.629
0.0033111544 -383.828
0.0033113544 -381.029
0.0033115544 -382.229
0.0033117544 -385.028
0.0033119544 -380.629
0.0033121544 -381.429
0.0033123544 -383.828
0.0033125544 -381.829
0.0033127544 -382.229
0.0033129544 -380.23
0.0033131544 -381.029
0.0033133544 -381.029
0.0033135544 -381.029
0.0033137544 -382.229
0.0033139544 -381.429
0.0033141544 -381.029
0.0033143544 -383.428
0.0033145544 -384.228
0.0033147544 -381.429
0.0033149544 -381.429
0.0033151544 -381.829
0.0033153544 -382.229
0.0033155544 -381.829
0.0033157544 -382.629
0.0033159544 -385.028
0.0033161544 -381.429
0.0033163544 -384.228
0.0033165544 -384.228
0.0033167544 -381.029
0.0033169544 -381.829
0.0033171544 -386.227
0.0033173544 -385.827
0.0033175544 -383.828
0.0033177544 -385.427
0.0033179544 -384.228
0.0033181544 -385.028
0.0033183544 -381.429
0.0033185544 -383.428
0.0033187544 -382.229
0.0033189544 -386.227
0.0033191544 -385.028
0.0033193544 -381.029
0.0033195544 -385.028
0.0033197544 -384.628
0.0033199544 -385.427
0.0033201544 -385.827
0.0033203544 -386.627
0.0033205544 -386.227
0.0033207544 -385.427
0.0033209544 -384.628
0.0033211544 -384.228
0.0033213544 -381.829
0.0033215544 -385.028
0.0033217544 -384.228
0.0033219544 -384.628
0.0033221544 -384.228
0.0033223544 -385.028
0.0033225544 -383.828
0.0033227544 -384.228
0.0033229544 -386.627
0.0033231544 -383.428
0.0033233544 -384.628
0.0033235544 -384.228
0.0033237544 -382.229
0.0033239544 -383.428
0.0033241544 -384.628
0.0033243544 -386.227
0.0033245544 -388.226
0.0033247544 -383.028
0.0033249544 -382.229
0.0033251544 -388.226
0.0033253544 -385.427
0.0033255544 -385.827
0.0033257544 -387.826
0.0033259544 -387.826
0.0033261544 -383.428
0.0033263544 -385.827
0.0033265544 -386.627
0.0033267544 -384.228
0.0033269544 -385.028
0.0033271544 -385.427
0.0033273544 -383.428
0.0033275544 -385.827
0.0033277544 -385.827
0.0033279544 -383.028
0.0033281544 -383.428
0.0033283544 -387.826
0.0033285544 -388.626
0.0033287544 -386.227
0.0033289544 -385.827
0.0033291544 -386.627
0.0033293544 -387.426
0.0033295544 -387.426
0.0033297544 -385.427
0.0033299544 -386.627
0.0033301544 -389.026
0.0033303544 -383.428
0.0033305544 -386.627
0.0033307544 -385.827
0.0033309544 -387.027
0.0033311544 -386.627
0.0033313544 -388.626
0.0033315544 -388.626
0.0033317544 -387.426
0.0033319544 -385.827
0.0033321544 -385.827
0.0033323544 -386.227
0.0033325544 -387.027
0.0033327544 -385.827
0.0033329544 -385.028
0.0033331544 -386.627
0.0033333544 -388.626
0.0033335544 -386.227
0.0033337544 -388.226
0.0033339544 -386.627
0.0033341544 -388.226
0.0033343544 -389.825
0.0033345544 -385.028
0.0033347544 -388.226
0.0033349544 -386.627
0.0033351544 -385.427
0.0033353544 -387.027
0.0033355544 -386.627
0.0033357544 -383.428
0.0033359544 -386.227
0.0033361544 -386.227
0.0033363544 -388.626
0.0033365544 -386.627
0.0033367544 -385.827
0.0033369544 -387.826
0.0033371544 -387.027
0.0033373544 -387.826
0.0033375544 -386.227
0.0033377544 -386.227
0.0033379544 -386.627
0.0033381544 -389.825
0.0033383544 -386.227
0.0033385544 -387.027
0.0033387544 -387.426
0.0033389544 -387.426
0.0033391544 -387.027
0.0033393544 -387.826
0.0033395544 -388.626
0.0033397544 -387.426
0.0033399544 -387.826
0.0033401544 -388.226
0.0033403544 -385.427
0.0033405544 -384.628
0.0033407544 -387.826
0.0033409544 -385.827
0.0033411544 -387.426
0.0033413544 -387.027
0.0033415544 -386.227
0.0033417544 -387.826
0.0033419544 -385.827
0.0033421544 -385.827
0.0033423544 -387.426
0.0033425544 -385.427
0.0033427544 -386.627
0.0033429544 -386.227
0.0033431544 -388.626
0.0033433544 -387.426
0.0033435544 -386.227
0.0033437544 -387.426
0.0033439544 -385.827
0.0033441544 -388.626
0.0033443544 -385.028
0.0033445544 -387.426
0.0033447544 -387.027
0.0033449544 -387.027
0.0033451544 -388.226
0.0033453544 -387.426
0.0033455544 -387.426
0.0033457544 -386.627
0.0033459544 -385.427
0.0033461544 -388.226
0.0033463544 -386.627
0.0033465544 -387.426
0.0033467544 -385.827
0.0033469544 -384.628
0.0033471544 -385.827
0.0033473544 -387.027
0.0033475544 -385.427
0.0033477544 -385.827
0.0033479544 -384.628
0.0033481544 -386.227
0.0033483544 -385.028
0.0033485544 -386.627
0.0033487544 -386.227
0.0033489544 -387.426
0.0033491544 -388.226
0.0033493544 -389.026
0.0033495544 -387.426
0.0033497544 -387.027
0.0033499544 -387.426
0.0033501544 -387.826
0.0033503544 -388.626
0.0033505544 -387.027
0.0033507544 -387.027
0.0033509544 -386.627
0.0033511544 -385.827
0.0033513544 -386.227
0.0033515544 -385.827
0.0033517544 -387.826
0.0033519544 -385.427
0.0033521544 -386.227
0.0033523544 -386.627
0.0033525544 -387.826
0.0033527544 -387.027
0.0033529544 -386.227
0.0033531544 -387.826
0.0033533544 -387.826
0.0033535544 -389.026
0.0033537544 -387.426
0.0033539544 -388.226
0.0033541544 -385.028
0.0033543544 -388.226
0.0033545544 -387.826
0.0033547544 -389.825
0.0033549544 -389.825
0.0033551544 -387.826
0.0033553544 -388.626
0.0033555544 -387.027
0.0033557544 -386.227
0.0033559544 -387.426
0.0033561544 -391.025
0.0033563544 -387.826
0.0033565544 -385.827
0.0033567544 -389.426
0.0033569544 -387.826
0.0033571544 -390.225
0.0033573544 -386.627
0.0033575544 -389.026
0.0033577544 -388.226
0.0033579544 -388.626
0.0033581544 -388.226
0.0033583544 -388.226
0.0033585544 -389.426
0.0033587544 -387.826
0.0033589544 -387.027
0.0033591544 -389.426
0.0033593544 -387.426
0.0033595544 -389.026
0.0033597544 -389.026
0.0033599544 -390.625
0.0033601544 -388.226
0.0033603544 -389.825
0.0033605544 -388.626
0.0033607544 -389.426
0.0033609544 -387.426
0.0033611544 -389.825
0.0033613544 -389.426
0.0033615544 -389.825
0.0033617544 -390.225
0.0033619544 -389.426
0.0033621544 -391.025
0.0033623544 -388.226
0.0033625544 -389.426
0.0033627544 -388.226
0.0033629544 -388.626
0.0033631544 -386.627
0.0033633544 -388.626
0.0033635544 -392.224
0.0033637544 -389.825
0.0033639544 -389.825
0.0033641544 -389.026
0.0033643544 -389.426
0.0033645544 -389.026
0.0033647544 -389.026
0.0033649544 -388.626
0.0033651544 -389.026
0.0033653544 -387.426
0.0033655544 -390.625
0.0033657544 -387.826
0.0033659544 -391.025
0.0033661544 -390.625
0.0033663544 -391.025
0.0033665544 -388.626
0.0033667544 -387.426
0.0033669544 -387.826
0.0033671544 -390.625
0.0033673544 -389.026
0.0033675544 -387.027
0.0033677544 -390.225
0.0033679544 -389.026
0.0033681544 -389.825
0.0033683544 -390.225
0.0033685544 -389.426
0.0033687544 -388.626
0.0033689544 -390.625
0.0033691544 -391.025
0.0033693544 -390.625
0.0033695544 -391.025
0.0033697544 -387.027
0.0033699544 -391.025
0.0033701544 -391.025
0.0033703544 -391.025
0.0033705544 -391.425
0.0033707544 -391.425
0.0033709544 -390.225
0.0033711544 -389.426
0.0033713544 -391.425
0.0033715544 -391.425
0.0033717544 -390.625
0.0033719544 -391.025
0.0033721544 -392.224
0.0033723544 -393.024
0.0033725544 -391.025
0.0033727544 -390.225
0.0033729544 -389.026
0.0033731544 -390.225
0.0033733544 -390.225
0.0033735544 -389.825
0.0033737544 -388.626
0.0033739544 -391.025
0.0033741544 -388.626
0.0033743544 -391.425
0.0033745544 -389.026
0.0033747544 -391.425
0.0033749544 -390.625
0.0033751544 -390.225
0.0033753544 -391.025
0.0033755544 -389.825
0.0033757544 -391.025
0.0033759544 -390.625
0.0033761544 -391.425
0.0033763544 -392.224
0.0033765544 -391.824
0.0033767544 -391.025
0.0033769544 -390.625
0.0033771544 -390.625
0.0033773544 -390.225
0.0033775544 -393.424
0.0033777544 -391.425
0.0033779544 -389.426
0.0033781544 -391.425
0.0033783544 -390.625
0.0033785544 -388.626
0.0033787544 -392.224
0.0033789544 -392.624
0.0033791544 -392.224
0.0033793544 -391.425
0.0033795544 -390.225
0.0033797544 -391.025
0.0033799544 -393.424
0.0033801544 -392.224
0.0033803544 -393.024
0.0033805544 -390.625
0.0033807544 -391.425
0.0033809544 -390.225
0.0033811544 -393.424
0.0033813544 -393.424
0.0033815544 -391.025
0.0033817544 -393.824
0.0033819544 -393.024
0.0033821544 -393.024
0.0033823544 -391.824
0.0033825544 -391.824
0.0033827544 -391.824
0.0033829544 -393.424
0.0033831544 -393.024
0.0033833544 -391.025
0.0033835544 -392.624
0.0033837544 -391.824
0.0033839544 -390.625
0.0033841544 -391.425
0.0033843544 -391.425
0.0033845544 -394.223
0.0033847544 -392.224
0.0033849544 -395.023
0.0033851544 -391.025
0.0033853544 -390.625
0.0033855544 -391.425
0.0033857544 -392.224
0.0033859544 -394.623
0.0033861544 -392.624
0.0033863544 -392.224
0.0033865544 -395.423
0.0033867544 -394.223
0.0033869544 -391.824
0.0033871544 -391.824
0.0033873544 -391.425
0.0033875544 -390.625
0.0033877544 -394.623
0.0033879544 -392.624
0.0033881544 -391.824
0.0033883544 -393.824
0.0033885544 -394.223
0.0033887544 -394.223
0.0033889544 -393.024
0.0033891544 -395.423
0.0033893544 -392.224
0.0033895544 -391.025
0.0033897544 -393.424
0.0033899544 -391.824
0.0033901544 -391.025
0.0033903544 -393.024
0.0033905544 -393.824
0.0033907544 -391.025
0.0033909544 -392.624
0.0033911544 -390.225
0.0033913544 -391.824
0.0033915544 -391.824
0.0033917544 -392.624
0.0033919544 -393.824
0.0033921544 -392.224
0.0033923544 -392.624
0.0033925544 -394.223
0.0033927544 -394.623
0.0033929544 -395.423
0.0033931544 -391.025
0.0033933544 -392.624
0.0033935544 -394.223
0.0033937544 -394.623
0.0033939544 -393.024
0.0033941544 -393.424
0.0033943544 -390.625
0.0033945544 -392.624
0.0033947544 -392.224
0.0033949544 -394.623
0.0033951544 -392.224
0.0033953544 -391.425
0.0033955544 -391.025
0.0033957544 -390.225
0.0033959544 -390.625
0.0033961544 -393.424
0.0033963544 -393.424
0.0033965544 -396.222
0.0033967544 -392.624
0.0033969544 -395.823
0.0033971544 -394.623
0.0033973544 -391.425
0.0033975544 -393.424
0.0033977544 -395.023
0.0033979544 -393.824
0.0033981544 -392.624
0.0033983544 -396.222
0.0033985544 -391.025
0.0033987544 -395.823
0.0033989544 -394.623
0.0033991544 -395.423
0.0033993544 -392.224
0.0033995544 -394.623
0.0033997544 -395.423
0.0033999544 -395.423
0.0034001544 -393.824
0.0034003544 -391.824
0.0034005544 -392.624
0.0034007544 -394.623
0.0034009544 -393.824
0.0034011544 -394.223
0.0034013544 -392.224
0.0034015544 -393.824
0.0034017544 -393.824
0.0034019544 -398.621
0.0034021544 -396.222
0.0034023544 -393.424
0.0034025544 -395.423
0.0034027544 -393.024
0.0034029544 -393.024
0.0034031544 -398.222
0.0034033544 -395.823
0.0034035544 -395.023
0.0034037544 -397.422
0.0034039544 -395.023
0.0034041544 -393.824
0.0034043544 -393.824
0.0034045544 -395.423
0.0034047544 -395.823
0.0034049544 -394.223
0.0034051544 -395.423
0.0034053544 -394.623
0.0034055544 -394.623
0.0034057544 -393.424
0.0034059544 -395.423
0.0034061544 -395.423
0.0034063544 -396.222
0.0034065544 -393.824
0.0034067544 -397.022
0.0034069544 -397.422
0.0034071544 -395.023
0.0034073544 -398.222
0.0034075544 -395.423
0.0034077544 -395.423
0.0034079544 -396.222
0.0034081544 -396.222
0.0034083544 -393.824
0.0034085544 -396.622
0.0034087544 -397.422
0.0034089544 -397.022
0.0034091544 -397.422
0.0034093544 -393.824
0.0034095544 -397.422
0.0034097544 -397.022
0.0034099544 -397.822
0.0034101544 -398.621
0.0034103544 -398.621
0.0034105544 -397.022
0.0034107544 -399.021
0.0034109544 -399.021
0.0034111544 -397.422
0.0034113544 -401.42
0.0034115544 -398.621
0.0034117544 -395.423
0.0034119544 -396.622
0.0034121544 -398.222
0.0034123544 -399.421
0.0034125544 -399.021
0.0034127544 -395.423
0.0034129544 -397.822
0.0034131544 -399.421
0.0034133544 -400.621
0.0034135544 -397.022
0.0034137544 -399.421
0.0034139544 -400.621
0.0034141544 -398.621
0.0034143544 -397.022
0.0034145544 -397.822
0.0034147544 -399.021
0.0034149544 -400.221
0.0034151544 -398.621
0.0034153544 -398.222
0.0034155544 -398.222
0.0034157544 -399.421
0.0034159544 -396.622
0.0034161544 -400.621
0.0034163544 -400.621
0.0034165544 -401.02
0.0034167544 -401.02
0.0034169544 -399.821
0.0034171544 -398.621
0.0034173544 -401.02
0.0034175544 -399.421
0.0034177544 -401.42
0.0034179544 -399.421
0.0034181544 -400.221
0.0034183544 -400.221
0.0034185544 -397.822
0.0034187544 -401.42
0.0034189544 -399.821
0.0034191544 -399.021
0.0034193544 -400.221
0.0034195544 -401.82
0.0034197544 -399.421
0.0034199544 -401.42
0.0034201544 -400.221
0.0034203544 -401.42
0.0034205544 -403.019
0.0034207544 -401.82
0.0034209544 -403.019
0.0034211544 -402.62
0.0034213544 -401.82
0.0034215544 -400.221
0.0034217544 -401.42
0.0034219544 -401.82
0.0034221544 -401.02
0.0034223544 -401.82
0.0034225544 -401.02
0.0034227544 -401.82
0.0034229544 -401.82
0.0034231544 -401.82
0.0034233544 -401.82
0.0034235544 -401.02
0.0034237544 -404.619
0.0034239544 -402.22
0.0034241544 -403.019
0.0034243544 -401.82
0.0034245544 -403.019
0.0034247544 -403.419
0.0034249544 -404.219
0.0034251544 -402.22
0.0034253544 -403.419
0.0034255544 -401.82
0.0034257544 -401.82
0.0034259544 -402.22
0.0034261544 -405.418
0.0034263544 -399.021
0.0034265544 -402.22
0.0034267544 -402.22
0.0034269544 -403.419
0.0034271544 -403.019
0.0034273544 -402.22
0.0034275544 -403.419
0.0034277544 -404.219
0.0034279544 -401.82
0.0034281544 -403.419
0.0034283544 -403.419
0.0034285544 -401.82
0.0034287544 -401.02
0.0034289544 -401.42
0.0034291544 -402.62
0.0034293544 -401.42
0.0034295544 -402.22
0.0034297544 -403.419
0.0034299544 -403.019
0.0034301544 -405.019
0.0034303544 -404.619
0.0034305544 -403.019
0.0034307544 -403.419
0.0034309544 -402.62
0.0034311544 -403.419
0.0034313544 -402.62
0.0034315544 -404.219
0.0034317544 -403.419
0.0034319544 -403.819
0.0034321544 -404.219
0.0034323544 -401.82
0.0034325544 -401.82
0.0034327544 -403.019
0.0034329544 -404.219
0.0034331544 -401.42
0.0034333544 -405.019
0.0034335544 -405.019
0.0034337544 -401.42
0.0034339544 -403.819
0.0034341544 -403.819
0.0034343544 -403.419
0.0034345544 -404.219
0.0034347544 -403.419
0.0034349544 -404.219
0.0034351544 -403.419
0.0034353544 -404.619
0.0034355544 -403.819
0.0034357544 -407.018
0.0034359544 -406.618
0.0034361544 -402.62
0.0034363544 -404.219
0.0034365544 -401.82
0.0034367544 -403.419
0.0034369544 -401.82
0.0034371544 -405.019
0.0034373544 -405.418
0.0034375544 -405.818
0.0034377544 -401.42
0.0034379544 -403.419
0.0034381544 -405.019
0.0034383544 -405.418
0.0034385544 -403.019
0.0034387544 -404.619
0.0034389544 -407.018
0.0034391544 -404.219
0.0034393544 -402.22
0.0034395544 -403.419
0.0034397544 -405.418
0.0034399544 -405.019
0.0034401544 -403.419
0.0034403544 -405.418
0.0034405544 -405.019
0.0034407544 -403.019
0.0034409544 -403.819
0.0034411544 -404.219
0.0034413544 -406.218
0.0034415544 -403.419
0.0034417544 -405.418
0.0034419544 -403.819
0.0034421544 -404.619
0.0034423544 -405.418
0.0034425544 -403.419
0.0034427544 -406.618
0.0034429544 -406.218
0.0034431544 -405.019
0.0034433544 -405.418
0.0034435544 -404.219
0.0034437544 -405.418
0.0034439544 -408.217
0.0034441544 -404.619
0.0034443544 -405.418
0.0034445544 -405.418
0.0034447544 -405.418
0.0034449544 -405.019
0.0034451544 -406.218
0.0034453544 -405.418
0.0034455544 -405.818
0.0034457544 -405.019
0.0034459544 -405.418
0.0034461544 -405.418
0.0034463544 -403.819
0.0034465544 -406.218
0.0034467544 -405.418
0.0034469544 -405.019
0.0034471544 -405.418
0.0034473544 -403.019
0.0034475544 -407.817
0.0034477544 -402.22
0.0034479544 -403.819
0.0034481544 -404.619
0.0034483544 -406.218
0.0034485544 -403.819
0.0034487544 -405.418
0.0034489544 -404.219
0.0034491544 -405.418
0.0034493544 -403.819
0.0034495544 -405.418
0.0034497544 -405.818
0.0034499544 -406.218
0.0034501544 -404.219
0.0034503544 -403.819
0.0034505544 -405.019
0.0034507544 -404.619
0.0034509544 -406.618
0.0034511544 -406.218
0.0034513544 -405.418
0.0034515544 -406.618
0.0034517544 -407.018
0.0034519544 -405.418
0.0034521544 -406.618
0.0034523544 -406.218
0.0034525544 -404.619
0.0034527544 -407.817
0.0034529544 -405.818
0.0034531544 -404.619
0.0034533544 -407.417
0.0034535544 -404.219
0.0034537544 -408.217
0.0034539544 -406.618
0.0034541544 -405.418
0.0034543544 -406.218
0.0034545544 -406.618
0.0034547544 -405.019
0.0034549544 -405.818
0.0034551544 -405.019
0.0034553544 -408.617
0.0034555544 -405.418
0.0034557544 -403.819
0.0034559544 -408.217
0.0034561544 -407.417
0.0034563544 -404.619
0.0034565544 -406.618
0.0034567544 -406.218
0.0034569544 -406.218
0.0034571544 -405.418
0.0034573544 -405.818
0.0034575544 -407.018
0.0034577544 -405.818
0.0034579544 -405.818
0.0034581544 -406.618
0.0034583544 -409.816
0.0034585544 -404.219
0.0034587544 -410.616
0.0034589544 -408.617
0.0034591544 -408.217
0.0034593544 -405.418
0.0034595544 -405.818
0.0034597544 -408.217
0.0034599544 -410.216
0.0034601544 -407.018
0.0034603544 -408.217
0.0034605544 -408.217
0.0034607544 -409.417
0.0034609544 -409.816
0.0034611544 -407.417
0.0034613544 -408.617
0.0034615544 -411.016
0.0034617544 -407.018
0.0034619544 -409.816
0.0034621544 -410.216
0.0034623544 -407.817
0.0034625544 -407.417
0.0034627544 -406.218
0.0034629544 -408.217
0.0034631544 -407.417
0.0034633544 -405.818
0.0034635544 -407.817
0.0034637544 -406.618
0.0034639544 -406.618
0.0034641544 -411.416
0.0034643544 -405.818
0.0034645544 -409.816
0.0034647544 -409.017
0.0034649544 -411.016
0.0034651544 -409.816
0.0034653544 -408.617
0.0034655544 -409.816
0.0034657544 -408.217
0.0034659544 -411.816
0.0034661544 -411.816
0.0034663544 -406.618
0.0034665544 -411.416
0.0034667544 -410.616
0.0034669544 -409.417
0.0034671544 -411.416
0.0034673544 -411.816
0.0034675544 -408.617
0.0034677544 -413.015
0.0034679544 -409.816
0.0034681544 -409.816
0.0034683544 -411.016
0.0034685544 -408.617
0.0034687544 -407.817
0.0034689544 -409.816
0.0034691544 -410.216
0.0034693544 -409.816
0.0034695544 -411.416
0.0034697544 -411.416
0.0034699544 -411.016
0.0034701544 -411.816
0.0034703544 -413.415
0.0034705544 -413.815
0.0034707544 -411.416
0.0034709544 -413.815
0.0034711544 -411.816
0.0034713544 -411.016
0.0034715544 -411.416
0.0034717544 -410.616
0.0034719544 -410.216
0.0034721544 -410.216
0.0034723544 -412.615
0.0034725544 -411.416
0.0034727544 -412.615
0.0034729544 -413.415
0.0034731544 -413.015
0.0034733544 -411.416
0.0034735544 -413.815
0.0034737544 -410.616
0.0034739544 -411.016
0.0034741544 -413.815
0.0034743544 -412.215
0.0034745544 -412.615
0.0034747544 -411.816
0.0034749544 -413.015
0.0034751544 -411.816
0.0034753544 -409.816
0.0034755544 -411.416
0.0034757544 -411.816
0.0034759544 -415.414
0.0034761544 -411.416
0.0034763544 -411.016
0.0034765544 -411.016
0.0034767544 -414.614
0.0034769544 -411.816
0.0034771544 -413.815
0.0034773544 -409.816
0.0034775544 -410.216
0.0034777544 -411.416
0.0034779544 -411.016
0.0034781544 -410.616
0.0034783544 -413.415
0.0034785544 -412.615
0.0034787544 -414.614
0.0034789544 -414.214
0.0034791544 -413.815
0.0034793544 -412.215
0.0034795544 -412.615
0.0034797544 -412.615
0.0034799544 -413.415
0.0034801544 -413.415
0.0034803544 -415.014
0.0034805544 -411.816
0.0034807544 -413.015
0.0034809544 -412.615
0.0034811544 -413.015
0.0034813544 -414.614
0.0034815544 -413.815
0.0034817544 -415.014
0.0034819544 -413.815
0.0034821544 -413.415
0.0034823544 -414.214
0.0034825544 -413.015
0.0034827544 -413.415
0.0034829544 -415.014
0.0034831544 -413.415
0.0034833544 -416.214
0.0034835544 -415.014
0.0034837544 -412.215
0.0034839544 -414.614
0.0034841544 -415.414
0.0034843544 -414.614
0.0034845544 -415.814
0.0034847544 -414.614
0.0034849544 -415.014
0.0034851544 -414.614
0.0034853544 -414.614
0.0034855544 -411.816
0.0034857544 -414.214
0.0034859544 -415.414
0.0034861544 -416.613
0.0034863544 -413.015
0.0034865544 -412.215
0.0034867544 -414.214
0.0034869544 -413.815
0.0034871544 -415.014
0.0034873544 -415.014
0.0034875544 -415.414
0.0034877544 -413.815
0.0034879544 -417.013
0.0034881544 -415.414
0.0034883544 -416.613
0.0034885544 -413.415
0.0034887544 -418.612
0.0034889544 -415.414
0.0034891544 -413.015
0.0034893544 -416.214
0.0034895544 -415.014
0.0034897544 -415.814
0.0034899544 -417.013
0.0034901544 -416.613
0.0034903544 -419.012
0.0034905544 -415.014
0.0034907544 -415.014
0.0034909544 -414.614
0.0034911544 -416.613
0.0034913544 -415.814
0.0034915544 -417.413
0.0034917544 -416.214
0.0034919544 -416.613
0.0034921544 -415.014
0.0034923544 -417.013
0.0034925544 -417.413
0.0034927544 -415.814
0.0034929544 -416.214
0.0034931544 -415.814
0.0034933544 -416.613
0.0034935544 -415.014
0.0034937544 -417.413
0.0034939544 -413.815
0.0034941544 -416.214
0.0034943544 -415.814
0.0034945544 -417.013
0.0034947544 -415.814
0.0034949544 -415.014
0.0034951544 -416.214
0.0034953544 -416.214
0.0034955544 -416.214
0.0034957544 -415.014
0.0034959544 -416.214
0.0034961544 -417.413
0.0034963544 -417.413
0.0034965544 -417.813
0.0034967544 -418.213
0.0034969544 -419.012
0.0034971544 -416.613
0.0034973544 -417.013
0.0034975544 -417.813
0.0034977544 -418.213
0.0034979544 -415.014
0.0034981544 -416.613
0.0034983544 -419.412
0.0034985544 -418.213
0.0034987544 -415.814
0.0034989544 -417.013
0.0034991544 -417.413
0.0034993544 -415.014
0.0034995544 -417.413
0.0034997544 -419.812
0.0034999544 -418.612
0.0035001544 -417.813
0.0035003544 -418.213
0.0035005544 -418.612
0.0035007544 -417.813
0.0035009544 -418.213
0.0035011544 -417.813
0.0035013544 -417.813
0.0035015544 -418.612
0.0035017544 -418.612
0.0035019544 -417.813
0.0035021544 -416.214
0.0035023544 -417.413
0.0035025544 -417.813
0.0035027544 -418.612
0.0035029544 -417.413
0.0035031544 -417.813
0.0035033544 -418.612
0.0035035544 -417.013
0.0035037544 -417.813
0.0035039544 -418.612
0.0035041544 -417.813
0.0035043544 -419.412
0.0035045544 -416.613
0.0035047544 -418.213
0.0035049544 -416.214
0.0035051544 -417.813
0.0035053544 -417.813
0.0035055544 -417.013
0.0035057544 -417.413
0.0035059544 -419.412
0.0035061544 -419.012
0.0035063544 -417.813
0.0035065544 -421.011
0.0035067544 -417.813
0.0035069544 -415.414
0.0035071544 -417.413
0.0035073544 -418.213
0.0035075544 -419.412
0.0035077544 -414.614
0.0035079544 -417.413
0.0035081544 -418.213
0.0035083544 -418.612
0.0035085544 -417.013
0.0035087544 -418.213
0.0035089544 -417.413
0.0035091544 -418.213
0.0035093544 -419.012
0.0035095544 -418.612
0.0035097544 -418.612
0.0035099544 -417.413
0.0035101544 -418.213
0.0035103544 -417.413
0.0035105544 -417.013
0.0035107544 -419.812
0.0035109544 -417.813
0.0035111544 -416.613
0.0035113544 -417.413
0.0035115544 -416.613
0.0035117544 -417.413
0.0035119544 -417.813
0.0035121544 -415.814
0.0035123544 -417.413
0.0035125544 -415.414
0.0035127544 -415.814
0.0035129544 -417.813
0.0035131544 -415.814
0.0035133544 -419.412
0.0035135544 -419.812
0.0035137544 -417.413
0.0035139544 -419.012
0.0035141544 -416.613
0.0035143544 -420.212
0.0035145544 -418.213
0.0035147544 -417.413
0.0035149544 -419.412
0.0035151544 -419.012
0.0035153544 -417.813
0.0035155544 -421.811
0.0035157544 -417.413
0.0035159544 -418.213
0.0035161544 -415.414
0.0035163544 -417.813
0.0035165544 -416.214
0.0035167544 -417.813
0.0035169544 -416.613
0.0035171544 -416.613
0.0035173544 -418.612
0.0035175544 -421.411
0.0035177544 -417.413
0.0035179544 -419.012
0.0035181544 -417.013
0.0035183544 -417.813
0.0035185544 -416.613
0.0035187544 -419.012
0.0035189544 -417.013
0.0035191544 -415.814
0.0035193544 -421.811
0.0035195544 -417.013
0.0035197544 -417.413
0.0035199544 -419.412
0.0035201544 -418.213
0.0035203544 -421.411
0.0035205544 -418.612
0.0035207544 -418.612
0.0035209544 -419.412
0.0035211544 -420.612
0.0035213544 -420.212
0.0035215544 -419.412
0.0035217544 -419.812
0.0035219544 -418.213
0.0035221544 -418.213
0.0035223544 -418.612
0.0035225544 -420.212
0.0035227544 -419.812
0.0035229544 -418.213
0.0035231544 -417.413
0.0035233544 -420.212
0.0035235544 -420.612
0.0035237544 -421.011
0.0035239544 -419.412
0.0035241544 -418.612
0.0035243544 -419.012
0.0035245544 -420.212
0.0035247544 -418.213
0.0035249544 -419.012
0.0035251544 -418.612
0.0035253544 -418.213
0.0035255544 -419.412
0.0035257544 -419.412
0.0035259544 -419.412
0.0035261544 -420.612
0.0035263544 -419.012
0.0035265544 -420.612
0.0035267544 -423.01
0.0035269544 -420.612
0.0035271544 -422.211
0.0035273544 -420.612
0.0035275544 -422.211
0.0035277544 -419.012
0.0035279544 -423.01
0.0035281544 -420.612
0.0035283544 -420.212
0.0035285544 -420.612
0.0035287544 -421.411
0.0035289544 -420.612
0.0035291544 -419.812
0.0035293544 -419.812
0.0035295544 -422.211
0.0035297544 -419.812
0.0035299544 -419.412
0.0035301544 -421.411
0.0035303544 -420.612
0.0035305544 -423.41
0.0035307544 -422.611
0.0035309544 -421.811
0.0035311544 -420.212
0.0035313544 -419.812
0.0035315544 -422.211
0.0035317544 -422.211
0.0035319544 -424.21
0.0035321544 -419.812
0.0035323544 -420.612
0.0035325544 -424.21
0.0035327544 -421.811
0.0035329544 -422.611
0.0035331544 -421.411
0.0035333544 -421.411
0.0035335544 -421.811
0.0035337544 -422.611
0.0035339544 -422.611
0.0035341544 -422.611
0.0035343544 -423.01
0.0035345544 -421.011
0.0035347544 -423.81
0.0035349544 -422.211
0.0035351544 -419.812
0.0035353544 -421.811
0.0035355544 -424.61
0.0035357544 -421.011
0.0035359544 -423.01
0.0035361544 -423.01
0.0035363544 -420.212
0.0035365544 -424.21
0.0035367544 -422.611
0.0035369544 -423.01
0.0035371544 -423.01
0.0035373544 -422.611
0.0035375544 -424.61
0.0035377544 -423.81
0.0035379544 -423.01
0.0035381544 -424.21
0.0035383544 -423.41
0.0035385544 -424.21
0.0035387544 -423.41
0.0035389544 -425.809
0.0035391544 -423.01
0.0035393544 -423.01
0.0035395544 -422.211
0.0035397544 -422.211
0.0035399544 -421.411
0.0035401544 -426.209
0.0035403544 -422.611
0.0035405544 -425.01
0.0035407544 -423.81
0.0035409544 -423.41
0.0035411544 -423.41
0.0035413544 -423.41
0.0035415544 -424.61
0.0035417544 -423.81
0.0035419544 -423.41
0.0035421544 -424.21
0.0035423544 -424.61
0.0035425544 -423.41
0.0035427544 -424.61
0.0035429544 -425.01
0.0035431544 -425.409
0.0035433544 -422.611
0.0035435544 -421.411
0.0035437544 -423.41
0.0035439544 -423.81
0.0035441544 -424.21
0.0035443544 -422.211
0.0035445544 -422.611
0.0035447544 -419.412
0.0035449544 -425.01
0.0035451544 -423.01
0.0035453544 -421.811
0.0035455544 -422.611
0.0035457544 -422.611
0.0035459544 -422.211
0.0035461544 -420.612
0.0035463544 -423.01
0.0035465544 -423.41
0.0035467544 -422.611
0.0035469544 -420.212
0.0035471544 -422.211
0.0035473544 -424.61
0.0035475544 -423.81
0.0035477544 -424.21
0.0035479544 -424.61
0.0035481544 -424.21
0.0035483544 -422.211
0.0035485544 -422.611
0.0035487544 -421.011
0.0035489544 -423.01
0.0035491544 -423.41
0.0035493544 -424.61
0.0035495544 -422.611
0.0035497544 -423.81
0.0035499544 -423.01
0.0035501544 -421.411
0.0035503544 -424.61
0.0035505544 -425.01
0.0035507544 -424.61
0.0035509544 -422.611
0.0035511544 -422.611
0.0035513544 -421.411
0.0035515544 -424.21
0.0035517544 -425.409
0.0035519544 -424.61
0.0035521544 -422.211
0.0035523544 -423.81
0.0035525544 -427.009
0.0035527544 -422.611
0.0035529544 -422.611
0.0035531544 -421.011
0.0035533544 -424.21
0.0035535544 -422.211
0.0035537544 -423.81
0.0035539544 -425.809
0.0035541544 -423.41
0.0035543544 -424.61
0.0035545544 -422.611
0.0035547544 -424.61
0.0035549544 -424.61
0.0035551544 -421.811
0.0035553544 -423.01
0.0035555544 -425.409
0.0035557544 -423.41
0.0035559544 -424.61
0.0035561544 -426.209
0.0035563544 -424.21
0.0035565544 -424.21
0.0035567544 -424.21
0.0035569544 -420.212
0.0035571544 -424.61
0.0035573544 -424.21
0.0035575544 -421.411
0.0035577544 -423.41
0.0035579544 -424.61
0.0035581544 -425.409
0.0035583544 -426.609
0.0035585544 -425.409
0.0035587544 -423.81
0.0035589544 -422.211
0.0035591544 -425.409
0.0035593544 -422.211
0.0035595544 -422.611
0.0035597544 -424.61
0.0035599544 -423.81
0.0035601544 -422.211
0.0035603544 -425.409
0.0035605544 -423.81
0.0035607544 -424.61
0.0035609544 -426.209
0.0035611544 -425.01
0.0035613544 -424.61
0.0035615544 -420.612
0.0035617544 -425.01
0.0035619544 -426.609
0.0035621544 -425.01
0.0035623544 -425.01
0.0035625544 -427.409
0.0035627544 -423.81
0.0035629544 -424.21
0.0035631544 -425.01
0.0035633544 -421.411
0.0035635544 -425.409
0.0035637544 -423.41
0.0035639544 -424.21
0.0035641544 -425.409
0.0035643544 -425.01
0.0035645544 -424.61
0.0035647544 -424.21
0.0035649544 -427.009
0.0035651544 -424.21
0.0035653544 -424.21
0.0035655544 -425.409
0.0035657544 -423.81
0.0035659544 -423.81
0.0035661544 -424.21
0.0035663544 -425.809
0.0035665544 -426.609
0.0035667544 -425.409
0.0035669544 -426.609
0.0035671544 -423.81
0.0035673544 -425.809
0.0035675544 -425.01
0.0035677544 -427.009
0.0035679544 -424.21
0.0035681544 -424.61
0.0035683544 -423.01
0.0035685544 -424.61
0.0035687544 -425.809
0.0035689544 -425.409
0.0035691544 -425.01
0.0035693544 -425.809
0.0035695544 -426.209
0.0035697544 -421.011
0.0035699544 -426.209
0.0035701544 -427.009
0.0035703544 -426.609
0.0035705544 -424.61
0.0035707544 -424.61
0.0035709544 -427.409
0.0035711544 -425.409
0.0035713544 -424.61
0.0035715544 -422.611
0.0035717544 -425.809
0.0035719544 -425.409
0.0035721544 -425.409
0.0035723544 -427.808
0.0035725544 -426.209
0.0035727544 -421.811
0.0035729544 -424.21
0.0035731544 -424.21
0.0035733544 -425.01
0.0035735544 -428.208
0.0035737544 -427.409
0.0035739544 -425.409
0.0035741544 -426.609
0.0035743544 -424.21
0.0035745544 -427.808
0.0035747544 -428.608
0.0035749544 -422.211
0.0035751544 -424.61
0.0035753544 -427.009
0.0035755544 -425.409
0.0035757544 -427.409
0.0035759544 -423.81
0.0035761544 -426.209
0.0035763544 -427.009
0.0035765544 -425.409
0.0035767544 -424.61
0.0035769544 -425.809
0.0035771544 -428.608
0.0035773544 -428.608
0.0035775544 -426.209
0.0035777544 -427.009
0.0035779544 -428.208
0.0035781544 -426.609
0.0035783544 -427.009
0.0035785544 -424.21
0.0035787544 -429.008
0.0035789544 -426.209
0.0035791544 -426.609
0.0035793544 -425.809
0.0035795544 -425.809
0.0035797544 -427.009
0.0035799544 -425.809
0.0035801544 -426.209
0.0035803544 -427.409
0.0035805544 -427.409
0.0035807544 -427.409
0.0035809544 -427.808
0.0035811544 -427.409
0.0035813544 -425.809
0.0035815544 -428.608
0.0035817544 -428.608
0.0035819544 -428.608
0.0035821544 -430.207
0.0035823544 -430.207
0.0035825544 -427.808
0.0035827544 -426.209
0.0035829544 -425.409
0.0035831544 -428.208
0.0035833544 -427.808
0.0035835544 -427.009
0.0035837544 -426.209
0.0035839544 -428.608
0.0035841544 -428.608
0.0035843544 -427.808
0.0035845544 -427.409
0.0035847544 -427.009
0.0035849544 -425.409
0.0035851544 -425.809
0.0035853544 -425.809
0.0035855544 -427.009
0.0035857544 -425.809
0.0035859544 -427.409
0.0035861544 -428.608
0.0035863544 -425.809
0.0035865544 -427.409
0.0035867544 -428.608
0.0035869544 -427.808
0.0035871544 -428.608
0.0035873544 -426.609
0.0035875544 -427.808
0.0035877544 -427.808
0.0035879544 -426.209
0.0035881544 -425.809
0.0035883544 -427.009
0.0035885544 -425.809
0.0035887544 -426.609
0.0035889544 -429.008
0.0035891544 -426.609
0.0035893544 -426.609
0.0035895544 -426.609
0.0035897544 -429.008
0.0035899544 -430.207
0.0035901544 -429.008
0.0035903544 -428.208
0.0035905544 -427.808
0.0035907544 -427.808
0.0035909544 -424.61
0.0035911544 -429.008
0.0035913544 -427.808
0.0035915544 -429.408
0.0035917544 -427.808
0.0035919544 -424.21
0.0035921544 -428.208
0.0035923544 -429.008
0.0035925544 -426.609
0.0035927544 -429.008
0.0035929544 -427.409
0.0035931544 -425.809
0.0035933544 -428.208
0.0035935544 -426.609
0.0035937544 -428.608
0.0035939544 -430.207
0.0035941544 -428.208
0.0035943544 -426.209
0.0035945544 -428.608
0.0035947544 -428.608
0.0035949544 -427.009
0.0035951544 -426.209
0.0035953544 -426.609
0.0035955544 -427.009
0.0035957544 -425.01
0.0035959544 -428.608
0.0035961544 -426.609
0.0035963544 -429.008
0.0035965544 -428.208
0.0035967544 -428.608
0.0035969544 -427.808
0.0035971544 -427.808
0.0035973544 -429.008
0.0035975544 -429.408
0.0035977544 -428.208
0.0035979544 -428.608
0.0035981544 -425.809
0.0035983544 -429.008
0.0035985544 -427.808
0.0035987544 -429.008
0.0035989544 -427.009
0.0035991544 -430.207
0.0035993544 -430.607
0.0035995544 -427.009
0.0035997544 -430.207
0.0035999544 -426.609
0.0036001544 -429.408
0.0036003544 -430.207
0.0036005544 -427.808
0.0036007544 -429.008
0.0036009544 -429.008
0.0036011544 -427.009
0.0036013544 -427.808
0.0036015544 -430.207
0.0036017544 -429.008
0.0036019544 -428.608
0.0036021544 -430.607
0.0036023544 -428.608
0.0036025544 -429.008
0.0036027544 -427.808
0.0036029544 -429.008
0.0036031544 -428.608
0.0036033544 -429.807
0.0036035544 -430.607
0.0036037544 -429.008
0.0036039544 -430.607
0.0036041544 -429.008
0.0036043544 -428.608
0.0036045544 -429.807
0.0036047544 -427.009
0.0036049544 -428.608
0.0036051544 -429.408
0.0036053544 -430.207
0.0036055544 -430.607
0.0036057544 -429.008
0.0036059544 -427.808
0.0036061544 -426.209
0.0036063544 -429.008
0.0036065544 -427.009
0.0036067544 -426.609
0.0036069544 -428.608
0.0036071544 -430.207
0.0036073544 -430.207
0.0036075544 -429.008
0.0036077544 -429.408
0.0036079544 -428.608
0.0036081544 -426.209
0.0036083544 -427.808
0.0036085544 -431.407
0.0036087544 -429.408
0.0036089544 -426.209
0.0036091544 -427.808
0.0036093544 -429.008
0.0036095544 -431.007
0.0036097544 -427.409
0.0036099544 -429.807
0.0036101544 -430.607
0.0036103544 -427.409
0.0036105544 -428.608
0.0036107544 -429.008
0.0036109544 -427.009
0.0036111544 -429.008
0.0036113544 -429.008
0.0036115544 -429.408
0.0036117544 -431.807
0.0036119544 -429.807
0.0036121544 -429.008
0.0036123544 -425.809
0.0036125544 -427.009
0.0036127544 -426.609
0.0036129544 -427.009
0.0036131544 -429.008
0.0036133544 -429.408
0.0036135544 -430.207
0.0036137544 -427.009
0.0036139544 -428.208
0.0036141544 -428.208
0.0036143544 -428.608
0.0036145544 -427.808
0.0036147544 -427.808
0.0036149544 -427.808
0.0036151544 -429.408
0.0036153544 -427.808
0.0036155544 -427.409
0.0036157544 -429.408
0.0036159544 -426.209
0.0036161544 -429.008
0.0036163544 -428.608
0.0036165544 -429.408
0.0036167544 -433.006
0.0036169544 -426.209
0.0036171544 -427.808
0.0036173544 -428.608
0.0036175544 -426.609
0.0036177544 -431.007
0.0036179544 -432.606
0.0036181544 -431.807
0.0036183544 -429.807
0.0036185544 -430.607
0.0036187544 -427.808
0.0036189544 -429.008
0.0036191544 -427.009
0.0036193544 -428.608
0.0036195544 -429.008
0.0036197544 -429.408
0.0036199544 -429.008
0.0036201544 -430.207
0.0036203544 -429.008
0.0036205544 -430.607
0.0036207544 -428.208
0.0036209544 -429.807
0.0036211544 -431.807
0.0036213544 -429.807
0.0036215544 -431.407
0.0036217544 -431.807
0.0036219544 -433.406
0.0036221544 -429.408
0.0036223544 -429.807
0.0036225544 -430.607
0.0036227544 -429.408
0.0036229544 -428.608
0.0036231544 -429.408
0.0036233544 -428.208
0.0036235544 -432.206
0.0036237544 -428.608
0.0036239544 -431.407
0.0036241544 -432.606
0.0036243544 -429.408
0.0036245544 -431.007
0.0036247544 -432.606
0.0036249544 -428.608
0.0036251544 -429.807
0.0036253544 -430.607
0.0036255544 -429.008
0.0036257544 -432.606
0.0036259544 -430.607
0.0036261544 -431.807
0.0036263544 -431.007
0.0036265544 -431.407
0.0036267544 -432.206
0.0036269544 -433.406
0.0036271544 -429.807
0.0036273544 -433.806
0.0036275544 -429.807
0.0036277544 -430.207
0.0036279544 -429.408
0.0036281544 -432.206
0.0036283544 -431.007
0.0036285544 -430.207
0.0036287544 -431.407
0.0036289544 -432.206
0.0036291544 -430.207
0.0036293544 -431.407
0.0036295544 -431.007
0.0036297544 -428.608
0.0036299544 -429.008
0.0036301544 -429.807
0.0036303544 -432.606
0.0036305544 -429.408
0.0036307544 -433.406
0.0036309544 -431.007
0.0036311544 -431.407
0.0036313544 -431.007
0.0036315544 -430.607
0.0036317544 -431.007
0.0036319544 -431.007
0.0036321544 -431.407
0.0036323544 -431.007
0.0036325544 -430.607
0.0036327544 -429.807
0.0036329544 -432.606
0.0036331544 -430.607
0.0036333544 -431.807
0.0036335544 -430.207
0.0036337544 -433.006
0.0036339544 -431.407
0.0036341544 -431.007
0.0036343544 -431.007
0.0036345544 -431.007
0.0036347544 -431.407
0.0036349544 -429.807
0.0036351544 -433.006
0.0036353544 -432.606
0.0036355544 -431.407
0.0036357544 -430.607
0.0036359544 -432.606
0.0036361544 -431.407
0.0036363544 -429.408
0.0036365544 -431.807
0.0036367544 -429.807
0.0036369544 -430.207
0.0036371544 -431.807
0.0036373544 -431.007
0.0036375544 -430.207
0.0036377544 -430.607
0.0036379544 -431.807
0.0036381544 -431.807
0.0036383544 -433.006
0.0036385544 -431.007
0.0036387544 -431.407
0.0036389544 -429.807
0.0036391544 -431.807
0.0036393544 -431.407
0.0036395544 -430.607
0.0036397544 -430.607
0.0036399544 -430.207
0.0036401544 -433.806
0.0036403544 -429.408
0.0036405544 -431.807
0.0036407544 -431.007
0.0036409544 -432.206
0.0036411544 -433.406
0.0036413544 -433.006
0.0036415544 -432.206
0.0036417544 -431.007
0.0036419544 -430.607
0.0036421544 -431.007
0.0036423544 -431.407
0.0036425544 -432.206
0.0036427544 -431.807
0.0036429544 -431.007
0.0036431544 -431.007
0.0036433544 -432.606
0.0036435544 -429.408
0.0036437544 -431.007
0.0036439544 -432.606
0.0036441544 -430.207
0.0036443544 -431.007
0.0036445544 -429.408
0.0036447544 -432.206
0.0036449544 -432.206
0.0036451544 -433.806
0.0036453544 -431.407
0.0036455544 -431.807
0.0036457544 -433.406
0.0036459544 -433.406
0.0036461544 -431.007
0.0036463544 -432.206
0.0036465544 -430.607
0.0036467544 -431.807
0.0036469544 -431.407
0.0036471544 -430.607
0.0036473544 -433.406
0.0036475544 -434.205
0.0036477544 -432.606
0.0036479544 -432.206
0.0036481544 -431.407
0.0036483544 -431.407
0.0036485544 -431.407
0.0036487544 -430.207
0.0036489544 -430.607
0.0036491544 -432.206
0.0036493544 -430.607
0.0036495544 -433.006
0.0036497544 -432.206
0.0036499544 -431.007
0.0036501544 -432.206
0.0036503544 -431.007
0.0036505544 -431.007
0.0036507544 -432.206
0.0036509544 -430.607
0.0036511544 -432.206
0.0036513544 -432.606
0.0036515544 -429.807
0.0036517544 -431.007
0.0036519544 -432.606
0.0036521544 -428.608
0.0036523544 -433.006
0.0036525544 -431.407
0.0036527544 -430.607
0.0036529544 -432.606
0.0036531544 -431.407
0.0036533544 -432.606
0.0036535544 -430.207
0.0036537544 -433.406
0.0036539544 -429.008
0.0036541544 -430.607
0.0036543544 -433.006
0.0036545544 -432.606
0.0036547544 -431.807
0.0036549544 -429.408
0.0036551544 -429.408
0.0036553544 -429.408
0.0036555544 -430.207
0.0036557544 -430.207
0.0036559544 -432.606
0.0036561544 -432.206
0.0036563544 -431.407
0.0036565544 -429.408
0.0036567544 -431.807
0.0036569544 -430.607
0.0036571544 -429.807
0.0036573544 -430.607
0.0036575544 -431.407
0.0036577544 -430.207
0.0036579544 -431.407
0.0036581544 -430.207
0.0036583544 -431.407
0.0036585544 -430.607
0.0036587544 -431.807
0.0036589544 -428.608
0.0036591544 -431.807
0.0036593544 -430.207
0.0036595544 -430.607
0.0036597544 -432.206
0.0036599544 -432.606
0.0036601544 -430.207
0.0036603544 -431.007
0.0036605544 -430.607
0.0036607544 -431.407
0.0036609544 -431.407
0.0036611544 -432.206
0.0036613544 -429.008
0.0036615544 -427.808
0.0036617544 -433.006
0.0036619544 -434.205
0.0036621544 -432.606
0.0036623544 -431.007
0.0036625544 -430.607
0.0036627544 -431.807
0.0036629544 -431.007
0.0036631544 -431.407
0.0036633544 -433.806
0.0036635544 -432.606
0.0036637544 -433.006
0.0036639544 -433.406
0.0036641544 -430.607
0.0036643544 -431.807
0.0036645544 -433.406
0.0036647544 -432.606
0.0036649544 -434.205
0.0036651544 -433.806
0.0036653544 -430.607
0.0036655544 -432.206
0.0036657544 -431.007
0.0036659544 -432.206
0.0036661544 -431.007
0.0036663544 -430.207
0.0036665544 -431.807
0.0036667544 -434.205
0.0036669544 -433.806
0.0036671544 -431.407
0.0036673544 -431.807
0.0036675544 -432.606
0.0036677544 -436.604
0.0036679544 -433.006
0.0036681544 -433.806
0.0036683544 -433.006
0.0036685544 -433.806
0.0036687544 -431.007
0.0036689544 -433.406
0.0036691544 -431.407
0.0036693544 -432.606
0.0036695544 -433.006
0.0036697544 -432.206
0.0036699544 -433.406
0.0036701544 -435.005
0.0036703544 -433.006
0.0036705544 -434.205
0.0036707544 -433.806
0.0036709544 -433.806
0.0036711544 -434.205
0.0036713544 -434.205
0.0036715544 -434.605
0.0036717544 -437.004
0.0036719544 -435.005
0.0036721544 -433.806
0.0036723544 -435.405
0.0036725544 -435.405
0.0036727544 -437.804
0.0036729544 -435.005
0.0036731544 -434.605
0.0036733544 -437.404
0.0036735544 -437.004
0.0036737544 -433.006
0.0036739544 -435.005
0.0036741544 -435.405
0.0036743544 -434.205
0.0036745544 -435.405
0.0036747544 -434.605
0.0036749544 -435.005
0.0036751544 -436.604
0.0036753544 -435.005
0.0036755544 -434.205
0.0036757544 -434.205
0.0036759544 -437.404
0.0036761544 -436.205
0.0036763544 -432.606
0.0036765544 -437.004
0.0036767544 -436.205
0.0036769544 -436.205
0.0036771544 -435.005
0.0036773544 -437.804
0.0036775544 -436.205
0.0036777544 -435.405
0.0036779544 -436.604
0.0036781544 -439.003
0.0036783544 -435.005
0.0036785544 -436.604
0.0036787544 -437.004
0.0036789544 -436.205
0.0036791544 -437.804
0.0036793544 -439.803
0.0036795544 -437.004
0.0036797544 -437.804
0.0036799544 -437.404
0.0036801544 -436.604
0.0036803544 -436.604
0.0036805544 -435.405
0.0036807544 -437.004
0.0036809544 -436.205
0.0036811544 -437.004
0.0036813544 -437.004
0.0036815544 -437.804
0.0036817544 -434.605
0.0036819544 -436.604
0.0036821544 -435.405
0.0036823544 -436.604
0.0036825544 -434.205
0.0036827544 -436.205
0.0036829544 -437.404
0.0036831544 -437.404
0.0036833544 -438.604
0.0036835544 -435.405
0.0036837544 -438.204
0.0036839544 -437.404
0.0036841544 -438.604
0.0036843544 -438.204
0.0036845544 -440.203
0.0036847544 -438.604
0.0036849544 -437.404
0.0036851544 -435.005
0.0036853544 -436.205
0.0036855544 -433.406
0.0036857544 -437.004
0.0036859544 -438.204
0.0036861544 -439.403
0.0036863544 -438.204
0.0036865544 -437.404
0.0036867544 -437.404
0.0036869544 -436.205
0.0036871544 -438.204
0.0036873544 -436.604
0.0036875544 -436.205
0.0036877544 -438.604
0.0036879544 -435.405
0.0036881544 -436.604
0.0036883544 -440.203
0.0036885544 -439.803
0.0036887544 -436.604
0.0036889544 -439.403
0.0036891544 -437.004
0.0036893544 -437.404
0.0036895544 -439.803
0.0036897544 -437.404
0.0036899544 -436.604
0.0036901544 -437.004
0.0036903544 -437.404
0.0036905544 -439.003
0.0036907544 -437.004
0.0036909544 -437.404
0.0036911544 -438.604
0.0036913544 -435.005
0.0036915544 -437.404
0.0036917544 -435.405
0.0036919544 -437.004
0.0036921544 -439.403
0.0036923544 -438.204
0.0036925544 -438.604
0.0036927544 -437.804
0.0036929544 -437.404
0.0036931544 -437.804
0.0036933544 -438.604
0.0036935544 -437.804
0.0036937544 -437.404
0.0036939544 -440.603
0.0036941544 -437.804
0.0036943544 -438.604
0.0036945544 -443.002
0.0036947544 -437.404
0.0036949544 -436.604
0.0036951544 -436.604
0.0036953544 -440.203
0.0036955544 -439.003
0.0036957544 -438.204
0.0036959544 -437.004
0.0036961544 -437.004
0.0036963544 -437.804
0.0036965544 -436.604
0.0036967544 -437.804
0.0036969544 -437.804
0.0036971544 -437.804
0.0036973544 -438.604
0.0036975544 -438.604
0.0036977544 -438.204
0.0036979544 -438.204
0.0036981544 -439.003
0.0036983544 -440.203
0.0036985544 -439.403
0.0036987544 -437.404
0.0036989544 -438.604
0.0036991544 -437.804
0.0036993544 -439.003
0.0036995544 -439.403
0.0036997544 -440.203
0.0036999544 -437.404
0.0037001544 -440.203
0.0037003544 -440.603
0.0037005544 -441.802
0.0037007544 -438.204
0.0037009544 -439.803
0.0037011544 -441.402
0.0037013544 -439.003
0.0037015544 -439.003
0.0037017544 -439.803
0.0037019544 -441.002
0.0037021544 -440.203
0.0037023544 -442.602
0.0037025544 -439.403
0.0037027544 -440.603
0.0037029544 -440.203
0.0037031544 -441.402
0.0037033544 -438.204
0.0037035544 -438.204
0.0037037544 -441.002
0.0037039544 -439.003
0.0037041544 -439.803
0.0037043544 -442.202
0.0037045544 -444.201
0.0037047544 -443.002
0.0037049544 -441.802
0.0037051544 -439.803
0.0037053544 -440.203
0.0037055544 -441.802
0.0037057544 -442.602
0.0037059544 -441.402
0.0037061544 -440.603
0.0037063544 -440.603
0.0037065544 -440.603
0.0037067544 -440.203
0.0037069544 -439.803
0.0037071544 -441.402
0.0037073544 -440.203
0.0037075544 -439.403
0.0037077544 -441.802
0.0037079544 -442.202
0.0037081544 -442.202
0.0037083544 -442.202
0.0037085544 -440.203
0.0037087544 -443.801
0.0037089544 -440.203
0.0037091544 -444.201
0.0037093544 -441.402
0.0037095544 -441.802
0.0037097544 -442.202
0.0037099544 -443.002
0.0037101544 -443.801
0.0037103544 -442.202
0.0037105544 -441.402
0.0037107544 -442.202
0.0037109544 -442.602
0.0037111544 -443.002
0.0037113544 -442.602
0.0037115544 -440.203
0.0037117544 -441.802
0.0037119544 -441.802
0.0037121544 -443.801
0.0037123544 -443.401
0.0037125544 -444.601
0.0037127544 -443.002
0.0037129544 -446.6
0.0037131544 -444.601
0.0037133544 -446.2
0.0037135544 -443.801
0.0037137544 -443.401
0.0037139544 -447.799
0.0037141544 -442.602
0.0037143544 -443.801
0.0037145544 -445.8
0.0037147544 -445.8
0.0037149544 -445.8
0.0037151544 -445.001
0.0037153544 -445.4
0.0037155544 -445.001
0.0037157544 -444.201
0.0037159544 -443.801
0.0037161544 -445.001
0.0037163544 -447
0.0037165544 -446.2
0.0037167544 -447.4
0.0037169544 -445.4
0.0037171544 -444.601
0.0037173544 -443.801
0.0037175544 -445.001
0.0037177544 -445.4
0.0037179544 -443.401
0.0037181544 -442.602
0.0037183544 -445.001
0.0037185544 -443.002
0.0037187544 -445.001
0.0037189544 -448.199
0.0037191544 -447.799
0.0037193544 -447
0.0037195544 -446.2
0.0037197544 -447.4
0.0037199544 -446.6
0.0037201544 -447.799
0.0037203544 -447.4
0.0037205544 -447
0.0037207544 -443.801
0.0037209544 -447.4
0.0037211544 -445.4
0.0037213544 -446.2
0.0037215544 -448.999
0.0037217544 -446.2
0.0037219544 -445.4
0.0037221544 -447.4
0.0037223544 -446.6
0.0037225544 -446.6
0.0037227544 -447
0.0037229544 -447.4
0.0037231544 -448.999
0.0037233544 -449.798
0.0037235544 -448.599
0.0037237544 -448.999
0.0037239544 -446.2
0.0037241544 -444.601
0.0037243544 -446.6
0.0037245544 -446.2
0.0037247544 -446.2
0.0037249544 -448.599
0.0037251544 -448.199
0.0037253544 -445.8
0.0037255544 -448.199
0.0037257544 -446.2
0.0037259544 -448.999
0.0037261544 -447.799
0.0037263544 -447.799
0.0037265544 -447.799
0.0037267544 -446.2
0.0037269544 -449.798
0.0037271544 -448.999
0.0037273544 -447.4
0.0037275544 -447.799
0.0037277544 -448.199
0.0037279544 -447.799
0.0037281544 -447
0.0037283544 -449.399
0.0037285544 -447.4
0.0037287544 -447.4
0.0037289544 -448.599
0.0037291544 -449.399
0.0037293544 -449.399
0.0037295544 -448.199
0.0037297544 -448.999
0.0037299544 -446.6
0.0037301544 -446.6
0.0037303544 -446.6
0.0037305544 -449.798
0.0037307544 -449.798
0.0037309544 -450.598
0.0037311544 -448.199
0.0037313544 -448.599
0.0037315544 -447.4
0.0037317544 -448.999
0.0037319544 -448.199
0.0037321544 -447
0.0037323544 -448.199
0.0037325544 -450.198
0.0037327544 -447
0.0037329544 -448.199
0.0037331544 -448.599
0.0037333544 -449.399
0.0037335544 -448.999
0.0037337544 -446.6
0.0037339544 -450.198
0.0037341544 -447.4
0.0037343544 -451.398
0.0037345544 -445.4
0.0037347544 -448.199
0.0037349544 -448.599
0.0037351544 -448.999
0.0037353544 -452.197
0.0037355544 -448.999
0.0037357544 -451.398
0.0037359544 -448.999
0.0037361544 -447.4
0.0037363544 -450.198
0.0037365544 -448.599
0.0037367544 -451.798
0.0037369544 -448.599
0.0037371544 -449.399
0.0037373544 -449.798
0.0037375544 -450.998
0.0037377544 -450.198
0.0037379544 -451.398
0.0037381544 -450.198
0.0037383544 -451.798
0.0037385544 -448.599
0.0037387544 -453.397
0.0037389544 -450.598
0.0037391544 -452.997
0.0037393544 -453.797
0.0037395544 -452.197
0.0037397544 -450.998
0.0037399544 -449.399
0.0037401544 -452.597
0.0037403544 -451.798
0.0037405544 -451.398
0.0037407544 -452.197
0.0037409544 -450.998
0.0037411544 -452.997
0.0037413544 -452.597
0.0037415544 -452.597
0.0037417544 -452.997
0.0037419544 -454.197
0.0037421544 -451.398
0.0037423544 -450.198
0.0037425544 -451.798
0.0037427544 -453.397
0.0037429544 -454.996
0.0037431544 -451.398
0.0037433544 -454.197
0.0037435544 -453.397
0.0037437544 -450.198
0.0037439544 -453.397
0.0037441544 -451.798
0.0037443544 -454.596
0.0037445544 -454.596
0.0037447544 -453.397
0.0037449544 -452.197
0.0037451544 -451.798
0.0037453544 -451.398
0.0037455544 -452.197
0.0037457544 -456.595
0.0037459544 -449.798
0.0037461544 -452.197
0.0037463544 -451.798
0.0037465544 -452.997
0.0037467544 -452.997
0.0037469544 -452.597
0.0037471544 -453.397
0.0037473544 -452.597
0.0037475544 -454.197
0.0037477544 -451.798
0.0037479544 -455.396
0.0037481544 -451.398
0.0037483544 -455.796
0.0037485544 -453.797
0.0037487544 -456.595
0.0037489544 -452.197
0.0037491544 -454.197
0.0037493544 -452.197
0.0037495544 -455.396
0.0037497544 -454.596
0.0037499544 -452.597
0.0037501544 -453.797
0.0037503544 -454.996
0.0037505544 -454.197
0.0037507544 -456.196
0.0037509544 -455.396
0.0037511544 -455.796
0.0037513544 -456.595
0.0037515544 -452.997
0.0037517544 -456.995
0.0037519544 -454.596
0.0037521544 -456.595
0.0037523544 -456.196
0.0037525544 -452.197
0.0037527544 -453.797
0.0037529544 -455.396
0.0037531544 -454.996
0.0037533544 -455.796
0.0037535544 -454.197
0.0037537544 -456.595
0.0037539544 -457.395
0.0037541544 -454.197
0.0037543544 -457.395
0.0037545544 -454.996
0.0037547544 -454.596
0.0037549544 -457.395
0.0037551544 -456.995
0.0037553544 -456.595
0.0037555544 -454.596
0.0037557544 -456.595
0.0037559544 -454.996
0.0037561544 -454.996
0.0037563544 -454.996
0.0037565544 -457.395
0.0037567544 -457.795
0.0037569544 -457.395
0.0037571544 -456.595
0.0037573544 -458.595
0.0037575544 -457.795
0.0037577544 -457.395
0.0037579544 -455.396
0.0037581544 -457.395
0.0037583544 -458.195
0.0037585544 -457.795
0.0037587544 -457.395
0.0037589544 -457.795
0.0037591544 -460.194
0.0037593544 -457.795
0.0037595544 -457.795
0.0037597544 -461.393
0.0037599544 -457.795
0.0037601544 -457.795
0.0037603544 -455.796
0.0037605544 -456.995
0.0037607544 -457.395
0.0037609544 -457.795
0.0037611544 -456.196
0.0037613544 -457.395
0.0037615544 -456.196
0.0037617544 -460.594
0.0037619544 -459.394
0.0037621544 -459.394
0.0037623544 -458.994
0.0037625544 -458.595
0.0037627544 -460.594
0.0037629544 -458.595
0.0037631544 -460.194
0.0037633544 -459.394
0.0037635544 -460.194
0.0037637544 -458.595
0.0037639544 -457.795
0.0037641544 -457.795
0.0037643544 -457.395
0.0037645544 -460.594
0.0037647544 -459.394
0.0037649544 -457.395
0.0037651544 -459.394
0.0037653544 -459.794
0.0037655544 -459.794
0.0037657544 -460.194
0.0037659544 -462.993
0.0037661544 -459.794
0.0037663544 -457.395
0.0037665544 -461.393
0.0037667544 -461.793
0.0037669544 -461.393
0.0037671544 -460.594
0.0037673544 -463.392
0.0037675544 -462.593
0.0037677544 -461.393
0.0037679544 -462.993
0.0037681544 -459.394
0.0037683544 -460.594
0.0037685544 -461.393
0.0037687544 -461.393
0.0037689544 -461.793
0.0037691544 -462.593
0.0037693544 -462.193
0.0037695544 -462.193
0.0037697544 -462.593
0.0037699544 -464.592
0.0037701544 -462.993
0.0037703544 -462.593
0.0037705544 -462.593
0.0037707544 -460.993
0.0037709544 -462.593
0.0037711544 -462.593
0.0037713544 -462.993
0.0037715544 -464.592
0.0037717544 -463.392
0.0037719544 -464.192
0.0037721544 -462.993
0.0037723544 -463.392
0.0037725544 -462.593
0.0037727544 -464.992
0.0037729544 -460.993
0.0037731544 -463.392
0.0037733544 -464.992
0.0037735544 -462.193
0.0037737544 -463.392
0.0037739544 -460.993
0.0037741544 -464.592
0.0037743544 -466.191
0.0037745544 -463.792
0.0037747544 -463.392
0.0037749544 -464.992
0.0037751544 -464.192
0.0037753544 -462.193
0.0037755544 -464.992
0.0037757544 -465.791
0.0037759544 -464.192
0.0037761544 -463.792
0.0037763544 -462.993
0.0037765544 -464.592
0.0037767544 -464.192
0.0037769544 -464.192
0.0037771544 -463.392
0.0037773544 -463.792
0.0037775544 -464.192
0.0037777544 -462.593
0.0037779544 -464.592
0.0037781544 -464.192
0.0037783544 -462.593
0.0037785544 -465.392
0.0037787544 -466.191
0.0037789544 -464.192
0.0037791544 -464.192
0.0037793544 -466.991
0.0037795544 -465.392
0.0037797544 -465.392
0.0037799544 -462.993
0.0037801544 -464.992
0.0037803544 -466.191
0.0037805544 -464.592
0.0037807544 -465.791
0.0037809544 -464.992
0.0037811544 -465.791
0.0037813544 -466.991
0.0037815544 -460.993
0.0037817544 -467.391
0.0037819544 -465.392
0.0037821544 -463.392
0.0037823544 -463.792
0.0037825544 -465.791
0.0037827544 -466.591
0.0037829544 -466.191
0.0037831544 -466.991
0.0037833544 -464.992
0.0037835544 -469.39
0.0037837544 -466.191
0.0037839544 -465.392
0.0037841544 -465.791
0.0037843544 -468.19
0.0037845544 -464.992
0.0037847544 -465.791
0.0037849544 -464.192
0.0037851544 -466.991
0.0037853544 -466.591
0.0037855544 -466.191
0.0037857544 -462.993
0.0037859544 -465.791
0.0037861544 -463.392
0.0037863544 -466.191
0.0037865544 -467.391
0.0037867544 -468.99
0.0037869544 -470.589
0.0037871544 -467.79
0.0037873544 -470.189
0.0037875544 -467.79
0.0037877544 -468.59
0.0037879544 -468.19
0.0037881544 -467.79
0.0037883544 -465.791
0.0037885544 -468.19
0.0037887544 -468.59
0.0037889544 -468.99
0.0037891544 -464.192
0.0037893544 -471.789
0.0037895544 -466.991
0.0037897544 -469.39
0.0037899544 -468.59
0.0037901544 -470.189
0.0037903544 -468.59
0.0037905544 -467.391
0.0037907544 -468.19
0.0037909544 -468.19
0.0037911544 -468.99
0.0037913544 -470.989
0.0037915544 -469.39
0.0037917544 -470.189
0.0037919544 -468.19
0.0037921544 -468.59
0.0037923544 -468.19
0.0037925544 -468.99
0.0037927544 -466.191
0.0037929544 -465.791
0.0037931544 -470.189
0.0037933544 -467.79
0.0037935544 -468.99
0.0037937544 -468.59
0.0037939544 -469.79
0.0037941544 -470.589
0.0037943544 -470.989
0.0037945544 -468.59
0.0037947544 -469.79
0.0037949544 -472.588
0.0037951544 -467.79
0.0037953544 -467.79
0.0037955544 -471.789
0.0037957544 -469.79
0.0037959544 -468.19
0.0037961544 -468.99
0.0037963544 -472.188
0.0037965544 -467.391
0.0037967544 -471.389
0.0037969544 -470.989
0.0037971544 -469.39
0.0037973544 -472.588
0.0037975544 -469.79
0.0037977544 -469.39
0.0037979544 -469.79
0.0037981544 -472.588
0.0037983544 -471.389
0.0037985544 -470.989
0.0037987544 -472.988
0.0037989544 -471.789
0.0037991544 -470.989
0.0037993544 -471.389
0.0037995544 -469.39
0.0037997544 -472.588
0.0037999544 -473.388
0.0038001544 -474.188
0.0038003544 -472.188
0.0038005544 -472.588
0.0038007544 -472.588
0.0038009544 -470.589
0.0038011544 -470.589
0.0038013544 -473.788
0.0038015544 -471.789
0.0038017544 -470.989
0.0038019544 -470.989
0.0038021544 -470.189
0.0038023544 -471.789
0.0038025544 -472.188
0.0038027544 -472.188
0.0038029544 -471.789
0.0038031544 -470.589
0.0038033544 -472.588
0.0038035544 -470.589
0.0038037544 -473.788
0.0038039544 -472.188
0.0038041544 -472.588
0.0038043544 -471.789
0.0038045544 -471.789
0.0038047544 -472.588
0.0038049544 -472.188
0.0038051544 -472.188
0.0038053544 -472.988
0.0038055544 -472.188
0.0038057544 -471.389
0.0038059544 -473.388
0.0038061544 -474.188
0.0038063544 -473.788
0.0038065544 -473.788
0.0038067544 -470.989
0.0038069544 -474.188
0.0038071544 -472.188
0.0038073544 -471.789
0.0038075544 -473.388
0.0038077544 -475.787
0.0038079544 -472.988
0.0038081544 -472.588
0.0038083544 -474.587
0.0038085544 -471.389
0.0038087544 -474.188
0.0038089544 -474.987
0.0038091544 -473.788
0.0038093544 -475.787
0.0038095544 -476.187
0.0038097544 -473.788
0.0038099544 -474.587
0.0038101544 -474.987
0.0038103544 -475.787
0.0038105544 -477.386
0.0038107544 -474.188
0.0038109544 -474.987
0.0038111544 -474.188
0.0038113544 -477.386
0.0038115544 -474.587
0.0038117544 -474.188
0.0038119544 -474.987
0.0038121544 -477.386
0.0038123544 -474.587
0.0038125544 -473.788
0.0038127544 -476.187
0.0038129544 -473.788
0.0038131544 -476.187
0.0038133544 -474.987
0.0038135544 -477.386
0.0038137544 -476.586
0.0038139544 -474.587
0.0038141544 -474.587
0.0038143544 -476.986
0.0038145544 -476.586
0.0038147544 -476.586
0.0038149544 -475.387
0.0038151544 -473.788
0.0038153544 -477.386
0.0038155544 -476.986
0.0038157544 -477.386
0.0038159544 -476.986
0.0038161544 -476.986
0.0038163544 -476.986
0.0038165544 -477.786
0.0038167544 -475.387
0.0038169544 -478.186
0.0038171544 -476.187
0.0038173544 -477.386
0.0038175544 -478.985
0.0038177544 -476.187
0.0038179544 -474.987
0.0038181544 -478.586
0.0038183544 -476.986
0.0038185544 -478.985
0.0038187544 -477.786
0.0038189544 -477.386
0.0038191544 -476.187
0.0038193544 -478.586
0.0038195544 -478.985
0.0038197544 -477.386
0.0038199544 -478.985
0.0038201544 -477.386
0.0038203544 -478.586
0.0038205544 -477.386
0.0038207544 -477.386
0.0038209544 -478.586
0.0038211544 -475.787
0.0038213544 -476.986
0.0038215544 -477.386
0.0038217544 -478.985
0.0038219544 -478.586
0.0038221544 -476.986
0.0038223544 -479.385
0.0038225544 -479.385
0.0038227544 -480.185
0.0038229544 -479.385
0.0038231544 -478.985
0.0038233544 -478.985
0.0038235544 -478.186
0.0038237544 -481.384
0.0038239544 -478.186
0.0038241544 -484.183
0.0038243544 -478.586
0.0038245544 -480.985
0.0038247544 -478.186
0.0038249544 -480.585
0.0038251544 -479.385
0.0038253544 -479.785
0.0038255544 -479.385
0.0038257544 -478.985
0.0038259544 -479.785
0.0038261544 -480.985
0.0038263544 -478.985
0.0038265544 -481.384
0.0038267544 -482.984
0.0038269544 -481.384
0.0038271544 -480.585
0.0038273544 -478.985
0.0038275544 -482.184
0.0038277544 -480.585
0.0038279544 -480.985
0.0038281544 -480.585
0.0038283544 -481.784
0.0038285544 -482.184
0.0038287544 -483.783
0.0038289544 -480.585
0.0038291544 -482.984
0.0038293544 -481.384
0.0038295544 -482.584
0.0038297544 -480.985
0.0038299544 -480.985
0.0038301544 -482.184
0.0038303544 -481.784
0.0038305544 -482.584
0.0038307544 -483.783
0.0038309544 -484.183
0.0038311544 -480.585
0.0038313544 -482.584
0.0038315544 -480.985
0.0038317544 -483.383
0.0038319544 -484.583
0.0038321544 -483.383
0.0038323544 -481.384
0.0038325544 -483.383
0.0038327544 -484.183
0.0038329544 -482.984
0.0038331544 -484.583
0.0038333544 -481.784
0.0038335544 -482.184
0.0038337544 -483.383
0.0038339544 -482.184
0.0038341544 -486.182
0.0038343544 -482.584
0.0038345544 -483.383
0.0038347544 -483.383
0.0038349544 -481.384
0.0038351544 -482.984
0.0038353544 -482.584
0.0038355544 -486.182
0.0038357544 -484.583
0.0038359544 -484.183
0.0038361544 -482.584
0.0038363544 -483.783
0.0038365544 -482.184
0.0038367544 -483.383
0.0038369544 -480.985
0.0038371544 -483.783
0.0038373544 -484.183
0.0038375544 -484.983
0.0038377544 -483.783
0.0038379544 -482.584
0.0038381544 -483.783
0.0038383544 -482.184
0.0038385544 -480.585
0.0038387544 -484.183
0.0038389544 -484.583
0.0038391544 -484.983
0.0038393544 -482.984
0.0038395544 -485.782
0.0038397544 -483.383
0.0038399544 -484.583
0.0038401544 -481.384
0.0038403544 -480.585
0.0038405544 -484.983
0.0038407544 -484.183
0.0038409544 -488.181
0.0038411544 -484.583
0.0038413544 -484.983
0.0038415544 -483.383
0.0038417544 -484.983
0.0038419544 -485.383
0.0038421544 -486.182
0.0038423544 -485.383
0.0038425544 -484.983
0.0038427544 -480.185
0.0038429544 -482.584
0.0038431544 -486.182
0.0038433544 -484.983
0.0038435544 -484.983
0.0038437544 -485.383
0.0038439544 -486.182
0.0038441544 -484.983
0.0038443544 -484.583
0.0038445544 -483.383
0.0038447544 -483.383
0.0038449544 -486.582
0.0038451544 -485.383
0.0038453544 -483.383
0.0038455544 -484.983
0.0038457544 -486.182
0.0038459544 -484.983
0.0038461544 -482.184
0.0038463544 -486.982
0.0038465544 -486.182
0.0038467544 -485.782
0.0038469544 -485.383
0.0038471544 -486.982
0.0038473544 -484.583
0.0038475544 -486.982
0.0038477544 -484.183
0.0038479544 -483.383
0.0038481544 -484.183
0.0038483544 -484.183
0.0038485544 -486.182
0.0038487544 -484.183
0.0038489544 -482.984
0.0038491544 -485.383
0.0038493544 -486.982
0.0038495544 -485.782
0.0038497544 -484.183
0.0038499544 -486.582
0.0038501544 -483.383
0.0038503544 -485.383
0.0038505544 -487.781
0.0038507544 -485.782
0.0038509544 -486.982
0.0038511544 -485.383
0.0038513544 -486.182
0.0038515544 -483.783
0.0038517544 -487.382
0.0038519544 -486.182
0.0038521544 -486.582
0.0038523544 -487.781
0.0038525544 -489.381
0.0038527544 -484.983
0.0038529544 -485.782
0.0038531544 -486.582
0.0038533544 -487.781
0.0038535544 -486.182
0.0038537544 -488.181
0.0038539544 -483.383
0.0038541544 -482.984
0.0038543544 -487.781
0.0038545544 -486.182
0.0038547544 -485.782
0.0038549544 -487.382
0.0038551544 -483.383
0.0038553544 -487.382
0.0038555544 -485.383
0.0038557544 -487.382
0.0038559544 -486.582
0.0038561544 -488.181
0.0038563544 -487.781
0.0038565544 -488.181
0.0038567544 -487.781
0.0038569544 -484.583
0.0038571544 -488.181
0.0038573544 -486.982
0.0038575544 -488.181
0.0038577544 -488.181
0.0038579544 -487.781
0.0038581544 -486.982
0.0038583544 -485.383
0.0038585544 -484.983
0.0038587544 -486.182
0.0038589544 -487.781
0.0038591544 -486.182
0.0038593544 -488.581
0.0038595544 -488.181
0.0038597544 -487.781
0.0038599544 -488.581
0.0038601544 -485.383
0.0038603544 -487.781
0.0038605544 -485.383
0.0038607544 -487.781
0.0038609544 -486.582
0.0038611544 -489.381
0.0038613544 -487.781
0.0038615544 -488.981
0.0038617544 -487.781
0.0038619544 -487.382
0.0038621544 -488.981
0.0038623544 -485.782
0.0038625544 -487.382
0.0038627544 -486.982
0.0038629544 -490.18
0.0038631544 -486.982
0.0038633544 -483.783
0.0038635544 -487.781
0.0038637544 -487.781
0.0038639544 -488.181
0.0038641544 -485.782
0.0038643544 -485.383
0.0038645544 -485.383
0.0038647544 -484.983
0.0038649544 -487.382
0.0038651544 -489.781
0.0038653544 -486.982
0.0038655544 -487.382
0.0038657544 -488.581
0.0038659544 -489.781
0.0038661544 -487.781
0.0038663544 -488.181
0.0038665544 -487.781
0.0038667544 -486.982
0.0038669544 -489.381
0.0038671544 -488.181
0.0038673544 -489.381
0.0038675544 -486.582
0.0038677544 -490.18
0.0038679544 -485.782
0.0038681544 -485.782
0.0038683544 -490.18
0.0038685544 -488.981
0.0038687544 -486.182
0.0038689544 -487.781
0.0038691544 -490.18
0.0038693544 -486.182
0.0038695544 -488.981
0.0038697544 -488.181
0.0038699544 -488.981
0.0038701544 -487.382
0.0038703544 -489.381
0.0038705544 -489.381
0.0038707544 -488.581
0.0038709544 -489.381
0.0038711544 -489.381
0.0038713544 -489.381
0.0038715544 -487.781
0.0038717544 -488.581
0.0038719544 -489.381
0.0038721544 -490.58
0.0038723544 -488.581
0.0038725544 -487.781
0.0038727544 -489.781
0.0038729544 -488.181
0.0038731544 -487.382
0.0038733544 -488.981
0.0038735544 -488.981
0.0038737544 -486.982
0.0038739544 -489.381
0.0038741544 -490.58
0.0038743544 -490.98
0.0038745544 -487.382
0.0038747544 -490.18
0.0038749544 -491.38
0.0038751544 -490.18
0.0038753544 -490.58
0.0038755544 -488.181
0.0038757544 -488.181
0.0038759544 -492.579
0.0038761544 -491.38
0.0038763544 -486.182
0.0038765544 -488.181
0.0038767544 -492.579
0.0038769544 -490.18
0.0038771544 -491.38
0.0038773544 -488.181
0.0038775544 -488.181
0.0038777544 -489.781
0.0038779544 -490.18
0.0038781544 -488.981
0.0038783544 -491.78
0.0038785544 -490.58
0.0038787544 -493.379
0.0038789544 -490.98
0.0038791544 -489.781
0.0038793544 -491.38
0.0038795544 -488.181
0.0038797544 -490.98
0.0038799544 -487.781
0.0038801544 -490.18
0.0038803544 -490.18
0.0038805544 -492.18
0.0038807544 -491.38
0.0038809544 -489.781
0.0038811544 -489.381
0.0038813544 -491.78
0.0038815544 -490.98
0.0038817544 -490.98
0.0038819544 -490.98
0.0038821544 -489.781
0.0038823544 -488.581
0.0038825544 -490.18
0.0038827544 -492.579
0.0038829544 -490.58
0.0038831544 -489.381
0.0038833544 -489.781
0.0038835544 -491.38
0.0038837544 -492.18
0.0038839544 -493.379
0.0038841544 -489.781
0.0038843544 -491.38
0.0038845544 -490.98
0.0038847544 -489.781
0.0038849544 -490.18
0.0038851544 -490.98
0.0038853544 -490.18
0.0038855544 -491.78
0.0038857544 -490.58
0.0038859544 -491.38
0.0038861544 -492.579
0.0038863544 -489.781
0.0038865544 -492.18
0.0038867544 -493.379
0.0038869544 -492.979
0.0038871544 -491.38
0.0038873544 -491.78
0.0038875544 -490.58
0.0038877544 -491.38
0.0038879544 -491.78
0.0038881544 -490.18
0.0038883544 -493.379
0.0038885544 -494.578
0.0038887544 -491.78
0.0038889544 -490.58
0.0038891544 -490.98
0.0038893544 -493.379
0.0038895544 -490.98
0.0038897544 -494.978
0.0038899544 -495.378
0.0038901544 -490.98
0.0038903544 -491.78
0.0038905544 -492.979
0.0038907544 -490.58
0.0038909544 -491.38
0.0038911544 -492.18
0.0038913544 -492.979
0.0038915544 -492.579
0.0038917544 -493.379
0.0038919544 -490.58
0.0038921544 -491.78
0.0038923544 -491.38
0.0038925544 -491.78
0.0038927544 -494.978
0.0038929544 -492.979
0.0038931544 -491.78
0.0038933544 -491.38
0.0038935544 -492.579
0.0038937544 -489.781
0.0038939544 -492.979
0.0038941544 -490.58
0.0038943544 -492.579
0.0038945544 -490.98
0.0038947544 -491.78
0.0038949544 -493.779
0.0038951544 -491.38
0.0038953544 -492.18
0.0038955544 -493.379
0.0038957544 -490.98
0.0038959544 -492.18
0.0038961544 -491.78
0.0038963544 -493.379
0.0038965544 -490.58
0.0038967544 -491.38
0.0038969544 -494.179
0.0038971544 -493.779
0.0038973544 -492.18
0.0038975544 -494.978
0.0038977544 -494.578
0.0038979544 -492.979
0.0038981544 -490.18
0.0038983544 -492.579
0.0038985544 -491.78
0.0038987544 -492.579
0.0038989544 -493.379
0.0038991544 -492.18
0.0038993544 -494.179
0.0038995544 -491.78
0.0038997544 -493.779
0.0038999544 -491.78
0.0039001544 -490.98
0.0039003544 -491.78
0.0039005544 -490.18
0.0039007544 -492.979
0.0039009544 -494.578
0.0039011544 -492.979
0.0039013544 -495.378
0.0039015544 -493.779
0.0039017544 -491.38
0.0039019544 -492.979
0.0039021544 -494.578
0.0039023544 -490.98
0.0039025544 -496.578
0.0039027544 -489.381
0.0039029544 -493.779
0.0039031544 -494.179
0.0039033544 -489.781
0.0039035544 -492.979
0.0039037544 -492.18
0.0039039544 -493.379
0.0039041544 -493.779
0.0039043544 -492.979
0.0039045544 -492.579
0.0039047544 -492.979
0.0039049544 -491.38
0.0039051544 -492.579
0.0039053544 -490.18
0.0039055544 -490.18
0.0039057544 -493.779
0.0039059544 -492.18
0.0039061544 -495.778
0.0039063544 -489.381
0.0039065544 -492.979
0.0039067544 -493.379
0.0039069544 -492.979
0.0039071544 -492.979
0.0039073544 -493.379
0.0039075544 -491.38
0.0039077544 -494.578
0.0039079544 -492.979
0.0039081544 -490.98
0.0039083544 -493.779
0.0039085544 -492.979
0.0039087544 -493.379
0.0039089544 -493.779
0.0039091544 -491.38
0.0039093544 -489.781
0.0039095544 -493.779
0.0039097544 -493.379
0.0039099544 -494.179
0.0039101544 -494.978
0.0039103544 -491.38
0.0039105544 -492.579
0.0039107544 -492.979
0.0039109544 -492.579
0.0039111544 -492.18
0.0039113544 -496.178
0.0039115544 -493.379
0.0039117544 -496.977
0.0039119544 -494.578
0.0039121544 -494.578
0.0039123544 -493.379
0.0039125544 -493.779
0.0039127544 -493.379
0.0039129544 -493.779
0.0039131544 -496.578
0.0039133544 -492.579
0.0039135544 -492.979
0.0039137544 -493.779
0.0039139544 -494.578
0.0039141544 -493.779
0.0039143544 -496.977
0.0039145544 -492.979
0.0039147544 -495.778
0.0039149544 -496.178
0.0039151544 -494.978
0.0039153544 -496.578
0.0039155544 -493.779
0.0039157544 -495.778
0.0039159544 -493.779
0.0039161544 -493.779
0.0039163544 -495.778
0.0039165544 -493.379
0.0039167544 -494.578
0.0039169544 -495.778
0.0039171544 -496.178
0.0039173544 -492.579
0.0039175544 -497.777
0.0039177544 -495.378
0.0039179544 -496.977
0.0039181544 -493.379
0.0039183544 -494.179
0.0039185544 -496.178
0.0039187544 -494.578
0.0039189544 -496.578
0.0039191544 -494.978
0.0039193544 -497.377
0.0039195544 -494.578
0.0039197544 -496.578
0.0039199544 -492.579
0.0039201544 -496.578
0.0039203544 -495.378
0.0039205544 -496.578
0.0039207544 -494.978
0.0039209544 -494.978
0.0039211544 -495.778
0.0039213544 -494.179
0.0039215544 -495.778
0.0039217544 -496.178
0.0039219544 -493.779
0.0039221544 -496.178
0.0039223544 -496.977
0.0039225544 -492.579
0.0039227544 -495.778
0.0039229544 -494.179
0.0039231544 -496.977
0.0039233544 -496.578
0.0039235544 -494.179
0.0039237544 -494.978
0.0039239544 -495.378
0.0039241544 -496.977
0.0039243544 -496.578
0.0039245544 -495.378
0.0039247544 -494.578
0.0039249544 -497.377
0.0039251544 -492.979
0.0039253544 -494.578
0.0039255544 -494.978
0.0039257544 -496.178
0.0039259544 -495.378
0.0039261544 -494.978
0.0039263544 -496.178
0.0039265544 -499.776
0.0039267544 -496.977
0.0039269544 -496.977
0.0039271544 -495.378
0.0039273544 -493.779
0.0039275544 -494.978
0.0039277544 -493.379
0.0039279544 -497.377
0.0039281544 -498.177
0.0039283544 -495.778
0.0039285544 -498.577
0.0039287544 -497.377
0.0039289544 -494.978
0.0039291544 -494.978
0.0039293544 -496.977
0.0039295544 -497.777
0.0039297544 -495.378
0.0039299544 -499.776
0.0039301544 -494.978
0.0039303544 -497.377
0.0039305544 -494.578
0.0039307544 -494.978
0.0039309544 -492.579
0.0039311544 -496.578
0.0039313544 -496.977
0.0039315544 -493.379
0.0039317544 -494.179
0.0039319544 -494.179
0.0039321544 -495.778
0.0039323544 -496.578
0.0039325544 -497.377
0.0039327544 -496.178
0.0039329544 -494.578
0.0039331544 -493.779
0.0039333544 -494.978
0.0039335544 -497.377
0.0039337544 -494.578
0.0039339544 -494.978
0.0039341544 -493.779
0.0039343544 -494.978
0.0039345544 -497.377
0.0039347544 -495.378
0.0039349544 -498.976
0.0039351544 -492.579
0.0039353544 -494.978
0.0039355544 -495.778
0.0039357544 -497.377
0.0039359544 -499.776
0.0039361544 -496.178
0.0039363544 -493.379
0.0039365544 -495.778
0.0039367544 -493.779
0.0039369544 -493.379
0.0039371544 -496.578
0.0039373544 -494.179
0.0039375544 -497.777
0.0039377544 -494.578
0.0039379544 -494.978
0.0039381544 -495.378
0.0039383544 -494.978
0.0039385544 -492.979
0.0039387544 -494.179
0.0039389544 -494.578
0.0039391544 -495.778
0.0039393544 -494.978
0.0039395544 -494.578
0.0039397544 -495.778
0.0039399544 -496.178
0.0039401544 -493.379
0.0039403544 -494.978
0.0039405544 -494.978
0.0039407544 -498.177
0.0039409544 -496.977
0.0039411544 -495.378
0.0039413544 -495.778
0.0039415544 -496.578
0.0039417544 -496.578
0.0039419544 -498.577
0.0039421544 -496.178
0.0039423544 -494.578
0.0039425544 -494.179
0.0039427544 -495.378
0.0039429544 -494.978
0.0039431544 -493.379
0.0039433544 -494.578
0.0039435544 -494.578
0.0039437544 -493.379
0.0039439544 -496.578
0.0039441544 -496.178
0.0039443544 -491.78
0.0039445544 -496.178
0.0039447544 -496.977
0.0039449544 -493.379
0.0039451544 -495.778
0.0039453544 -496.977
0.0039455544 -494.179
0.0039457544 -492.979
0.0039459544 -497.377
0.0039461544 -494.978
0.0039463544 -493.379
0.0039465544 -492.979
0.0039467544 -495.778
0.0039469544 -493.379
0.0039471544 -492.579
0.0039473544 -496.178
0.0039475544 -494.978
0.0039477544 -496.977
0.0039479544 -494.978
0.0039481544 -496.178
0.0039483544 -492.18
0.0039485544 -495.778
0.0039487544 -494.978
0.0039489544 -492.979
0.0039491544 -492.979
0.0039493544 -496.977
0.0039495544 -494.978
0.0039497544 -491.78
0.0039499544 -494.179
0.0039501544 -494.179
0.0039503544 -492.979
0.0039505544 -494.179
0.0039507544 -492.579
0.0039509544 -493.379
0.0039511544 -494.978
0.0039513544 -494.179
0.0039515544 -492.579
0.0039517544 -495.778
0.0039519544 -494.578
0.0039521544 -498.577
0.0039523544 -495.378
0.0039525544 -495.378
0.0039527544 -494.179
0.0039529544 -494.179
0.0039531544 -492.979
0.0039533544 -494.978
0.0039535544 -494.978
0.0039537544 -496.977
0.0039539544 -494.578
0.0039541544 -492.18
0.0039543544 -494.179
0.0039545544 -493.379
0.0039547544 -495.778
0.0039549544 -496.178
0.0039551544 -492.18
0.0039553544 -490.98
0.0039555544 -493.779
0.0039557544 -496.977
0.0039559544 -496.178
0.0039561544 -494.978
0.0039563544 -495.378
0.0039565544 -493.379
0.0039567544 -495.778
0.0039569544 -496.578
0.0039571544 -492.979
0.0039573544 -494.978
0.0039575544 -496.578
0.0039577544 -496.578
0.0039579544 -493.379
0.0039581544 -498.177
0.0039583544 -496.977
0.0039585544 -496.977
0.0039587544 -498.577
0.0039589544 -495.378
0.0039591544 -497.777
0.0039593544 -495.778
0.0039595544 -495.378
0.0039597544 -496.977
0.0039599544 -494.578
0.0039601544 -493.379
0.0039603544 -496.977
0.0039605544 -496.178
0.0039607544 -494.578
0.0039609544 -498.177
0.0039611544 -496.578
0.0039613544 -495.778
0.0039615544 -495.378
0.0039617544 -496.578
0.0039619544 -493.379
0.0039621544 -494.978
0.0039623544 -496.178
0.0039625544 -495.378
0.0039627544 -495.778
0.0039629544 -493.779
0.0039631544 -498.177
0.0039633544 -496.977
0.0039635544 -493.779
0.0039637544 -497.777
0.0039639544 -496.578
0.0039641544 -499.776
0.0039643544 -498.976
0.0039645544 -496.578
0.0039647544 -496.578
0.0039649544 -497.777
0.0039651544 -496.578
0.0039653544 -496.977
0.0039655544 -496.178
0.0039657544 -494.978
0.0039659544 -496.178
0.0039661544 -496.977
0.0039663544 -496.977
0.0039665544 -494.978
0.0039667544 -498.577
0.0039669544 -496.578
0.0039671544 -496.977
0.0039673544 -498.177
0.0039675544 -497.777
0.0039677544 -498.577
0.0039679544 -495.378
0.0039681544 -497.377
0.0039683544 -496.178
0.0039685544 -496.178
0.0039687544 -495.778
0.0039689544 -496.578
0.0039691544 -496.578
0.0039693544 -497.777
0.0039695544 -496.178
0.0039697544 -497.377
0.0039699544 -498.177
0.0039701544 -498.177
0.0039703544 -494.578
0.0039705544 -496.178
0.0039707544 -499.376
0.0039709544 -497.777
0.0039711544 -498.177
0.0039713544 -500.576
0.0039715544 -498.577
0.0039717544 -497.777
0.0039719544 -496.578
0.0039721544 -494.978
0.0039723544 -494.978
0.0039725544 -498.177
0.0039727544 -494.978
0.0039729544 -496.977
0.0039731544 -498.577
0.0039733544 -495.378
0.0039735544 -496.578
0.0039737544 -497.777
0.0039739544 -499.376
0.0039741544 -495.378
0.0039743544 -495.778
0.0039745544 -496.178
0.0039747544 -498.177
0.0039749544 -498.976
0.0039751544 -495.778
0.0039753544 -496.977
0.0039755544 -496.178
0.0039757544 -498.577
0.0039759544 -495.778
0.0039761544 -498.177
0.0039763544 -496.977
0.0039765544 -498.577
0.0039767544 -498.577
0.0039769544 -499.376
0.0039771544 -500.176
0.0039773544 -496.977
0.0039775544 -499.776
0.0039777544 -498.976
0.0039779544 -497.777
0.0039781544 -498.976
0.0039783544 -496.977
0.0039785544 -501.375
0.0039787544 -498.577
0.0039789544 -500.176
0.0039791544 -500.176
0.0039793544 -500.576
0.0039795544 -498.976
0.0039797544 -500.176
0.0039799544 -497.377
0.0039801544 -499.376
0.0039803544 -500.176
0.0039805544 -500.176
0.0039807544 -498.577
0.0039809544 -501.375
0.0039811544 -500.176
0.0039813544 -499.376
0.0039815544 -496.578
0.0039817544 -500.176
0.0039819544 -496.178
0.0039821544 -500.176
0.0039823544 -496.178
0.0039825544 -497.777
0.0039827544 -498.177
0.0039829544 -500.176
0.0039831544 -500.576
0.0039833544 -500.576
0.0039835544 -498.577
0.0039837544 -499.376
0.0039839544 -498.177
0.0039841544 -498.976
0.0039843544 -496.578
0.0039845544 -496.578
0.0039847544 -499.376
0.0039849544 -499.776
0.0039851544 -498.177
0.0039853544 -498.976
0.0039855544 -499.376
0.0039857544 -501.375
0.0039859544 -497.777
0.0039861544 -498.577
0.0039863544 -496.977
0.0039865544 -500.176
0.0039867544 -499.376
0.0039869544 -498.577
0.0039871544 -499.376
0.0039873544 -499.376
0.0039875544 -497.377
0.0039877544 -499.776
0.0039879544 -499.776
0.0039881544 -500.176
0.0039883544 -499.776
0.0039885544 -497.777
0.0039887544 -501.775
0.0039889544 -497.777
0.0039891544 -497.777
0.0039893544 -499.376
0.0039895544 -500.576
0.0039897544 -498.976
0.0039899544 -498.976
0.0039901544 -500.176
0.0039903544 -497.777
0.0039905544 -497.777
0.0039907544 -498.577
0.0039909544 -497.777
0.0039911544 -496.977
0.0039913544 -498.177
0.0039915544 -498.177
0.0039917544 -499.376
0.0039919544 -496.178
0.0039921544 -494.978
0.0039923544 -498.177
0.0039925544 -499.776
0.0039927544 -496.578
0.0039929544 -496.977
0.0039931544 -500.176
0.0039933544 -497.377
0.0039935544 -499.376
0.0039937544 -496.977
0.0039939544 -497.377
0.0039941544 -498.976
0.0039943544 -496.977
0.0039945544 -498.577
0.0039947544 -499.776
0.0039949544 -498.177
0.0039951544 -496.178
0.0039953544 -498.577
0.0039955544 -496.977
0.0039957544 -500.976
0.0039959544 -496.578
0.0039961544 -496.578
0.0039963544 -500.576
0.0039965544 -499.776
0.0039967544 -497.777
0.0039969544 -498.976
0.0039971544 -496.977
0.0039973544 -496.578
0.0039975544 -498.976
0.0039977544 -500.176
0.0039979544 -496.977
0.0039981544 -500.176
0.0039983544 -497.777
0.0039985544 -501.775
0.0039987544 -498.177
0.0039989544 -499.376
0.0039991544 -499.776
0.0039993544 -498.177
0.0039995544 -498.976
0.0039997544 -498.976
0.0039999544 -500.176
0.0040001544 -498.976
0.0040003544 -497.377
0.0040005544 -498.976
0.0040007544 -499.376
0.0040009544 -498.177
0.0040011544 -500.576
0.0040013544 -499.376
0.0040015544 -500.176
0.0040017544 -500.576
0.0040019544 -498.577
0.0040021544 -497.777
0.0040023544 -500.176
0.0040025544 -499.776
0.0040027544 -501.375
0.0040029544 -501.375
0.0040031544 -499.376
0.0040033544 -496.977
0.0040035544 -498.976
0.0040037544 -501.775
0.0040039544 -499.376
0.0040041544 -497.377
0.0040043544 -502.575
0.0040045544 -498.177
0.0040047544 -497.777
0.0040049544 -498.177
0.0040051544 -500.576
0.0040053544 -496.178
0.0040055544 -497.377
0.0040057544 -499.776
0.0040059544 -497.777
0.0040061544 -498.177
0.0040063544 -499.776
0.0040065544 -498.577
0.0040067544 -500.976
0.0040069544 -499.776
0.0040071544 -497.377
0.0040073544 -501.775
0.0040075544 -496.578
0.0040077544 -498.177
0.0040079544 -500.576
0.0040081544 -499.376
0.0040083544 -500.576
0.0040085544 -499.776
0.0040087544 -501.375
0.0040089544 -498.177
0.0040091544 -498.177
0.0040093544 -500.176
0.0040095544 -499.376
0.0040097544 -500.576
0.0040099544 -500.976
0.0040101544 -498.177
0.0040103544 -499.376
0.0040105544 -499.776
0.0040107544 -498.177
0.0040109544 -500.176
0.0040111544 -499.776
0.0040113544 -499.376
0.0040115544 -500.176
0.0040117544 -500.576
0.0040119544 -497.377
0.0040121544 -500.976
0.0040123544 -499.776
0.0040125544 -499.776
0.0040127544 -497.377
0.0040129544 -499.776
0.0040131544 -499.776
0.0040133544 -499.776
0.0040135544 -500.176
0.0040137544 -500.976
0.0040139544 -499.776
0.0040141544 -500.976
0.0040143544 -500.176
0.0040145544 -498.976
0.0040147544 -501.375
0.0040149544 -501.775
0.0040151544 -501.775
0.0040153544 -501.375
0.0040155544 -501.375
0.0040157544 -503.774
0.0040159544 -500.976
0.0040161544 -500.576
0.0040163544 -501.375
0.0040165544 -500.576
0.0040167544 -501.375
0.0040169544 -501.375
0.0040171544 -499.776
0.0040173544 -502.575
0.0040175544 -499.776
0.0040177544 -500.176
0.0040179544 -498.577
0.0040181544 -501.375
0.0040183544 -501.375
0.0040185544 -500.576
0.0040187544 -500.976
0.0040189544 -499.776
0.0040191544 -499.376
0.0040193544 -502.175
0.0040195544 -498.976
0.0040197544 -500.976
0.0040199544 -502.175
0.0040201544 -500.576
0.0040203544 -499.376
0.0040205544 -500.176
0.0040207544 -501.775
0.0040209544 -500.976
0.0040211544 -503.774
0.0040213544 -502.975
0.0040215544 -499.376
0.0040217544 -502.975
0.0040219544 -500.976
0.0040221544 -501.775
0.0040223544 -503.774
0.0040225544 -502.575
0.0040227544 -499.776
0.0040229544 -503.374
0.0040231544 -503.774
0.0040233544 -499.376
0.0040235544 -500.976
0.0040237544 -502.575
0.0040239544 -500.976
0.0040241544 -501.375
0.0040243544 -501.375
0.0040245544 -501.775
0.0040247544 -501.775
0.0040249544 -502.975
0.0040251544 -500.176
0.0040253544 -500.576
0.0040255544 -500.176
0.0040257544 -498.976
0.0040259544 -501.375
0.0040261544 -503.374
0.0040263544 -502.975
0.0040265544 -501.375
0.0040267544 -501.775
0.0040269544 -500.576
0.0040271544 -501.775
0.0040273544 -504.174
0.0040275544 -502.975
0.0040277544 -500.976
0.0040279544 -501.375
0.0040281544 -499.376
0.0040283544 -503.374
0.0040285544 -502.175
0.0040287544 -500.576
0.0040289544 -502.575
0.0040291544 -502.575
0.0040293544 -503.374
0.0040295544 -500.976
0.0040297544 -500.176
0.0040299544 -501.375
0.0040301544 -502.175
0.0040303544 -502.975
0.0040305544 -500.576
0.0040307544 -502.975
0.0040309544 -501.775
0.0040311544 -500.576
0.0040313544 -500.976
0.0040315544 -503.774
0.0040317544 -502.175
0.0040319544 -500.576
0.0040321544 -501.775
0.0040323544 -502.575
0.0040325544 -502.975
0.0040327544 -501.375
0.0040329544 -501.375
0.0040331544 -501.375
0.0040333544 -500.576
0.0040335544 -500.976
0.0040337544 -502.975
0.0040339544 -502.175
0.0040341544 -502.575
0.0040343544 -502.975
0.0040345544 -504.974
0.0040347544 -500.976
0.0040349544 -502.575
0.0040351544 -502.575
0.0040353544 -502.975
0.0040355544 -501.375
0.0040357544 -505.374
0.0040359544 -500.976
0.0040361544 -504.574
0.0040363544 -506.173
0.0040365544 -498.976
0.0040367544 -504.574
0.0040369544 -502.175
0.0040371544 -501.375
0.0040373544 -502.975
0.0040375544 -502.575
0.0040377544 -502.575
0.0040379544 -500.976
0.0040381544 -502.575
0.0040383544 -503.774
0.0040385544 -502.175
0.0040387544 -502.175
0.0040389544 -502.575
0.0040391544 -503.774
0.0040393544 -503.374
0.0040395544 -503.374
0.0040397544 -499.776
0.0040399544 -499.776
0.0040401544 -500.976
0.0040403544 -502.975
0.0040405544 -503.774
0.0040407544 -504.574
0.0040409544 -502.975
0.0040411544 -501.775
0.0040413544 -504.174
0.0040415544 -502.975
0.0040417544 -505.773
0.0040419544 -505.374
0.0040421544 -501.775
0.0040423544 -501.375
0.0040425544 -502.975
0.0040427544 -502.575
0.0040429544 -503.374
0.0040431544 -501.775
0.0040433544 -503.774
0.0040435544 -501.375
0.0040437544 -502.175
0.0040439544 -504.174
0.0040441544 -502.575
0.0040443544 -504.974
0.0040445544 -503.774
0.0040447544 -502.575
0.0040449544 -503.774
0.0040451544 -505.374
0.0040453544 -504.174
0.0040455544 -502.575
0.0040457544 -503.374
0.0040459544 -501.775
0.0040461544 -503.374
0.0040463544 -502.975
0.0040465544 -504.574
0.0040467544 -505.374
0.0040469544 -503.374
0.0040471544 -502.575
0.0040473544 -502.575
0.0040475544 -504.574
0.0040477544 -506.973
0.0040479544 -501.775
0.0040481544 -501.775
0.0040483544 -501.375
0.0040485544 -504.174
0.0040487544 -504.174
0.0040489544 -503.774
0.0040491544 -500.176
0.0040493544 -503.374
0.0040495544 -502.175
0.0040497544 -504.174
0.0040499544 -503.374
0.0040501544 -503.774
0.0040503544 -502.975
0.0040505544 -504.574
0.0040507544 -502.975
0.0040509544 -502.175
0.0040511544 -505.773
0.0040513544 -502.575
0.0040515544 -504.574
0.0040517544 -504.574
0.0040519544 -503.774
0.0040521544 -506.573
0.0040523544 -504.174
0.0040525544 -503.774
0.0040527544 -505.374
0.0040529544 -501.775
0.0040531544 -503.774
0.0040533544 -505.773
0.0040535544 -502.575
0.0040537544 -504.974
0.0040539544 -503.374
0.0040541544 -502.175
0.0040543544 -505.374
0.0040545544 -505.773
0.0040547544 -505.773
0.0040549544 -504.174
0.0040551544 -502.975
0.0040553544 -501.375
0.0040555544 -506.173
0.0040557544 -503.774
0.0040559544 -502.975
0.0040561544 -501.775
0.0040563544 -505.773
0.0040565544 -504.174
0.0040567544 -505.374
0.0040569544 -504.574
0.0040571544 -505.773
0.0040573544 -505.374
0.0040575544 -502.575
0.0040577544 -503.374
0.0040579544 -508.572
0.0040581544 -504.574
0.0040583544 -502.975
0.0040585544 -502.975
0.0040587544 -504.974
0.0040589544 -501.775
0.0040591544 -504.174
0.0040593544 -503.374
0.0040595544 -504.574
0.0040597544 -506.973
0.0040599544 -505.773
0.0040601544 -506.573
0.0040603544 -502.975
0.0040605544 -504.174
0.0040607544 -505.773
0.0040609544 -502.575
0.0040611544 -504.574
0.0040613544 -503.774
0.0040615544 -502.175
0.0040617544 -504.174
0.0040619544 -504.974
0.0040621544 -504.574
0.0040623544 -502.975
0.0040625544 -506.573
0.0040627544 -506.173
0.0040629544 -502.575
0.0040631544 -505.773
0.0040633544 -506.173
0.0040635544 -504.974
0.0040637544 -505.374
0.0040639544 -505.374
0.0040641544 -503.374
0.0040643544 -503.774
0.0040645544 -503.774
0.0040647544 -504.974
0.0040649544 -503.774
0.0040651544 -501.375
0.0040653544 -504.574
0.0040655544 -505.374
0.0040657544 -503.774
0.0040659544 -504.574
0.0040661544 -502.975
0.0040663544 -504.174
0.0040665544 -504.174
0.0040667544 -504.574
0.0040669544 -502.975
0.0040671544 -505.773
0.0040673544 -505.773
0.0040675544 -503.774
0.0040677544 -504.574
0.0040679544 -502.575
0.0040681544 -504.574
0.0040683544 -505.773
0.0040685544 -506.173
0.0040687544 -504.974
0.0040689544 -504.974
0.0040691544 -503.774
0.0040693544 -503.774
0.0040695544 -502.975
0.0040697544 -502.975
0.0040699544 -505.374
0.0040701544 -504.174
0.0040703544 -506.173
0.0040705544 -505.773
0.0040707544 -505.374
0.0040709544 -503.374
0.0040711544 -502.975
0.0040713544 -506.573
0.0040715544 -506.173
0.0040717544 -504.974
0.0040719544 -505.773
0.0040721544 -504.574
0.0040723544 -504.974
0.0040725544 -506.173
0.0040727544 -506.973
0.0040729544 -504.574
0.0040731544 -506.573
0.0040733544 -506.973
0.0040735544 -507.373
0.0040737544 -505.773
0.0040739544 -504.174
0.0040741544 -504.574
0.0040743544 -504.574
0.0040745544 -506.173
0.0040747544 -505.773
0.0040749544 -504.974
0.0040751544 -507.773
0.0040753544 -505.773
0.0040755544 -503.774
0.0040757544 -505.773
0.0040759544 -504.574
0.0040761544 -509.372
0.0040763544 -506.173
0.0040765544 -506.173
0.0040767544 -505.374
0.0040769544 -506.173
0.0040771544 -506.573
0.0040773544 -504.174
0.0040775544 -504.174
0.0040777544 -509.772
0.0040779544 -505.374
0.0040781544 -503.774
0.0040783544 -504.974
0.0040785544 -506.173
0.0040787544 -504.974
0.0040789544 -505.773
0.0040791544 -503.774
0.0040793544 -505.773
0.0040795544 -508.972
0.0040797544 -506.973
0.0040799544 -505.773
0.0040801544 -506.973
0.0040803544 -505.773
0.0040805544 -508.172
0.0040807544 -508.172
0.0040809544 -507.373
0.0040811544 -504.974
0.0040813544 -506.973
0.0040815544 -506.573
0.0040817544 -504.174
0.0040819544 -506.973
0.0040821544 -506.973
0.0040823544 -507.773
0.0040825544 -506.573
0.0040827544 -508.972
0.0040829544 -507.373
0.0040831544 -506.573
0.0040833544 -508.172
0.0040835544 -504.974
0.0040837544 -506.173
0.0040839544 -505.773
0.0040841544 -506.173
0.0040843544 -503.774
0.0040845544 -506.573
0.0040847544 -506.973
0.0040849544 -507.373
0.0040851544 -509.372
0.0040853544 -510.571
0.0040855544 -507.773
0.0040857544 -507.773
0.0040859544 -507.373
0.0040861544 -506.973
0.0040863544 -504.974
0.0040865544 -505.773
0.0040867544 -506.573
0.0040869544 -506.173
0.0040871544 -508.572
0.0040873544 -507.773
0.0040875544 -506.173
0.0040877544 -508.972
0.0040879544 -506.573
0.0040881544 -506.573
0.0040883544 -508.172
0.0040885544 -507.373
0.0040887544 -507.373
0.0040889544 -508.172
0.0040891544 -507.773
0.0040893544 -506.973
0.0040895544 -507.773
0.0040897544 -507.373
0.0040899544 -508.972
0.0040901544 -508.572
0.0040903544 -507.773
0.0040905544 -508.972
0.0040907544 -506.973
0.0040909544 -510.171
0.0040911544 -510.171
0.0040913544 -507.373
0.0040915544 -507.373
0.0040917544 -507.373
0.0040919544 -507.373
0.0040921544 -505.374
0.0040923544 -506.573
0.0040925544 -506.173
0.0040927544 -508.172
0.0040929544 -506.973
0.0040931544 -508.172
0.0040933544 -509.372
0.0040935544 -507.773
0.0040937544 -508.572
0.0040939544 -507.373
0.0040941544 -506.573
0.0040943544 -510.171
0.0040945544 -507.773
0.0040947544 -507.773
0.0040949544 -507.773
0.0040951544 -508.972
0.0040953544 -508.172
0.0040955544 -507.773
0.0040957544 -512.97
0.0040959544 -510.971
0.0040961544 -507.373
0.0040963544 -506.173
0.0040965544 -506.173
0.0040967544 -507.773
0.0040969544 -506.973
0.0040971544 -507.373
0.0040973544 -508.972
0.0040975544 -510.571
0.0040977544 -509.372
0.0040979544 -509.772
0.0040981544 -508.172
0.0040983544 -510.571
0.0040985544 -508.572
0.0040987544 -509.772
0.0040989544 -507.373
0.0040991544 -508.572
0.0040993544 -508.972
0.0040995544 -507.773
0.0040997544 -507.373
0.0040999544 -508.972
0.0041001544 -507.373
0.0041003544 -506.973
0.0041005544 -506.973
0.0041007544 -508.972
0.0041009544 -508.972
0.0041011544 -508.972
0.0041013544 -507.373
0.0041015544 -506.973
0.0041017544 -509.372
0.0041019544 -507.773
0.0041021544 -508.972
0.0041023544 -508.972
0.0041025544 -511.371
0.0041027544 -508.572
0.0041029544 -511.371
0.0041031544 -508.572
0.0041033544 -506.973
0.0041035544 -506.973
0.0041037544 -508.572
0.0041039544 -508.172
0.0041041544 -506.973
0.0041043544 -508.172
0.0041045544 -508.172
0.0041047544 -509.372
0.0041049544 -509.372
0.0041051544 -509.772
0.0041053544 -508.572
0.0041055544 -508.572
0.0041057544 -508.972
0.0041059544 -508.572
0.0041061544 -506.173
0.0041063544 -507.373
0.0041065544 -510.571
0.0041067544 -508.172
0.0041069544 -509.772
0.0041071544 -508.972
0.0041073544 -509.772
0.0041075544 -507.373
0.0041077544 -509.372
0.0041079544 -508.972
0.0041081544 -507.773
0.0041083544 -510.171
0.0041085544 -507.373
0.0041087544 -508.172
0.0041089544 -507.373
0.0041091544 -506.573
0.0041093544 -510.571
0.0041095544 -509.772
0.0041097544 -510.171
0.0041099544 -508.572
0.0041101544 -508.972
0.0041103544 -507.773
0.0041105544 -508.972
0.0041107544 -509.372
0.0041109544 -509.372
0.0041111544 -509.372
0.0041113544 -508.572
0.0041115544 -509.772
0.0041117544 -506.573
0.0041119544 -506.573
0.0041121544 -507.773
0.0041123544 -510.171
0.0041125544 -510.571
0.0041127544 -507.373
0.0041129544 -510.571
0.0041131544 -508.972
0.0041133544 -509.372
0.0041135544 -507.373
0.0041137544 -509.772
0.0041139544 -508.972
0.0041141544 -509.372
0.0041143544 -508.972
0.0041145544 -510.171
0.0041147544 -510.571
0.0041149544 -508.172
0.0041151544 -509.372
0.0041153544 -508.572
0.0041155544 -508.572
0.0041157544 -509.772
0.0041159544 -507.773
0.0041161544 -507.773
0.0041163544 -507.773
0.0041165544 -504.574
0.0041167544 -509.372
0.0041169544 -509.772
0.0041171544 -506.573
0.0041173544 -506.573
0.0041175544 -510.571
0.0041177544 -507.373
0.0041179544 -509.772
0.0041181544 -508.572
0.0041183544 -507.773
0.0041185544 -508.172
0.0041187544 -509.772
0.0041189544 -507.773
0.0041191544 -508.172
0.0041193544 -509.372
0.0041195544 -507.773
0.0041197544 -509.372
0.0041199544 -508.172
0.0041201544 -507.373
0.0041203544 -510.171
0.0041205544 -506.573
0.0041207544 -506.973
0.0041209544 -508.972
0.0041211544 -510.171
0.0041213544 -510.171
0.0041215544 -509.772
0.0041217544 -509.372
0.0041219544 -511.771
0.0041221544 -510.571
0.0041223544 -509.772
0.0041225544 -506.973
0.0041227544 -509.772
0.0041229544 -510.571
0.0041231544 -510.971
0.0041233544 -510.571
0.0041235544 -511.371
0.0041237544 -507.373
0.0041239544 -509.772
0.0041241544 -509.372
0.0041243544 -510.971
0.0041245544 -510.971
0.0041247544 -507.373
0.0041249544 -511.371
0.0041251544 -510.971
0.0041253544 -511.771
0.0041255544 -512.171
0.0041257544 -511.371
0.0041259544 -511.371
0.0041261544 -511.371
0.0041263544 -508.972
0.0041265544 -510.571
0.0041267544 -510.971
0.0041269544 -509.372
0.0041271544 -508.572
0.0041273544 -511.771
0.0041275544 -509.772
0.0041277544 -512.57
0.0041279544 -510.971
0.0041281544 -510.171
0.0041283544 -510.971
0.0041285544 -511.771
0.0041287544 -511.371
0.0041289544 -510.571
0.0041291544 -510.971
0.0041293544 -510.971
0.0041295544 -513.77
0.0041297544 -510.571
0.0041299544 -509.372
0.0041301544 -510.971
0.0041303544 -511.771
0.0041305544 -510.171
0.0041307544 -512.97
0.0041309544 -510.971
0.0041311544 -514.17
0.0041313544 -510.571
0.0041315544 -510.571
0.0041317544 -510.971
0.0041319544 -509.772
0.0041321544 -510.571
0.0041323544 -509.772
0.0041325544 -511.371
0.0041327544 -510.971
0.0041329544 -508.972
0.0041331544 -510.571
0.0041333544 -510.571
0.0041335544 -511.771
0.0041337544 -514.17
0.0041339544 -510.571
0.0041341544 -509.372
0.0041343544 -512.57
0.0041345544 -512.171
0.0041347544 -512.57
0.0041349544 -512.171
0.0041351544 -514.17
0.0041353544 -511.771
0.0041355544 -510.971
0.0041357544 -509.772
0.0041359544 -515.769
0.0041361544 -512.171
0.0041363544 -510.571
0.0041365544 -510.571
0.0041367544 -511.771
0.0041369544 -510.971
0.0041371544 -512.97
0.0041373544 -509.772
0.0041375544 -512.171
0.0041377544 -509.372
0.0041379544 -510.971
0.0041381544 -509.372
0.0041383544 -511.371
0.0041385544 -510.571
0.0041387544 -509.772
0.0041389544 -510.171
0.0041391544 -510.171
0.0041393544 -510.571
0.0041395544 -507.773
0.0041397544 -513.77
0.0041399544 -511.771
0.0041401544 -512.57
0.0041403544 -511.771
0.0041405544 -513.77
0.0041407544 -513.77
0.0041409544 -510.171
0.0041411544 -512.57
0.0041413544 -512.97
0.0041415544 -512.57
0.0041417544 -512.171
0.0041419544 -513.37
0.0041421544 -510.571
0.0041423544 -511.771
0.0041425544 -511.371
0.0041427544 -512.171
0.0041429544 -510.571
0.0041431544 -512.57
0.0041433544 -511.771
0.0041435544 -512.57
0.0041437544 -511.371
0.0041439544 -513.77
0.0041441544 -512.57
0.0041443544 -510.571
0.0041445544 -511.771
0.0041447544 -511.771
0.0041449544 -512.57
0.0041451544 -513.77
0.0041453544 -512.97
0.0041455544 -513.77
0.0041457544 -510.971
0.0041459544 -510.971
0.0041461544 -514.569
0.0041463544 -513.77
0.0041465544 -512.57
0.0041467544 -514.17
0.0041469544 -514.569
0.0041471544 -511.771
0.0041473544 -512.171
0.0041475544 -512.97
0.0041477544 -512.171
0.0041479544 -508.972
0.0041481544 -512.57
0.0041483544 -514.17
0.0041485544 -513.37
0.0041487544 -513.37
0.0041489544 -511.371
0.0041491544 -512.171
0.0041493544 -512.97
0.0041495544 -511.771
0.0041497544 -512.171
0.0041499544 -512.97
0.0041501544 -510.171
0.0041503544 -511.371
0.0041505544 -513.77
0.0041507544 -515.769
0.0041509544 -510.971
0.0041511544 -514.969
0.0041513544 -512.97
0.0041515544 -514.969
0.0041517544 -510.171
0.0041519544 -512.171
0.0041521544 -514.569
0.0041523544 -513.77
0.0041525544 -512.171
0.0041527544 -514.969
0.0041529544 -511.771
0.0041531544 -511.771
0.0041533544 -515.369
0.0041535544 -512.57
0.0041537544 -512.97
0.0041539544 -512.97
0.0041541544 -514.569
0.0041543544 -513.77
0.0041545544 -511.371
0.0041547544 -514.569
0.0041549544 -510.971
0.0041551544 -511.771
0.0041553544 -512.57
0.0041555544 -512.171
0.0041557544 -514.17
0.0041559544 -511.371
0.0041561544 -515.769
0.0041563544 -513.37
0.0041565544 -512.97
0.0041567544 -515.769
0.0041569544 -512.97
0.0041571544 -514.969
0.0041573544 -512.57
0.0041575544 -514.17
0.0041577544 -514.17
0.0041579544 -512.57
0.0041581544 -513.77
0.0041583544 -514.17
0.0041585544 -515.369
0.0041587544 -513.37
0.0041589544 -514.17
0.0041591544 -513.77
0.0041593544 -510.171
0.0041595544 -514.17
0.0041597544 -512.97
0.0041599544 -514.569
0.0041601544 -512.97
0.0041603544 -513.77
0.0041605544 -512.97
0.0041607544 -512.57
0.0041609544 -514.17
0.0041611544 -512.97
0.0041613544 -515.769
0.0041615544 -516.169
0.0041617544 -515.369
0.0041619544 -512.57
0.0041621544 -514.969
0.0041623544 -515.369
0.0041625544 -516.968
0.0041627544 -514.569
0.0041629544 -516.569
0.0041631544 -515.369
0.0041633544 -513.77
0.0041635544 -514.569
0.0041637544 -512.171
0.0041639544 -512.97
0.0041641544 -515.369
0.0041643544 -517.368
0.0041645544 -515.769
0.0041647544 -512.171
0.0041649544 -515.369
0.0041651544 -515.369
0.0041653544 -514.969
0.0041655544 -515.369
0.0041657544 -515.769
0.0041659544 -515.769
0.0041661544 -512.97
0.0041663544 -513.37
0.0041665544 -513.77
0.0041667544 -515.769
0.0041669544 -515.769
0.0041671544 -517.368
0.0041673544 -516.169
0.0041675544 -515.769
0.0041677544 -514.569
0.0041679544 -512.97
0.0041681544 -515.769
0.0041683544 -512.97
0.0041685544 -515.769
0.0041687544 -515.369
0.0041689544 -516.569
0.0041691544 -516.968
0.0041693544 -513.77
0.0041695544 -512.97
0.0041697544 -514.969
0.0041699544 -515.369
0.0041701544 -517.368
0.0041703544 -516.169
0.0041705544 -515.369
0.0041707544 -514.17
0.0041709544 -516.169
0.0041711544 -514.969
0.0041713544 -514.17
0.0041715544 -514.17
0.0041717544 -514.17
0.0041719544 -514.17
0.0041721544 -513.77
0.0041723544 -515.769
0.0041725544 -515.369
0.0041727544 -513.37
0.0041729544 -516.968
0.0041731544 -515.369
0.0041733544 -516.169
0.0041735544 -516.968
0.0041737544 -515.369
0.0041739544 -514.569
0.0041741544 -514.17
0.0041743544 -515.369
0.0041745544 -515.369
0.0041747544 -515.369
0.0041749544 -514.969
0.0041751544 -516.569
0.0041753544 -515.769
0.0041755544 -516.169
0.0041757544 -517.768
0.0041759544 -515.769
0.0041761544 -516.569
0.0041763544 -514.17
0.0041765544 -514.969
0.0041767544 -514.17
0.0041769544 -513.37
0.0041771544 -513.37
0.0041773544 -516.569
0.0041775544 -513.77
0.0041777544 -517.368
0.0041779544 -515.369
0.0041781544 -513.37
0.0041783544 -515.369
0.0041785544 -515.369
0.0041787544 -515.769
0.0041789544 -513.37
0.0041791544 -512.97
0.0041793544 -514.569
0.0041795544 -515.769
0.0041797544 -516.169
0.0041799544 -514.969
0.0041801544 -514.569
0.0041803544 -515.369
0.0041805544 -514.17
0.0041807544 -514.17
0.0041809544 -516.569
0.0041811544 -514.569
0.0041813544 -514.569
0.0041815544 -518.168
0.0041817544 -516.169
0.0041819544 -517.368
0.0041821544 -515.769
0.0041823544 -515.369
0.0041825544 -515.769
0.0041827544 -513.37
0.0041829544 -515.369
0.0041831544 -515.369
0.0041833544 -515.369
0.0041835544 -513.77
0.0041837544 -515.369
0.0041839544 -513.37
0.0041841544 -515.769
0.0041843544 -514.569
0.0041845544 -514.17
0.0041847544 -514.17
0.0041849544 -513.37
0.0041851544 -512.97
0.0041853544 -515.369
0.0041855544 -514.17
0.0041857544 -515.369
0.0041859544 -513.37
0.0041861544 -515.769
0.0041863544 -516.169
0.0041865544 -514.569
0.0041867544 -514.569
0.0041869544 -512.57
0.0041871544 -513.37
0.0041873544 -514.17
0.0041875544 -514.569
0.0041877544 -514.969
0.0041879544 -514.17
0.0041881544 -514.969
0.0041883544 -514.969
0.0041885544 -513.77
0.0041887544 -512.57
0.0041889544 -514.969
0.0041891544 -515.369
0.0041893544 -513.77
0.0041895544 -515.369
0.0041897544 -514.17
0.0041899544 -511.371
0.0041901544 -516.169
0.0041903544 -512.97
0.0041905544 -514.569
0.0041907544 -514.17
0.0041909544 -514.17
0.0041911544 -511.371
0.0041913544 -512.97
0.0041915544 -515.769
0.0041917544 -515.369
0.0041919544 -515.769
0.0041921544 -513.77
0.0041923544 -515.769
0.0041925544 -515.769
0.0041927544 -512.57
0.0041929544 -516.569
0.0041931544 -512.97
0.0041933544 -513.77
0.0041935544 -514.569
0.0041937544 -516.169
0.0041939544 -515.769
0.0041941544 -513.77
0.0041943544 -517.368
0.0041945544 -514.17
0.0041947544 -516.169
0.0041949544 -516.569
0.0041951544 -516.169
0.0041953544 -516.968
0.0041955544 -516.968
0.0041957544 -513.77
0.0041959544 -512.57
0.0041961544 -515.369
0.0041963544 -515.769
0.0041965544 -512.97
0.0041967544 -512.57
0.0041969544 -514.969
0.0041971544 -513.77
0.0041973544 -514.969
0.0041975544 -517.768
0.0041977544 -515.369
0.0041979544 -515.769
0.0041981544 -515.769
0.0041983544 -513.77
0.0041985544 -511.771
0.0041987544 -516.169
0.0041989544 -516.169
0.0041991544 -512.171
0.0041993544 -512.97
0.0041995544 -514.569
0.0041997544 -515.369
0.0041999544 -516.968
0.0042001544 -516.569
0.0042003544 -514.569
0.0042005544 -514.17
0.0042007544 -516.569
0.0042009544 -515.369
0.0042011544 -516.169
0.0042013544 -513.37
0.0042015544 -514.969
0.0042017544 -512.171
0.0042019544 -515.369
0.0042021544 -514.969
0.0042023544 -514.569
0.0042025544 -515.769
0.0042027544 -514.17
0.0042029544 -515.769
0.0042031544 -514.969
0.0042033544 -514.569
0.0042035544 -516.169
0.0042037544 -514.569
0.0042039544 -513.77
0.0042041544 -514.969
0.0042043544 -516.569
0.0042045544 -515.369
0.0042047544 -514.969
0.0042049544 -513.37
0.0042051544 -516.169
0.0042053544 -514.569
0.0042055544 -515.769
0.0042057544 -516.569
0.0042059544 -512.57
0.0042061544 -513.37
0.0042063544 -515.369
0.0042065544 -512.57
0.0042067544 -514.569
0.0042069544 -513.37
0.0042071544 -514.569
0.0042073544 -516.968
0.0042075544 -515.769
0.0042077544 -514.569
0.0042079544 -516.169
0.0042081544 -514.569
0.0042083544 -514.969
0.0042085544 -513.77
0.0042087544 -514.969
0.0042089544 -514.17
0.0042091544 -515.769
0.0042093544 -517.368
0.0042095544 -515.369
0.0042097544 -514.17
0.0042099544 -514.969
0.0042101544 -513.77
0.0042103544 -514.569
0.0042105544 -514.17
0.0042107544 -513.77
0.0042109544 -513.77
0.0042111544 -517.368
0.0042113544 -514.569
0.0042115544 -514.569
0.0042117544 -513.77
0.0042119544 -514.17
0.0042121544 -515.369
0.0042123544 -516.968
0.0042125544 -514.969
0.0042127544 -512.97
0.0042129544 -515.769
0.0042131544 -514.17
0.0042133544 -514.969
0.0042135544 -515.369
0.0042137544 -515.769
0.0042139544 -512.97
0.0042141544 -515.769
0.0042143544 -514.17
0.0042145544 -512.57
0.0042147544 -513.77
0.0042149544 -512.97
0.0042151544 -512.97
0.0042153544 -514.569
0.0042155544 -514.17
0.0042157544 -518.168
0.0042159544 -515.769
0.0042161544 -515.369
0.0042163544 -515.369
0.0042165544 -515.369
0.0042167544 -514.969
0.0042169544 -517.368
0.0042171544 -514.17
0.0042173544 -511.371
0.0042175544 -515.769
0.0042177544 -512.57
0.0042179544 -514.569
0.0042181544 -514.569
0.0042183544 -514.969
0.0042185544 -516.968
0.0042187544 -514.569
0.0042189544 -514.969
0.0042191544 -514.17
0.0042193544 -512.57
0.0042195544 -513.77
0.0042197544 -518.168
0.0042199544 -514.569
0.0042201544 -517.768
0.0042203544 -514.569
0.0042205544 -515.769
0.0042207544 -513.37
0.0042209544 -514.569
0.0042211544 -513.77
0.0042213544 -515.769
0.0042215544 -515.369
0.0042217544 -514.569
0.0042219544 -514.969
0.0042221544 -515.369
0.0042223544 -514.17
0.0042225544 -513.37
0.0042227544 -515.369
0.0042229544 -514.17
0.0042231544 -515.369
0.0042233544 -512.171
0.0042235544 -513.37
0.0042237544 -517.368
0.0042239544 -516.169
0.0042241544 -517.768
0.0042243544 -515.769
0.0042245544 -514.969
0.0042247544 -514.969
0.0042249544 -514.969
0.0042251544 -516.968
0.0042253544 -516.569
0.0042255544 -515.769
0.0042257544 -515.769
0.0042259544 -514.969
0.0042261544 -517.368
0.0042263544 -516.569
0.0042265544 -515.769
0.0042267544 -516.968
0.0042269544 -518.968
0.0042271544 -514.969
0.0042273544 -516.169
0.0042275544 -515.769
0.0042277544 -515.369
0.0042279544 -516.569
0.0042281544 -515.769
0.0042283544 -514.969
0.0042285544 -516.169
0.0042287544 -514.969
0.0042289544 -514.969
0.0042291544 -516.569
0.0042293544 -516.169
0.0042295544 -517.368
0.0042297544 -516.169
0.0042299544 -515.769
0.0042301544 -517.368
0.0042303544 -516.968
0.0042305544 -515.369
0.0042307544 -515.369
0.0042309544 -516.968
0.0042311544 -515.369
0.0042313544 -515.369
0.0042315544 -516.968
0.0042317544 -515.369
0.0042319544 -516.968
0.0042321544 -515.369
0.0042323544 -518.568
0.0042325544 -516.169
0.0042327544 -517.368
0.0042329544 -517.768
0.0042331544 -514.969
0.0042333544 -516.169
0.0042335544 -517.368
0.0042337544 -518.968
0.0042339544 -516.968
0.0042341544 -516.968
0.0042343544 -516.169
0.0042345544 -515.369
0.0042347544 -517.368
0.0042349544 -516.569
0.0042351544 -518.968
0.0042353544 -516.968
0.0042355544 -518.168
0.0042357544 -517.768
0.0042359544 -518.568
0.0042361544 -517.768
0.0042363544 -520.567
0.0042365544 -516.569
0.0042367544 -517.768
0.0042369544 -517.368
0.0042371544 -518.568
0.0042373544 -520.167
0.0042375544 -517.368
0.0042377544 -518.968
0.0042379544 -516.968
0.0042381544 -514.969
0.0042383544 -517.368
0.0042385544 -515.769
0.0042387544 -517.368
0.0042389544 -516.569
0.0042391544 -520.167
0.0042393544 -516.968
0.0042395544 -519.367
0.0042397544 -517.368
0.0042399544 -517.368
0.0042401544 -516.968
0.0042403544 -518.568
0.0042405544 -518.168
0.0042407544 -519.367
0.0042409544 -517.368
0.0042411544 -518.168
0.0042413544 -518.168
0.0042415544 -518.968
0.0042417544 -518.168
0.0042419544 -517.368
0.0042421544 -520.167
0.0042423544 -515.769
0.0042425544 -517.768
0.0042427544 -515.369
0.0042429544 -517.368
0.0042431544 -518.168
0.0042433544 -520.167
0.0042435544 -520.167
0.0042437544 -520.567
0.0042439544 -520.167
0.0042441544 -518.168
0.0042443544 -517.368
0.0042445544 -520.567
0.0042447544 -517.768
0.0042449544 -519.367
0.0042451544 -517.768
0.0042453544 -518.968
0.0042455544 -517.768
0.0042457544 -517.768
0.0042459544 -519.767
0.0042461544 -517.768
0.0042463544 -518.568
0.0042465544 -517.368
0.0042467544 -518.168
0.0042469544 -516.968
0.0042471544 -516.968
0.0042473544 -518.568
0.0042475544 -519.767
0.0042477544 -516.968
0.0042479544 -517.768
0.0042481544 -518.168
0.0042483544 -516.569
0.0042485544 -517.768
0.0042487544 -517.768
0.0042489544 -518.168
0.0042491544 -519.767
0.0042493544 -516.569
0.0042495544 -516.968
0.0042497544 -519.367
0.0042499544 -519.767
0.0042501544 -519.767
0.0042503544 -517.768
0.0042505544 -520.967
0.0042507544 -518.568
0.0042509544 -518.968
0.0042511544 -520.167
0.0042513544 -520.167
0.0042515544 -519.767
0.0042517544 -518.168
0.0042519544 -519.367
0.0042521544 -520.567
0.0042523544 -518.168
0.0042525544 -518.968
0.0042527544 -520.567
0.0042529544 -517.768
0.0042531544 -520.567
0.0042533544 -518.568
0.0042535544 -518.968
0.0042537544 -520.567
0.0042539544 -519.767
0.0042541544 -518.968
0.0042543544 -519.767
0.0042545544 -516.968
0.0042547544 -517.768
0.0042549544 -518.168
0.0042551544 -519.767
0.0042553544 -519.367
0.0042555544 -518.568
0.0042557544 -520.167
0.0042559544 -518.168
0.0042561544 -520.567
0.0042563544 -519.767
0.0042565544 -520.567
0.0042567544 -520.167
0.0042569544 -520.167
0.0042571544 -518.168
0.0042573544 -519.767
0.0042575544 -519.367
0.0042577544 -520.167
0.0042579544 -520.567
0.0042581544 -520.167
0.0042583544 -520.167
0.0042585544 -519.767
0.0042587544 -519.367
0.0042589544 -520.167
0.0042591544 -518.168
0.0042593544 -520.167
0.0042595544 -520.167
0.0042597544 -518.968
0.0042599544 -518.168
0.0042601544 -518.968
0.0042603544 -519.367
0.0042605544 -518.568
0.0042607544 -519.767
0.0042609544 -520.167
0.0042611544 -520.967
0.0042613544 -519.367
0.0042615544 -518.168
0.0042617544 -520.167
0.0042619544 -518.568
0.0042621544 -521.366
0.0042623544 -517.768
0.0042625544 -518.968
0.0042627544 -520.167
0.0042629544 -520.167
0.0042631544 -518.968
0.0042633544 -520.167
0.0042635544 -520.167
0.0042637544 -520.567
0.0042639544 -520.567
0.0042641544 -519.367
0.0042643544 -520.167
0.0042645544 -519.367
0.0042647544 -519.367
0.0042649544 -517.768
0.0042651544 -519.767
0.0042653544 -520.167
0.0042655544 -516.968
0.0042657544 -517.368
0.0042659544 -518.568
0.0042661544 -519.767
0.0042663544 -519.767
0.0042665544 -518.168
0.0042667544 -520.167
0.0042669544 -520.167
0.0042671544 -518.968
0.0042673544 -517.368
0.0042675544 -519.367
0.0042677544 -522.566
0.0042679544 -520.167
0.0042681544 -518.968
0.0042683544 -520.167
0.0042685544 -522.166
0.0042687544 -519.367
0.0042689544 -520.167
0.0042691544 -520.167
0.0042693544 -516.968
0.0042695544 -519.767
0.0042697544 -517.768
0.0042699544 -519.767
0.0042701544 -519.767
0.0042703544 -517.768
0.0042705544 -518.568
0.0042707544 -520.567
0.0042709544 -518.168
0.0042711544 -520.167
0.0042713544 -521.366
0.0042715544 -522.566
0.0042717544 -520.567
0.0042719544 -517.368
0.0042721544 -521.366
0.0042723544 -518.568
0.0042725544 -518.968
0.0042727544 -517.768
0.0042729544 -520.167
0.0042731544 -517.768
0.0042733544 -520.567
0.0042735544 -517.368
0.0042737544 -520.567
0.0042739544 -521.366
0.0042741544 -519.367
0.0042743544 -520.167
0.0042745544 -516.968
0.0042747544 -517.368
0.0042749544 -518.968
0.0042751544 -518.568
0.0042753544 -519.367
0.0042755544 -519.767
0.0042757544 -520.567
0.0042759544 -522.566
0.0042761544 -519.367
0.0042763544 -520.167
0.0042765544 -515.769
0.0042767544 -519.367
0.0042769544 -520.967
0.0042771544 -520.167
0.0042773544 -517.768
0.0042775544 -518.568
0.0042777544 -517.368
0.0042779544 -518.968
0.0042781544 -519.367
0.0042783544 -519.767
0.0042785544 -518.968
0.0042787544 -517.768
0.0042789544 -518.968
0.0042791544 -517.768
0.0042793544 -518.568
0.0042795544 -520.167
0.0042797544 -518.168
0.0042799544 -520.567
0.0042801544 -518.968
0.0042803544 -518.968
0.0042805544 -520.167
0.0042807544 -518.968
0.0042809544 -519.367
0.0042811544 -520.167
0.0042813544 -519.367
0.0042815544 -518.968
0.0042817544 -518.168
0.0042819544 -520.567
0.0042821544 -518.568
0.0042823544 -518.968
0.0042825544 -517.368
0.0042827544 -518.168
0.0042829544 -520.967
0.0042831544 -523.366
0.0042833544 -519.767
0.0042835544 -518.568
0.0042837544 -518.968
0.0042839544 -520.167
0.0042841544 -516.968
0.0042843544 -518.168
0.0042845544 -519.767
0.0042847544 -520.167
0.0042849544 -517.768
0.0042851544 -519.767
0.0042853544 -520.967
0.0042855544 -520.167
0.0042857544 -518.568
0.0042859544 -518.168
0.0042861544 -520.167
0.0042863544 -520.967
0.0042865544 -520.567
0.0042867544 -521.366
0.0042869544 -518.168
0.0042871544 -520.167
0.0042873544 -519.767
0.0042875544 -515.769
0.0042877544 -519.367
0.0042879544 -518.568
0.0042881544 -520.967
0.0042883544 -519.367
0.0042885544 -518.168
0.0042887544 -518.968
0.0042889544 -520.967
0.0042891544 -518.568
0.0042893544 -520.567
0.0042895544 -520.167
0.0042897544 -518.168
0.0042899544 -518.568
0.0042901544 -517.768
0.0042903544 -519.767
0.0042905544 -517.768
0.0042907544 -519.767
0.0042909544 -518.968
0.0042911544 -519.767
0.0042913544 -519.767
0.0042915544 -521.366
0.0042917544 -519.767
0.0042919544 -517.768
0.0042921544 -516.169
0.0042923544 -520.567
0.0042925544 -520.167
0.0042927544 -519.767
0.0042929544 -520.167
0.0042931544 -518.568
0.0042933544 -519.367
0.0042935544 -518.968
0.0042937544 -521.366
0.0042939544 -519.767
0.0042941544 -519.367
0.0042943544 -520.167
0.0042945544 -521.766
0.0042947544 -518.968
0.0042949544 -517.768
0.0042951544 -522.166
0.0042953544 -520.167
0.0042955544 -519.367
0.0042957544 -518.568
0.0042959544 -519.767
0.0042961544 -519.367
0.0042963544 -518.568
0.0042965544 -519.767
0.0042967544 -522.166
0.0042969544 -520.167
0.0042971544 -520.167
0.0042973544 -520.167
0.0042975544 -519.767
0.0042977544 -519.367
0.0042979544 -522.166
0.0042981544 -519.367
0.0042983544 -520.567
0.0042985544 -520.167
0.0042987544 -521.366
0.0042989544 -518.168
0.0042991544 -518.968
0.0042993544 -518.968
0.0042995544 -521.766
0.0042997544 -522.166
0.0042999544 -519.767
0.0043001544 -519.767
0.0043003544 -521.766
0.0043005544 -520.567
0.0043007544 -520.967
0.0043009544 -520.967
0.0043011544 -521.366
0.0043013544 -521.366
0.0043015544 -521.766
0.0043017544 -520.167
0.0043019544 -518.568
0.0043021544 -520.967
0.0043023544 -519.367
0.0043025544 -520.967
0.0043027544 -523.366
0.0043029544 -523.366
0.0043031544 -519.767
0.0043033544 -518.568
0.0043035544 -521.766
0.0043037544 -520.567
0.0043039544 -520.567
0.0043041544 -519.767
0.0043043544 -522.966
0.0043045544 -520.967
0.0043047544 -519.367
0.0043049544 -522.966
0.0043051544 -522.566
0.0043053544 -522.966
0.0043055544 -521.366
0.0043057544 -520.167
0.0043059544 -523.366
0.0043061544 -519.367
0.0043063544 -522.566
0.0043065544 -520.967
0.0043067544 -521.766
0.0043069544 -519.367
0.0043071544 -518.968
0.0043073544 -521.766
0.0043075544 -522.166
0.0043077544 -520.567
0.0043079544 -521.366
0.0043081544 -522.966
0.0043083544 -522.566
0.0043085544 -522.166
0.0043087544 -520.567
0.0043089544 -520.567
0.0043091544 -518.968
0.0043093544 -520.167
0.0043095544 -521.766
0.0043097544 -519.367
0.0043099544 -520.567
0.0043101544 -520.567
0.0043103544 -521.766
0.0043105544 -522.566
0.0043107544 -520.567
0.0043109544 -522.566
0.0043111544 -518.168
0.0043113544 -519.767
0.0043115544 -520.967
0.0043117544 -519.767
0.0043119544 -520.567
0.0043121544 -520.967
0.0043123544 -520.567
0.0043125544 -520.967
0.0043127544 -519.767
0.0043129544 -522.966
0.0043131544 -522.166
0.0043133544 -519.367
0.0043135544 -520.167
0.0043137544 -521.766
0.0043139544 -519.367
0.0043141544 -524.965
0.0043143544 -519.767
0.0043145544 -520.967
0.0043147544 -521.366
0.0043149544 -519.767
0.0043151544 -520.567
0.0043153544 -521.366
0.0043155544 -520.167
0.0043157544 -520.967
0.0043159544 -518.568
0.0043161544 -520.167
0.0043163544 -520.167
0.0043165544 -521.766
0.0043167544 -520.167
0.0043169544 -521.366
0.0043171544 -520.567
0.0043173544 -522.566
0.0043175544 -520.967
0.0043177544 -520.167
0.0043179544 -519.767
0.0043181544 -520.967
0.0043183544 -519.767
0.0043185544 -519.367
0.0043187544 -518.568
0.0043189544 -520.967
0.0043191544 -520.167
0.0043193544 -518.168
0.0043195544 -520.567
0.0043197544 -521.366
0.0043199544 -518.168
0.0043201544 -520.567
0.0043203544 -521.366
0.0043205544 -520.167
0.0043207544 -520.567
0.0043209544 -520.567
0.0043211544 -521.366
0.0043213544 -520.567
0.0043215544 -518.968
0.0043217544 -520.167
0.0043219544 -519.767
0.0043221544 -519.767
0.0043223544 -519.767
0.0043225544 -519.367
0.0043227544 -518.168
0.0043229544 -520.167
0.0043231544 -520.567
0.0043233544 -518.168
0.0043235544 -520.967
0.0043237544 -520.567
0.0043239544 -518.568
0.0043241544 -520.567
0.0043243544 -520.967
0.0043245544 -520.967
0.0043247544 -518.168
0.0043249544 -520.567
0.0043251544 -521.766
0.0043253544 -520.967
0.0043255544 -520.567
0.0043257544 -518.968
0.0043259544 -519.767
0.0043261544 -519.367
0.0043263544 -520.967
0.0043265544 -520.167
0.0043267544 -520.567
0.0043269544 -522.966
0.0043271544 -519.767
0.0043273544 -518.568
0.0043275544 -519.767
0.0043277544 -517.768
0.0043279544 -519.767
0.0043281544 -519.767
0.0043283544 -520.567
0.0043285544 -520.167
0.0043287544 -520.167
0.0043289544 -521.366
0.0043291544 -520.967
0.0043293544 -521.766
0.0043295544 -516.968
0.0043297544 -518.568
0.0043299544 -520.567
0.0043301544 -520.967
0.0043303544 -520.567
0.0043305544 -521.766
0.0043307544 -520.567
0.0043309544 -520.567
0.0043311544 -520.567
0.0043313544 -518.968
0.0043315544 -520.167
0.0043317544 -520.167
0.0043319544 -520.167
0.0043321544 -518.968
0.0043323544 -520.567
0.0043325544 -520.167
0.0043327544 -520.567
0.0043329544 -520.167
0.0043331544 -519.367
0.0043333544 -520.567
0.0043335544 -518.168
0.0043337544 -518.968
0.0043339544 -521.766
0.0043341544 -520.167
0.0043343544 -518.968
0.0043345544 -519.367
0.0043347544 -520.167
0.0043349544 -518.968
0.0043351544 -518.968
0.0043353544 -518.168
0.0043355544 -520.967
0.0043357544 -523.366
0.0043359544 -520.967
0.0043361544 -521.366
0.0043363544 -520.967
0.0043365544 -519.367
0.0043367544 -519.767
0.0043369544 -520.567
0.0043371544 -520.967
0.0043373544 -521.766
0.0043375544 -518.968
0.0043377544 -519.367
0.0043379544 -521.366
0.0043381544 -520.967
0.0043383544 -521.366
0.0043385544 -522.166
0.0043387544 -521.766
0.0043389544 -520.567
0.0043391544 -519.767
0.0043393544 -522.966
0.0043395544 -517.768
0.0043397544 -521.766
0.0043399544 -520.167
0.0043401544 -520.167
0.0043403544 -521.366
0.0043405544 -522.166
0.0043407544 -520.167
0.0043409544 -520.567
0.0043411544 -520.167
0.0043413544 -521.366
0.0043415544 -521.766
0.0043417544 -520.967
0.0043419544 -521.366
0.0043421544 -520.167
0.0043423544 -522.566
0.0043425544 -520.167
0.0043427544 -518.968
0.0043429544 -519.367
0.0043431544 -521.366
0.0043433544 -520.167
0.0043435544 -520.567
0.0043437544 -518.568
0.0043439544 -520.167
0.0043441544 -521.766
0.0043443544 -520.567
0.0043445544 -522.166
0.0043447544 -521.766
0.0043449544 -520.167
0.0043451544 -522.966
0.0043453544 -520.167
0.0043455544 -520.167
0.0043457544 -520.167
0.0043459544 -520.567
0.0043461544 -519.367
0.0043463544 -520.167
0.0043465544 -520.567
0.0043467544 -520.567
0.0043469544 -520.567
0.0043471544 -522.166
0.0043473544 -520.167
0.0043475544 -521.766
0.0043477544 -520.967
0.0043479544 -519.767
0.0043481544 -521.766
0.0043483544 -520.567
0.0043485544 -518.168
0.0043487544 -520.167
0.0043489544 -520.167
0.0043491544 -519.767
0.0043493544 -520.167
0.0043495544 -521.766
0.0043497544 -518.968
0.0043499544 -520.167
0.0043501544 -521.766
0.0043503544 -518.968
0.0043505544 -519.367
0.0043507544 -519.367
0.0043509544 -521.366
0.0043511544 -520.967
0.0043513544 -520.167
0.0043515544 -520.167
0.0043517544 -520.567
0.0043519544 -520.167
0.0043521544 -522.166
0.0043523544 -521.766
0.0043525544 -520.167
0.0043527544 -520.967
0.0043529544 -519.767
0.0043531544 -521.366
0.0043533544 -522.566
0.0043535544 -520.567
0.0043537544 -518.968
0.0043539544 -523.366
0.0043541544 -520.167
0.0043543544 -518.168
0.0043545544 -521.366
0.0043547544 -520.167
0.0043549544 -524.565
0.0043551544 -522.166
0.0043553544 -521.766
0.0043555544 -523.765
0.0043557544 -519.767
0.0043559544 -523.366
0.0043561544 -520.567
0.0043563544 -518.568
0.0043565544 -521.366
0.0043567544 -522.166
0.0043569544 -520.967
0.0043571544 -519.367
0.0043573544 -522.566
0.0043575544 -521.366
0.0043577544 -521.366
0.0043579544 -519.367
0.0043581544 -520.167
0.0043583544 -522.966
0.0043585544 -523.765
0.0043587544 -521.366
0.0043589544 -525.764
0.0043591544 -520.167
0.0043593544 -520.967
0.0043595544 -523.366
0.0043597544 -522.166
0.0043599544 -522.166
0.0043601544 -521.766
0.0043603544 -525.365
0.0043605544 -520.967
0.0043607544 -524.165
0.0043609544 -522.166
0.0043611544 -523.765
0.0043613544 -519.367
0.0043615544 -521.766
0.0043617544 -522.966
0.0043619544 -520.567
0.0043621544 -521.366
0.0043623544 -523.765
0.0043625544 -520.167
0.0043627544 -522.966
0.0043629544 -522.166
0.0043631544 -526.164
0.0043633544 -521.766
0.0043635544 -521.366
0.0043637544 -522.566
0.0043639544 -522.166
0.0043641544 -522.166
0.0043643544 -521.766
0.0043645544 -520.567
0.0043647544 -522.166
0.0043649544 -523.765
0.0043651544 -524.565
0.0043653544 -522.966
0.0043655544 -520.167
0.0043657544 -522.166
0.0043659544 -521.366
0.0043661544 -520.567
0.0043663544 -524.965
0.0043665544 -524.965
0.0043667544 -524.165
0.0043669544 -524.165
0.0043671544 -521.366
0.0043673544 -523.366
0.0043675544 -522.966
0.0043677544 -522.966
0.0043679544 -524.165
0.0043681544 -522.566
0.0043683544 -524.565
0.0043685544 -523.765
0.0043687544 -522.966
0.0043689544 -522.166
0.0043691544 -521.366
0.0043693544 -524.165
0.0043695544 -522.566
0.0043697544 -525.365
0.0043699544 -523.765
0.0043701544 -521.366
0.0043703544 -526.564
0.0043705544 -524.165
0.0043707544 -524.165
0.0043709544 -522.166
0.0043711544 -525.764
0.0043713544 -522.566
0.0043715544 -523.366
0.0043717544 -522.566
0.0043719544 -525.365
0.0043721544 -521.766
0.0043723544 -524.165
0.0043725544 -524.165
0.0043727544 -520.967
0.0043729544 -525.365
0.0043731544 -523.765
0.0043733544 -523.765
0.0043735544 -524.165
0.0043737544 -524.165
0.0043739544 -523.366
0.0043741544 -525.365
0.0043743544 -526.164
0.0043745544 -523.765
0.0043747544 -523.366
0.0043749544 -522.566
0.0043751544 -522.566
0.0043753544 -523.765
0.0043755544 -523.366
0.0043757544 -524.165
0.0043759544 -524.165
0.0043761544 -521.766
0.0043763544 -525.365
0.0043765544 -521.766
0.0043767544 -526.164
0.0043769544 -522.166
0.0043771544 -526.964
0.0043773544 -526.164
0.0043775544 -525.365
0.0043777544 -526.564
0.0043779544 -523.765
0.0043781544 -524.965
0.0043783544 -526.964
0.0043785544 -524.565
0.0043787544 -527.764
0.0043789544 -525.764
0.0043791544 -523.765
0.0043793544 -521.766
0.0043795544 -523.366
0.0043797544 -523.765
0.0043799544 -524.965
0.0043801544 -523.366
0.0043803544 -522.566
0.0043805544 -523.366
0.0043807544 -526.164
0.0043809544 -524.165
0.0043811544 -523.765
0.0043813544 -525.365
0.0043815544 -523.366
0.0043817544 -526.564
0.0043819544 -527.764
0.0043821544 -524.565
0.0043823544 -524.565
0.0043825544 -527.364
0.0043827544 -525.365
0.0043829544 -524.965
0.0043831544 -526.564
0.0043833544 -526.164
0.0043835544 -524.965
0.0043837544 -526.964
0.0043839544 -527.364
0.0043841544 -526.564
0.0043843544 -526.964
0.0043845544 -524.965
0.0043847544 -527.364
0.0043849544 -523.765
0.0043851544 -525.764
0.0043853544 -524.965
0.0043855544 -525.365
0.0043857544 -526.564
0.0043859544 -525.365
0.0043861544 -527.364
0.0043863544 -526.164
0.0043865544 -524.965
0.0043867544 -525.764
0.0043869544 -527.764
0.0043871544 -524.965
0.0043873544 -523.765
0.0043875544 -528.563
0.0043877544 -523.765
0.0043879544 -526.964
0.0043881544 -527.364
0.0043883544 -525.365
0.0043885544 -527.764
0.0043887544 -525.764
0.0043889544 -524.565
0.0043891544 -526.964
0.0043893544 -528.163
0.0043895544 -527.364
0.0043897544 -527.364
0.0043899544 -526.564
0.0043901544 -524.165
0.0043903544 -526.164
0.0043905544 -527.364
0.0043907544 -528.163
0.0043909544 -527.764
0.0043911544 -526.964
0.0043913544 -525.365
0.0043915544 -526.164
0.0043917544 -526.964
0.0043919544 -526.164
0.0043921544 -525.365
0.0043923544 -527.764
0.0043925544 -527.364
0.0043927544 -524.965
0.0043929544 -526.964
0.0043931544 -526.164
0.0043933544 -525.365
0.0043935544 -529.363
0.0043937544 -528.563
0.0043939544 -523.366
0.0043941544 -525.365
0.0043943544 -527.764
0.0043945544 -524.565
0.0043947544 -524.965
0.0043949544 -525.764
0.0043951544 -527.764
0.0043953544 -528.163
0.0043955544 -523.765
0.0043957544 -524.565
0.0043959544 -522.966
0.0043961544 -524.965
0.0043963544 -525.365
0.0043965544 -525.365
0.0043967544 -526.164
0.0043969544 -525.764
0.0043971544 -522.966
0.0043973544 -523.366
0.0043975544 -528.963
0.0043977544 -526.964
0.0043979544 -526.964
0.0043981544 -526.564
0.0043983544 -527.764
0.0043985544 -525.365
0.0043987544 -524.565
0.0043989544 -525.764
0.0043991544 -527.364
0.0043993544 -529.363
0.0043995544 -522.966
0.0043997544 -528.563
0.0043999544 -527.764
0.0044001544 -528.563
0.0044003544 -526.164
0.0044005544 -527.764
0.0044007544 -524.965
0.0044009544 -527.364
0.0044011544 -525.365
0.0044013544 -526.564
0.0044015544 -527.364
0.0044017544 -525.764
0.0044019544 -526.564
0.0044021544 -525.365
0.0044023544 -525.365
0.0044025544 -527.764
0.0044027544 -526.164
0.0044029544 -525.764
0.0044031544 -523.765
0.0044033544 -528.963
0.0044035544 -525.764
0.0044037544 -525.764
0.0044039544 -525.764
0.0044041544 -526.164
0.0044043544 -528.163
0.0044045544 -526.564
0.0044047544 -527.764
0.0044049544 -528.563
0.0044051544 -525.365
0.0044053544 -530.162
0.0044055544 -525.365
0.0044057544 -529.363
0.0044059544 -527.364
0.0044061544 -528.163
0.0044063544 -527.364
0.0044065544 -526.964
0.0044067544 -530.162
0.0044069544 -525.764
0.0044071544 -529.363
0.0044073544 -531.362
0.0044075544 -528.963
0.0044077544 -529.363
0.0044079544 -530.562
0.0044081544 -529.363
0.0044083544 -528.163
0.0044085544 -528.163
0.0044087544 -524.565
0.0044089544 -526.964
0.0044091544 -528.563
0.0044093544 -529.363
0.0044095544 -530.962
0.0044097544 -526.964
0.0044099544 -527.764
0.0044101544 -526.564
0.0044103544 -530.162
0.0044105544 -528.163
0.0044107544 -528.563
0.0044109544 -528.163
0.0044111544 -529.763
0.0044113544 -527.764
0.0044115544 -526.964
0.0044117544 -528.563
0.0044119544 -525.764
0.0044121544 -528.963
0.0044123544 -527.364
0.0044125544 -529.763
0.0044127544 -528.563
0.0044129544 -529.363
0.0044131544 -527.764
0.0044133544 -529.763
0.0044135544 -528.163
0.0044137544 -528.163
0.0044139544 -529.763
0.0044141544 -528.563
0.0044143544 -528.163
0.0044145544 -527.364
0.0044147544 -526.564
0.0044149544 -526.564
0.0044151544 -526.964
0.0044153544 -523.765
0.0044155544 -528.163
0.0044157544 -528.563
0.0044159544 -527.364
0.0044161544 -528.163
0.0044163544 -529.363
0.0044165544 -525.365
0.0044167544 -528.163
0.0044169544 -531.762
0.0044171544 -529.363
0.0044173544 -530.162
0.0044175544 -527.764
0.0044177544 -529.363
0.0044179544 -528.163
0.0044181544 -528.563
0.0044183544 -529.363
0.0044185544 -528.963
0.0044187544 -527.764
0.0044189544 -528.963
0.0044191544 -529.363
0.0044193544 -528.163
0.0044195544 -529.763
0.0044197544 -526.564
0.0044199544 -529.363
0.0044201544 -529.763
0.0044203544 -529.763
0.0044205544 -528.163
0.0044207544 -527.364
0.0044209544 -524.565
0.0044211544 -529.363
0.0044213544 -530.162
0.0044215544 -530.162
0.0044217544 -526.564
0.0044219544 -530.962
0.0044221544 -528.563
0.0044223544 -526.964
0.0044225544 -529.363
0.0044227544 -528.563
0.0044229544 -528.163
0.0044231544 -528.163
0.0044233544 -529.363
0.0044235544 -527.764
0.0044237544 -530.562
0.0044239544 -526.964
0.0044241544 -528.163
0.0044243544 -526.564
0.0044245544 -528.963
0.0044247544 -530.162
0.0044249544 -527.364
0.0044251544 -526.164
0.0044253544 -529.363
0.0044255544 -525.764
0.0044257544 -526.964
0.0044259544 -528.163
0.0044261544 -527.764
0.0044263544 -524.565
0.0044265544 -528.963
0.0044267544 -528.563
0.0044269544 -530.562
0.0044271544 -528.163
0.0044273544 -526.164
0.0044275544 -526.964
0.0044277544 -527.764
0.0044279544 -526.564
0.0044281544 -527.364
0.0044283544 -523.765
0.0044285544 -527.764
0.0044287544 -526.164
0.0044289544 -524.965
0.0044291544 -527.364
0.0044293544 -527.364
0.0044295544 -529.763
0.0044297544 -529.763
0.0044299544 -527.764
0.0044301544 -525.764
0.0044303544 -526.164
0.0044305544 -523.765
0.0044307544 -523.765
0.0044309544 -524.965
0.0044311544 -524.965
0.0044313544 -526.964
0.0044315544 -526.964
0.0044317544 -528.163
0.0044319544 -528.163
0.0044321544 -527.364
0.0044323544 -526.164
0.0044325544 -526.964
0.0044327544 -523.366
0.0044329544 -526.964
0.0044331544 -524.965
0.0044333544 -528.163
0.0044335544 -526.164
0.0044337544 -525.764
0.0044339544 -521.766
0.0044341544 -527.764
0.0044343544 -527.764
0.0044345544 -526.964
0.0044347544 -523.366
0.0044349544 -527.364
0.0044351544 -527.764
0.0044353544 -527.364
0.0044355544 -524.965
0.0044357544 -526.564
0.0044359544 -521.766
0.0044361544 -523.765
0.0044363544 -524.965
0.0044365544 -525.365
0.0044367544 -526.564
0.0044369544 -526.564
0.0044371544 -527.364
0.0044373544 -522.966
0.0044375544 -525.365
0.0044377544 -525.365
0.0044379544 -525.365
0.0044381544 -528.163
0.0044383544 -525.764
0.0044385544 -526.164
0.0044387544 -524.965
0.0044389544 -525.764
0.0044391544 -527.764
0.0044393544 -526.964
0.0044395544 -524.565
0.0044397544 -525.365
0.0044399544 -527.764
0.0044401544 -524.965
0.0044403544 -524.965
0.0044405544 -530.562
0.0044407544 -523.366
0.0044409544 -529.763
0.0044411544 -522.966
0.0044413544 -528.563
0.0044415544 -524.965
0.0044417544 -525.365
0.0044419544 -527.764
0.0044421544 -526.964
0.0044423544 -525.365
0.0044425544 -527.364
0.0044427544 -526.964
0.0044429544 -524.965
0.0044431544 -525.764
0.0044433544 -525.764
0.0044435544 -523.366
0.0044437544 -525.764
0.0044439544 -525.365
0.0044441544 -526.564
0.0044443544 -525.764
0.0044445544 -527.364
0.0044447544 -524.965
0.0044449544 -526.564
0.0044451544 -526.164
0.0044453544 -524.965
0.0044455544 -523.765
0.0044457544 -526.564
0.0044459544 -528.163
0.0044461544 -523.765
0.0044463544 -524.965
0.0044465544 -523.366
0.0044467544 -525.764
0.0044469544 -522.166
0.0044471544 -524.565
0.0044473544 -524.165
0.0044475544 -524.965
0.0044477544 -527.764
0.0044479544 -523.765
0.0044481544 -523.366
0.0044483544 -526.564
0.0044485544 -526.564
0.0044487544 -527.364
0.0044489544 -526.964
0.0044491544 -524.165
0.0044493544 -524.165
0.0044495544 -527.364
0.0044497544 -524.565
0.0044499544 -523.366
0.0044501544 -525.764
0.0044503544 -525.365
0.0044505544 -524.165
0.0044507544 -524.565
0.0044509544 -525.764
0.0044511544 -526.164
0.0044513544 -526.164
0.0044515544 -524.165
0.0044517544 -525.764
0.0044519544 -525.365
0.0044521544 -527.364
0.0044523544 -525.365
0.0044525544 -524.565
0.0044527544 -525.764
0.0044529544 -524.565
0.0044531544 -524.165
0.0044533544 -526.564
0.0044535544 -524.965
0.0044537544 -525.365
0.0044539544 -522.566
0.0044541544 -526.164
0.0044543544 -527.364
0.0044545544 -524.565
0.0044547544 -524.965
0.0044549544 -526.964
0.0044551544 -525.764
0.0044553544 -527.764
0.0044555544 -526.564
0.0044557544 -524.165
0.0044559544 -524.965
0.0044561544 -525.764
0.0044563544 -524.565
0.0044565544 -524.165
0.0044567544 -525.365
0.0044569544 -526.164
0.0044571544 -528.563
0.0044573544 -524.165
0.0044575544 -524.565
0.0044577544 -524.165
0.0044579544 -526.164
0.0044581544 -524.565
0.0044583544 -525.764
0.0044585544 -527.364
0.0044587544 -525.365
0.0044589544 -524.565
0.0044591544 -525.365
0.0044593544 -525.764
0.0044595544 -525.365
0.0044597544 -524.965
0.0044599544 -524.965
0.0044601544 -524.165
0.0044603544 -524.965
0.0044605544 -526.564
0.0044607544 -524.165
0.0044609544 -527.364
0.0044611544 -524.965
0.0044613544 -523.765
0.0044615544 -524.165
0.0044617544 -522.566
0.0044619544 -524.965
0.0044621544 -527.364
0.0044623544 -526.964
0.0044625544 -523.765
0.0044627544 -523.366
0.0044629544 -526.164
0.0044631544 -526.164
0.0044633544 -528.163
0.0044635544 -524.965
0.0044637544 -525.365
0.0044639544 -527.764
0.0044641544 -524.165
0.0044643544 -526.564
0.0044645544 -523.765
0.0044647544 -522.966
0.0044649544 -524.965
0.0044651544 -523.366
0.0044653544 -525.365
0.0044655544 -522.966
0.0044657544 -524.165
0.0044659544 -523.765
0.0044661544 -522.966
0.0044663544 -525.365
0.0044665544 -526.564
0.0044667544 -525.764
0.0044669544 -525.365
0.0044671544 -523.366
0.0044673544 -524.965
0.0044675544 -525.365
0.0044677544 -524.165
0.0044679544 -523.765
0.0044681544 -526.164
0.0044683544 -521.366
0.0044685544 -526.164
0.0044687544 -525.365
0.0044689544 -528.163
0.0044691544 -523.366
0.0044693544 -526.964
0.0044695544 -526.964
0.0044697544 -524.165
0.0044699544 -524.965
0.0044701544 -524.965
0.0044703544 -525.764
0.0044705544 -525.365
0.0044707544 -524.565
0.0044709544 -523.366
0.0044711544 -522.966
0.0044713544 -524.165
0.0044715544 -522.166
0.0044717544 -526.964
0.0044719544 -525.365
0.0044721544 -524.565
0.0044723544 -524.965
0.0044725544 -522.166
0.0044727544 -524.965
0.0044729544 -524.565
0.0044731544 -522.166
0.0044733544 -525.764
0.0044735544 -524.965
0.0044737544 -523.765
0.0044739544 -524.565
0.0044741544 -523.765
0.0044743544 -525.365
0.0044745544 -526.964
0.0044747544 -524.565
0.0044749544 -524.165
0.0044751544 -524.965
0.0044753544 -524.965
0.0044755544 -525.365
0.0044757544 -524.565
0.0044759544 -526.964
0.0044761544 -525.764
0.0044763544 -521.366
0.0044765544 -525.764
0.0044767544 -526.564
0.0044769544 -524.965
0.0044771544 -526.564
0.0044773544 -525.365
0.0044775544 -528.163
0.0044777544 -525.764
0.0044779544 -525.365
0.0044781544 -526.964
0.0044783544 -523.366
0.0044785544 -524.165
0.0044787544 -524.565
0.0044789544 -524.565
0.0044791544 -525.365
0.0044793544 -521.766
0.0044795544 -522.966
0.0044797544 -525.365
0.0044799544 -522.566
0.0044801544 -524.165
0.0044803544 -523.765
0.0044805544 -526.564
0.0044807544 -522.166
0.0044809544 -522.966
0.0044811544 -522.566
0.0044813544 -523.765
0.0044815544 -520.567
0.0044817544 -520.167
0.0044819544 -524.165
0.0044821544 -523.366
0.0044823544 -523.366
0.0044825544 -525.365
0.0044827544 -522.966
0.0044829544 -524.965
0.0044831544 -523.366
0.0044833544 -524.965
0.0044835544 -523.765
0.0044837544 -522.966
0.0044839544 -522.166
0.0044841544 -523.366
0.0044843544 -524.965
0.0044845544 -520.567
0.0044847544 -523.366
0.0044849544 -522.566
0.0044851544 -522.566
0.0044853544 -522.166
0.0044855544 -526.164
0.0044857544 -523.366
0.0044859544 -523.366
0.0044861544 -521.766
0.0044863544 -520.967
0.0044865544 -523.366
0.0044867544 -524.965
0.0044869544 -523.366
0.0044871544 -523.765
0.0044873544 -521.366
0.0044875544 -526.564
0.0044877544 -524.165
0.0044879544 -525.764
0.0044881544 -522.566
0.0044883544 -522.566
0.0044885544 -524.565
0.0044887544 -522.566
0.0044889544 -521.766
0.0044891544 -521.766
0.0044893544 -522.166
0.0044895544 -520.167
0.0044897544 -520.167
0.0044899544 -520.567
0.0044901544 -522.166
0.0044903544 -524.565
0.0044905544 -525.764
0.0044907544 -521.366
0.0044909544 -520.967
0.0044911544 -522.566
0.0044913544 -521.366
0.0044915544 -520.167
0.0044917544 -521.366
0.0044919544 -524.165
0.0044921544 -521.366
0.0044923544 -522.966
0.0044925544 -520.967
0.0044927544 -522.566
0.0044929544 -520.567
0.0044931544 -522.166
0.0044933544 -521.766
0.0044935544 -522.966
0.0044937544 -520.567
0.0044939544 -520.967
0.0044941544 -521.366
0.0044943544 -521.766
0.0044945544 -520.967
0.0044947544 -521.766
0.0044949544 -522.966
0.0044951544 -522.966
0.0044953544 -518.968
0.0044955544 -521.766
0.0044957544 -520.567
0.0044959544 -520.567
0.0044961544 -520.167
0.0044963544 -520.967
0.0044965544 -520.967
0.0044967544 -519.767
0.0044969544 -520.567
0.0044971544 -518.968
0.0044973544 -520.967
0.0044975544 -520.167
0.0044977544 -517.768
0.0044979544 -520.567
0.0044981544 -518.968
0.0044983544 -520.167
0.0044985544 -520.167
0.0044987544 -520.567
0.0044989544 -519.367
0.0044991544 -522.166
0.0044993544 -520.967
0.0044995544 -516.968
0.0044997544 -520.967
0.0044999544 -520.567
0.0045001544 -517.768
0.0045003544 -519.367
0.0045005544 -517.768
0.0045007544 -521.366
0.0045009544 -520.567
0.0045011544 -519.767
0.0045013544 -518.968
0.0045015544 -518.968
0.0045017544 -519.367
0.0045019544 -518.568
0.0045021544 -521.766
0.0045023544 -519.367
0.0045025544 -521.366
0.0045027544 -518.568
0.0045029544 -518.968
0.0045031544 -521.366
0.0045033544 -517.768
0.0045035544 -520.167
0.0045037544 -518.968
0.0045039544 -518.568
0.0045041544 -518.968
0.0045043544 -520.167
0.0045045544 -518.568
0.0045047544 -518.968
0.0045049544 -517.768
0.0045051544 -520.167
0.0045053544 -518.168
0.0045055544 -516.569
0.0045057544 -516.968
0.0045059544 -518.168
0.0045061544 -519.767
0.0045063544 -519.367
0.0045065544 -517.368
0.0045067544 -520.567
0.0045069544 -519.367
0.0045071544 -516.569
0.0045073544 -519.367
0.0045075544 -517.768
0.0045077544 -516.569
0.0045079544 -516.569
0.0045081544 -518.568
0.0045083544 -518.168
0.0045085544 -518.168
0.0045087544 -516.968
0.0045089544 -517.368
0.0045091544 -520.567
0.0045093544 -520.167
0.0045095544 -518.968
0.0045097544 -519.367
0.0045099544 -516.169
0.0045101544 -520.567
0.0045103544 -518.168
0.0045105544 -518.968
0.0045107544 -517.768
0.0045109544 -519.367
0.0045111544 -517.768
0.0045113544 -514.969
0.0045115544 -516.968
0.0045117544 -520.967
0.0045119544 -516.169
0.0045121544 -518.168
0.0045123544 -518.568
0.0045125544 -515.769
0.0045127544 -516.569
0.0045129544 -516.569
0.0045131544 -519.367
0.0045133544 -516.569
0.0045135544 -518.168
0.0045137544 -518.168
0.0045139544 -515.769
0.0045141544 -518.568
0.0045143544 -517.768
0.0045145544 -518.568
0.0045147544 -517.768
0.0045149544 -515.369
0.0045151544 -516.569
0.0045153544 -520.967
0.0045155544 -515.369
0.0045157544 -516.169
0.0045159544 -518.168
0.0045161544 -516.569
0.0045163544 -517.768
0.0045165544 -516.569
0.0045167544 -517.368
0.0045169544 -516.169
0.0045171544 -517.368
0.0045173544 -516.169
0.0045175544 -518.568
0.0045177544 -516.968
0.0045179544 -517.768
0.0045181544 -516.169
0.0045183544 -517.368
0.0045185544 -515.769
0.0045187544 -516.968
0.0045189544 -515.769
0.0045191544 -517.368
0.0045193544 -516.569
0.0045195544 -516.968
0.0045197544 -516.968
0.0045199544 -518.568
0.0045201544 -517.368
0.0045203544 -516.169
0.0045205544 -516.569
0.0045207544 -514.969
0.0045209544 -518.968
0.0045211544 -514.569
0.0045213544 -514.569
0.0045215544 -517.768
0.0045217544 -514.969
0.0045219544 -517.768
0.0045221544 -516.169
0.0045223544 -516.169
0.0045225544 -515.369
0.0045227544 -514.969
0.0045229544 -515.769
0.0045231544 -516.569
0.0045233544 -517.368
0.0045235544 -517.768
0.0045237544 -516.569
0.0045239544 -514.569
0.0045241544 -514.17
0.0045243544 -518.168
0.0045245544 -517.768
0.0045247544 -515.769
0.0045249544 -514.17
0.0045251544 -519.367
0.0045253544 -514.969
0.0045255544 -517.368
0.0045257544 -516.169
0.0045259544 -516.968
0.0045261544 -514.569
0.0045263544 -515.369
0.0045265544 -513.37
0.0045267544 -515.769
0.0045269544 -517.368
0.0045271544 -514.569
0.0045273544 -514.969
0.0045275544 -517.368
0.0045277544 -514.569
0.0045279544 -516.968
0.0045281544 -513.77
0.0045283544 -514.969
0.0045285544 -514.17
0.0045287544 -516.569
0.0045289544 -515.369
0.0045291544 -515.769
0.0045293544 -513.77
0.0045295544 -517.368
0.0045297544 -514.969
0.0045299544 -514.569
0.0045301544 -515.369
0.0045303544 -515.369
0.0045305544 -513.77
0.0045307544 -514.969
0.0045309544 -515.769
0.0045311544 -516.169
0.0045313544 -513.77
0.0045315544 -514.969
0.0045317544 -513.77
0.0045319544 -513.77
0.0045321544 -514.969
0.0045323544 -513.77
0.0045325544 -515.769
0.0045327544 -510.971
0.0045329544 -512.57
0.0045331544 -515.769
0.0045333544 -512.97
0.0045335544 -513.77
0.0045337544 -515.369
0.0045339544 -517.368
0.0045341544 -516.169
0.0045343544 -514.569
0.0045345544 -514.17
0.0045347544 -513.37
0.0045349544 -516.169
0.0045351544 -516.169
0.0045353544 -514.17
0.0045355544 -514.969
0.0045357544 -514.969
0.0045359544 -511.371
0.0045361544 -514.969
0.0045363544 -514.969
0.0045365544 -513.37
0.0045367544 -514.969
0.0045369544 -514.17
0.0045371544 -515.369
0.0045373544 -515.369
0.0045375544 -514.17
0.0045377544 -514.969
0.0045379544 -515.769
0.0045381544 -513.37
0.0045383544 -514.969
0.0045385544 -515.369
0.0045387544 -514.17
0.0045389544 -515.369
0.0045391544 -513.77
0.0045393544 -513.77
0.0045395544 -510.971
0.0045397544 -515.369
0.0045399544 -515.369
0.0045401544 -514.17
0.0045403544 -513.77
0.0045405544 -514.17
0.0045407544 -514.569
0.0045409544 -513.37
0.0045411544 -513.37
0.0045413544 -512.171
0.0045415544 -515.369
0.0045417544 -513.37
0.0045419544 -513.77
0.0045421544 -510.971
0.0045423544 -513.37
0.0045425544 -513.37
0.0045427544 -510.571
0.0045429544 -510.171
0.0045431544 -512.171
0.0045433544 -510.571
0.0045435544 -514.17
0.0045437544 -515.369
0.0045439544 -513.37
0.0045441544 -512.57
0.0045443544 -511.771
0.0045445544 -510.971
0.0045447544 -514.17
0.0045449544 -512.171
0.0045451544 -514.569
0.0045453544 -511.771
0.0045455544 -512.171
0.0045457544 -515.369
0.0045459544 -511.771
0.0045461544 -512.171
0.0045463544 -512.57
0.0045465544 -511.771
0.0045467544 -511.771
0.0045469544 -512.57
0.0045471544 -511.771
0.0045473544 -514.969
0.0045475544 -511.771
0.0045477544 -513.77
0.0045479544 -512.97
0.0045481544 -511.771
0.0045483544 -512.57
0.0045485544 -513.77
0.0045487544 -512.57
0.0045489544 -512.171
0.0045491544 -514.569
0.0045493544 -510.571
0.0045495544 -512.97
0.0045497544 -513.77
0.0045499544 -511.371
0.0045501544 -510.971
0.0045503544 -511.371
0.0045505544 -512.97
0.0045507544 -512.97
0.0045509544 -512.57
0.0045511544 -513.77
0.0045513544 -513.37
0.0045515544 -511.771
0.0045517544 -512.97
0.0045519544 -514.17
0.0045521544 -511.771
0.0045523544 -510.971
0.0045525544 -510.171
0.0045527544 -512.97
0.0045529544 -510.171
0.0045531544 -510.971
0.0045533544 -512.57
0.0045535544 -510.971
0.0045537544 -510.971
0.0045539544 -510.571
0.0045541544 -511.771
0.0045543544 -512.97
0.0045545544 -511.771
0.0045547544 -514.569
0.0045549544 -510.971
0.0045551544 -511.771
0.0045553544 -512.171
0.0045555544 -510.571
0.0045557544 -511.371
0.0045559544 -510.171
0.0045561544 -510.971
0.0045563544 -510.171
0.0045565544 -510.571
0.0045567544 -511.771
0.0045569544 -512.57
0.0045571544 -510.171
0.0045573544 -512.171
0.0045575544 -512.171
0.0045577544 -509.372
0.0045579544 -509.372
0.0045581544 -512.171
0.0045583544 -508.572
0.0045585544 -509.772
0.0045587544 -512.171
0.0045589544 -510.171
0.0045591544 -508.572
0.0045593544 -510.971
0.0045595544 -510.571
0.0045597544 -508.172
0.0045599544 -508.972
0.0045601544 -511.371
0.0045603544 -509.372
0.0045605544 -508.572
0.0045607544 -509.772
0.0045609544 -509.772
0.0045611544 -507.373
0.0045613544 -511.771
0.0045615544 -511.371
0.0045617544 -510.971
0.0045619544 -512.171
0.0045621544 -509.372
0.0045623544 -508.972
0.0045625544 -510.971
0.0045627544 -507.373
0.0045629544 -510.971
0.0045631544 -508.572
0.0045633544 -511.771
0.0045635544 -510.171
0.0045637544 -509.372
0.0045639544 -507.373
0.0045641544 -510.571
0.0045643544 -511.771
0.0045645544 -507.373
0.0045647544 -508.572
0.0045649544 -510.171
0.0045651544 -508.572
0.0045653544 -508.572
0.0045655544 -507.373
0.0045657544 -508.972
0.0045659544 -508.572
0.0045661544 -510.971
0.0045663544 -508.972
0.0045665544 -507.773
0.0045667544 -510.571
0.0045669544 -506.573
0.0045671544 -510.571
0.0045673544 -508.572
0.0045675544 -508.972
0.0045677544 -509.772
0.0045679544 -510.971
0.0045681544 -506.573
0.0045683544 -509.372
0.0045685544 -506.573
0.0045687544 -507.773
0.0045689544 -508.972
0.0045691544 -510.571
0.0045693544 -509.372
0.0045695544 -506.573
0.0045697544 -507.373
0.0045699544 -507.373
0.0045701544 -509.372
0.0045703544 -508.972
0.0045705544 -506.573
0.0045707544 -508.572
0.0045709544 -510.971
0.0045711544 -509.772
0.0045713544 -507.773
0.0045715544 -509.372
0.0045717544 -506.173
0.0045719544 -506.173
0.0045721544 -507.773
0.0045723544 -511.371
0.0045725544 -506.173
0.0045727544 -508.172
0.0045729544 -507.773
0.0045731544 -506.973
0.0045733544 -507.373
0.0045735544 -506.973
0.0045737544 -507.773
0.0045739544 -507.773
0.0045741544 -507.373
0.0045743544 -507.773
0.0045745544 -508.172
0.0045747544 -508.572
0.0045749544 -508.572
0.0045751544 -505.374
0.0045753544 -506.173
0.0045755544 -505.773
0.0045757544 -505.773
0.0045759544 -506.973
0.0045761544 -504.574
0.0045763544 -508.572
0.0045765544 -506.573
0.0045767544 -504.174
0.0045769544 -506.973
0.0045771544 -506.573
0.0045773544 -508.172
0.0045775544 -508.172
0.0045777544 -504.574
0.0045779544 -507.373
0.0045781544 -505.374
0.0045783544 -506.173
0.0045785544 -504.174
0.0045787544 -506.973
0.0045789544 -506.973
0.0045791544 -505.773
0.0045793544 -506.173
0.0045795544 -504.574
0.0045797544 -506.573
0.0045799544 -508.972
0.0045801544 -502.175
0.0045803544 -507.773
0.0045805544 -502.575
0.0045807544 -505.773
0.0045809544 -504.174
0.0045811544 -509.772
0.0045813544 -506.173
0.0045815544 -506.973
0.0045817544 -504.174
0.0045819544 -504.974
0.0045821544 -508.172
0.0045823544 -504.574
0.0045825544 -504.174
0.0045827544 -504.574
0.0045829544 -502.575
0.0045831544 -504.574
0.0045833544 -504.174
0.0045835544 -506.173
0.0045837544 -506.973
0.0045839544 -504.174
0.0045841544 -507.373
0.0045843544 -505.773
0.0045845544 -504.574
0.0045847544 -506.173
0.0045849544 -502.175
0.0045851544 -505.374
0.0045853544 -504.574
0.0045855544 -505.374
0.0045857544 -505.374
0.0045859544 -503.774
0.0045861544 -504.574
0.0045863544 -501.775
0.0045865544 -504.174
0.0045867544 -502.975
0.0045869544 -503.374
0.0045871544 -506.973
0.0045873544 -504.174
0.0045875544 -506.173
0.0045877544 -506.573
0.0045879544 -504.974
0.0045881544 -502.575
0.0045883544 -506.973
0.0045885544 -505.773
0.0045887544 -503.774
0.0045889544 -505.374
0.0045891544 -505.773
0.0045893544 -504.574
0.0045895544 -504.574
0.0045897544 -503.774
0.0045899544 -503.774
0.0045901544 -504.174
0.0045903544 -503.374
0.0045905544 -504.174
0.0045907544 -504.574
0.0045909544 -503.374
0.0045911544 -503.374
0.0045913544 -500.576
0.0045915544 -502.975
0.0045917544 -504.574
0.0045919544 -502.575
0.0045921544 -503.374
0.0045923544 -504.574
0.0045925544 -505.773
0.0045927544 -502.575
0.0045929544 -504.574
0.0045931544 -504.174
0.0045933544 -504.974
0.0045935544 -506.573
0.0045937544 -501.775
0.0045939544 -505.773
0.0045941544 -506.173
0.0045943544 -501.375
0.0045945544 -502.975
0.0045947544 -502.175
0.0045949544 -504.174
0.0045951544 -502.975
0.0045953544 -504.974
0.0045955544 -503.374
0.0045957544 -502.975
0.0045959544 -500.976
0.0045961544 -502.975
0.0045963544 -503.774
0.0045965544 -503.774
0.0045967544 -505.374
0.0045969544 -502.975
0.0045971544 -504.174
0.0045973544 -504.574
0.0045975544 -503.374
0.0045977544 -503.374
0.0045979544 -502.975
0.0045981544 -503.774
0.0045983544 -503.374
0.0045985544 -502.975
0.0045987544 -504.974
0.0045989544 -504.174
0.0045991544 -505.374
0.0045993544 -503.774
0.0045995544 -504.174
0.0045997544 -503.374
0.0045999544 -503.774
0.0046001544 -504.174
0.0046003544 -502.975
0.0046005544 -504.174
0.0046007544 -502.575
0.0046009544 -504.574
0.0046011544 -504.974
0.0046013544 -503.774
0.0046015544 -503.374
0.0046017544 -502.975
0.0046019544 -504.974
0.0046021544 -503.774
0.0046023544 -505.374
0.0046025544 -505.773
0.0046027544 -504.574
0.0046029544 -503.374
0.0046031544 -504.174
0.0046033544 -505.374
0.0046035544 -506.173
0.0046037544 -504.574
0.0046039544 -502.975
0.0046041544 -502.575
0.0046043544 -504.174
0.0046045544 -502.175
0.0046047544 -503.774
0.0046049544 -504.174
0.0046051544 -506.573
0.0046053544 -501.775
0.0046055544 -502.975
0.0046057544 -502.175
0.0046059544 -502.175
0.0046061544 -504.974
0.0046063544 -502.175
0.0046065544 -505.374
0.0046067544 -502.575
0.0046069544 -503.774
0.0046071544 -505.773
0.0046073544 -501.375
0.0046075544 -504.174
0.0046077544 -505.374
0.0046079544 -503.774
0.0046081544 -502.575
0.0046083544 -501.775
0.0046085544 -502.975
0.0046087544 -502.975
0.0046089544 -504.174
0.0046091544 -501.375
0.0046093544 -505.374
0.0046095544 -503.774
0.0046097544 -505.773
0.0046099544 -503.774
0.0046101544 -501.775
0.0046103544 -504.574
0.0046105544 -503.774
0.0046107544 -505.374
0.0046109544 -501.375
0.0046111544 -503.774
0.0046113544 -504.574
0.0046115544 -502.975
0.0046117544 -503.374
0.0046119544 -502.575
0.0046121544 -502.175
0.0046123544 -502.575
0.0046125544 -501.375
0.0046127544 -503.774
0.0046129544 -502.975
0.0046131544 -502.575
0.0046133544 -505.773
0.0046135544 -503.374
0.0046137544 -505.374
0.0046139544 -502.575
0.0046141544 -506.173
0.0046143544 -502.175
0.0046145544 -500.576
0.0046147544 -502.975
0.0046149544 -500.576
0.0046151544 -503.374
0.0046153544 -502.575
0.0046155544 -504.174
0.0046157544 -501.375
0.0046159544 -502.975
0.0046161544 -504.974
0.0046163544 -502.975
0.0046165544 -503.374
0.0046167544 -502.975
0.0046169544 -502.575
0.0046171544 -501.775
0.0046173544 -504.574
0.0046175544 -504.174
0.0046177544 -500.976
0.0046179544 -505.773
0.0046181544 -500.576
0.0046183544 -502.975
0.0046185544 -504.174
0.0046187544 -504.174
0.0046189544 -503.374
0.0046191544 -503.374
0.0046193544 -502.575
0.0046195544 -501.775
0.0046197544 -500.976
0.0046199544 -504.574
0.0046201544 -504.574
0.0046203544 -500.976
0.0046205544 -503.374
0.0046207544 -502.975
0.0046209544 -504.974
0.0046211544 -502.975
0.0046213544 -503.774
0.0046215544 -505.773
0.0046217544 -503.374
0.0046219544 -504.974
0.0046221544 -504.574
0.0046223544 -502.175
0.0046225544 -504.174
0.0046227544 -505.773
0.0046229544 -503.774
0.0046231544 -502.975
0.0046233544 -503.774
0.0046235544 -503.774
0.0046237544 -502.975
0.0046239544 -504.574
0.0046241544 -503.774
0.0046243544 -504.574
0.0046245544 -502.975
0.0046247544 -502.975
0.0046249544 -504.574
0.0046251544 -503.374
0.0046253544 -503.374
0.0046255544 -502.175
0.0046257544 -504.974
0.0046259544 -504.574
0.0046261544 -503.774
0.0046263544 -503.774
0.0046265544 -500.576
0.0046267544 -501.775
0.0046269544 -503.774
0.0046271544 -503.374
0.0046273544 -502.175
0.0046275544 -503.774
0.0046277544 -503.774
0.0046279544 -503.774
0.0046281544 -502.975
0.0046283544 -503.374
0.0046285544 -504.974
0.0046287544 -501.775
0.0046289544 -503.774
0.0046291544 -501.375
0.0046293544 -500.976
0.0046295544 -503.774
0.0046297544 -502.175
0.0046299544 -500.576
0.0046301544 -504.174
0.0046303544 -502.975
0.0046305544 -503.774
0.0046307544 -505.773
0.0046309544 -502.975
0.0046311544 -501.375
0.0046313544 -501.775
0.0046315544 -506.973
0.0046317544 -504.574
0.0046319544 -502.175
0.0046321544 -504.174
0.0046323544 -506.173
0.0046325544 -506.173
0.0046327544 -506.173
0.0046329544 -502.575
0.0046331544 -504.974
0.0046333544 -502.975
0.0046335544 -502.175
0.0046337544 -502.575
0.0046339544 -505.374
0.0046341544 -505.773
0.0046343544 -506.173
0.0046345544 -505.374
0.0046347544 -503.374
0.0046349544 -504.974
0.0046351544 -505.773
0.0046353544 -504.174
0.0046355544 -504.174
0.0046357544 -505.374
0.0046359544 -505.773
0.0046361544 -504.574
0.0046363544 -502.175
0.0046365544 -504.174
0.0046367544 -504.974
0.0046369544 -503.774
0.0046371544 -505.374
0.0046373544 -503.374
0.0046375544 -503.774
0.0046377544 -503.374
0.0046379544 -500.976
0.0046381544 -504.174
0.0046383544 -503.774
0.0046385544 -504.574
0.0046387544 -505.773
0.0046389544 -503.774
0.0046391544 -504.574
0.0046393544 -504.574
0.0046395544 -502.975
0.0046397544 -502.575
0.0046399544 -503.774
0.0046401544 -504.974
0.0046403544 -504.974
0.0046405544 -503.774
0.0046407544 -504.174
0.0046409544 -501.775
0.0046411544 -504.174
0.0046413544 -503.374
0.0046415544 -503.774
0.0046417544 -504.574
0.0046419544 -502.575
0.0046421544 -502.975
0.0046423544 -502.975
0.0046425544 -504.174
0.0046427544 -505.374
0.0046429544 -504.174
0.0046431544 -504.174
0.0046433544 -505.773
0.0046435544 -504.174
0.0046437544 -503.374
0.0046439544 -504.974
0.0046441544 -503.374
0.0046443544 -504.174
0.0046445544 -504.574
0.0046447544 -504.174
0.0046449544 -502.175
0.0046451544 -504.174
0.0046453544 -501.775
0.0046455544 -502.175
0.0046457544 -504.974
0.0046459544 -504.974
0.0046461544 -503.374
0.0046463544 -502.975
0.0046465544 -503.774
0.0046467544 -503.774
0.0046469544 -502.175
0.0046471544 -502.975
0.0046473544 -503.774
0.0046475544 -503.374
0.0046477544 -504.574
0.0046479544 -502.975
0.0046481544 -501.375
0.0046483544 -506.173
0.0046485544 -504.174
0.0046487544 -503.774
0.0046489544 -504.574
0.0046491544 -500.976
0.0046493544 -504.174
0.0046495544 -503.374
0.0046497544 -503.774
0.0046499544 -504.574
0.0046501544 -501.375
0.0046503544 -505.374
0.0046505544 -503.374
0.0046507544 -502.975
0.0046509544 -503.774
0.0046511544 -504.574
0.0046513544 -504.574
0.0046515544 -505.773
0.0046517544 -504.974
0.0046519544 -503.774
0.0046521544 -503.374
0.0046523544 -506.173
0.0046525544 -505.374
0.0046527544 -504.574
0.0046529544 -505.374
0.0046531544 -506.173
0.0046533544 -505.773
0.0046535544 -504.574
0.0046537544 -504.574
0.0046539544 -505.374
0.0046541544 -504.174
0.0046543544 -504.174
0.0046545544 -506.973
0.0046547544 -504.974
0.0046549544 -505.374
0.0046551544 -508.572
0.0046553544 -504.174
0.0046555544 -502.575
0.0046557544 -508.972
0.0046559544 -504.974
0.0046561544 -506.973
0.0046563544 -508.972
0.0046565544 -507.373
0.0046567544 -506.173
0.0046569544 -505.773
0.0046571544 -505.374
0.0046573544 -506.173
0.0046575544 -504.574
0.0046577544 -506.573
0.0046579544 -504.174
0.0046581544 -505.374
0.0046583544 -506.173
0.0046585544 -506.973
0.0046587544 -507.373
0.0046589544 -506.573
0.0046591544 -505.773
0.0046593544 -506.573
0.0046595544 -505.374
0.0046597544 -506.173
0.0046599544 -505.773
0.0046601544 -506.573
0.0046603544 -506.573
0.0046605544 -506.573
0.0046607544 -509.372
0.0046609544 -507.373
0.0046611544 -507.373
0.0046613544 -506.573
0.0046615544 -506.173
0.0046617544 -508.572
0.0046619544 -509.372
0.0046621544 -506.973
0.0046623544 -506.973
0.0046625544 -504.974
0.0046627544 -506.573
0.0046629544 -506.573
0.0046631544 -508.572
0.0046633544 -505.374
0.0046635544 -507.373
0.0046637544 -505.773
0.0046639544 -507.773
0.0046641544 -506.573
0.0046643544 -508.572
0.0046645544 -506.573
0.0046647544 -506.573
0.0046649544 -506.573
0.0046651544 -508.572
0.0046653544 -506.973
0.0046655544 -508.972
0.0046657544 -509.372
0.0046659544 -506.573
0.0046661544 -509.372
0.0046663544 -507.773
0.0046665544 -507.373
0.0046667544 -507.373
0.0046669544 -509.372
0.0046671544 -504.574
0.0046673544 -506.973
0.0046675544 -508.572
0.0046677544 -508.972
0.0046679544 -506.573
0.0046681544 -506.173
0.0046683544 -507.773
0.0046685544 -506.973
0.0046687544 -508.572
0.0046689544 -508.172
0.0046691544 -507.773
0.0046693544 -506.973
0.0046695544 -507.373
0.0046697544 -507.773
0.0046699544 -508.172
0.0046701544 -507.373
0.0046703544 -508.972
0.0046705544 -507.773
0.0046707544 -510.171
0.0046709544 -508.972
0.0046711544 -506.173
0.0046713544 -508.172
0.0046715544 -505.773
0.0046717544 -508.572
0.0046719544 -508.172
0.0046721544 -508.572
0.0046723544 -506.173
0.0046725544 -506.573
0.0046727544 -507.373
0.0046729544 -507.373
0.0046731544 -509.372
0.0046733544 -506.573
0.0046735544 -509.772
0.0046737544 -509.372
0.0046739544 -509.772
0.0046741544 -509.372
0.0046743544 -511.771
0.0046745544 -510.171
0.0046747544 -509.372
0.0046749544 -510.171
0.0046751544 -509.772
0.0046753544 -510.971
0.0046755544 -508.172
0.0046757544 -509.372
0.0046759544 -508.572
0.0046761544 -511.771
0.0046763544 -510.971
0.0046765544 -508.572
0.0046767544 -509.372
0.0046769544 -508.972
0.0046771544 -509.772
0.0046773544 -510.171
0.0046775544 -508.972
0.0046777544 -506.573
0.0046779544 -509.372
0.0046781544 -509.372
0.0046783544 -510.971
0.0046785544 -510.971
0.0046787544 -508.972
0.0046789544 -509.372
0.0046791544 -509.772
0.0046793544 -509.372
0.0046795544 -510.171
0.0046797544 -510.571
0.0046799544 -512.171
0.0046801544 -511.371
0.0046803544 -509.372
0.0046805544 -509.372
0.0046807544 -510.171
0.0046809544 -507.773
0.0046811544 -513.37
0.0046813544 -508.972
0.0046815544 -510.971
0.0046817544 -510.571
0.0046819544 -512.171
0.0046821544 -509.372
0.0046823544 -511.771
0.0046825544 -510.971
0.0046827544 -507.773
0.0046829544 -509.372
0.0046831544 -510.171
0.0046833544 -512.171
0.0046835544 -511.371
0.0046837544 -510.971
0.0046839544 -511.371
0.0046841544 -513.77
0.0046843544 -508.572
0.0046845544 -508.572
0.0046847544 -508.172
0.0046849544 -512.57
0.0046851544 -511.371
0.0046853544 -510.571
0.0046855544 -511.771
0.0046857544 -511.771
0.0046859544 -513.37
0.0046861544 -510.171
0.0046863544 -511.771
0.0046865544 -510.171
0.0046867544 -508.972
0.0046869544 -509.372
0.0046871544 -513.77
0.0046873544 -510.571
0.0046875544 -508.972
0.0046877544 -511.771
0.0046879544 -512.97
0.0046881544 -512.57
0.0046883544 -512.171
0.0046885544 -512.171
0.0046887544 -509.372
0.0046889544 -513.77
0.0046891544 -512.97
0.0046893544 -513.77
0.0046895544 -515.369
0.0046897544 -511.771
0.0046899544 -510.571
0.0046901544 -512.57
0.0046903544 -512.57
0.0046905544 -512.57
0.0046907544 -510.971
0.0046909544 -511.371
0.0046911544 -512.97
0.0046913544 -514.17
0.0046915544 -514.569
0.0046917544 -512.57
0.0046919544 -510.171
0.0046921544 -511.771
0.0046923544 -511.371
0.0046925544 -511.771
0.0046927544 -514.969
0.0046929544 -513.37
0.0046931544 -514.969
0.0046933544 -512.57
0.0046935544 -514.17
0.0046937544 -511.371
0.0046939544 -512.57
0.0046941544 -511.371
0.0046943544 -513.37
0.0046945544 -513.37
0.0046947544 -514.17
0.0046949544 -512.97
0.0046951544 -512.97
0.0046953544 -511.771
0.0046955544 -512.97
0.0046957544 -511.371
0.0046959544 -514.969
0.0046961544 -513.37
0.0046963544 -512.57
0.0046965544 -511.371
0.0046967544 -510.971
0.0046969544 -511.771
0.0046971544 -514.969
0.0046973544 -512.57
0.0046975544 -514.17
0.0046977544 -512.57
0.0046979544 -513.77
0.0046981544 -511.771
0.0046983544 -513.77
0.0046985544 -512.97
0.0046987544 -515.369
0.0046989544 -512.57
0.0046991544 -513.37
0.0046993544 -512.57
0.0046995544 -512.57
0.0046997544 -512.57
0.0046999544 -514.969
0.0047001544 -511.771
0.0047003544 -514.969
0.0047005544 -515.369
0.0047007544 -514.17
0.0047009544 -512.171
0.0047011544 -515.369
0.0047013544 -514.17
0.0047015544 -515.769
0.0047017544 -514.569
0.0047019544 -514.17
0.0047021544 -514.17
0.0047023544 -515.369
0.0047025544 -513.77
0.0047027544 -512.97
0.0047029544 -511.771
0.0047031544 -515.769
0.0047033544 -514.969
0.0047035544 -514.969
0.0047037544 -515.769
0.0047039544 -515.769
0.0047041544 -515.369
0.0047043544 -513.77
0.0047045544 -514.569
0.0047047544 -516.569
0.0047049544 -515.369
0.0047051544 -516.169
0.0047053544 -516.569
0.0047055544 -517.368
0.0047057544 -517.368
0.0047059544 -515.769
0.0047061544 -514.17
0.0047063544 -515.369
0.0047065544 -513.77
0.0047067544 -514.569
0.0047069544 -516.169
0.0047071544 -514.969
0.0047073544 -516.968
0.0047075544 -514.569
0.0047077544 -514.17
0.0047079544 -516.569
0.0047081544 -514.17
0.0047083544 -516.968
0.0047085544 -516.968
0.0047087544 -515.769
0.0047089544 -516.968
0.0047091544 -517.368
0.0047093544 -515.369
0.0047095544 -516.968
0.0047097544 -516.569
0.0047099544 -517.368
0.0047101544 -514.17
0.0047103544 -515.769
0.0047105544 -518.168
0.0047107544 -519.367
0.0047109544 -514.969
0.0047111544 -519.767
0.0047113544 -515.369
0.0047115544 -516.968
0.0047117544 -517.368
0.0047119544 -516.968
0.0047121544 -516.569
0.0047123544 -518.968
0.0047125544 -515.769
0.0047127544 -517.368
0.0047129544 -516.968
0.0047131544 -519.367
0.0047133544 -516.968
0.0047135544 -516.968
0.0047137544 -517.368
0.0047139544 -520.567
0.0047141544 -517.768
0.0047143544 -519.367
0.0047145544 -516.968
0.0047147544 -516.569
0.0047149544 -516.569
0.0047151544 -518.968
0.0047153544 -519.767
0.0047155544 -516.968
0.0047157544 -521.366
0.0047159544 -518.968
0.0047161544 -516.169
0.0047163544 -518.168
0.0047165544 -515.369
0.0047167544 -517.368
0.0047169544 -517.368
0.0047171544 -520.167
0.0047173544 -516.968
0.0047175544 -520.167
0.0047177544 -518.568
0.0047179544 -517.768
0.0047181544 -519.367
0.0047183544 -519.367
0.0047185544 -521.366
0.0047187544 -517.368
0.0047189544 -517.368
0.0047191544 -517.768
0.0047193544 -516.968
0.0047195544 -519.367
0.0047197544 -519.767
0.0047199544 -517.768
0.0047201544 -518.168
0.0047203544 -516.968
0.0047205544 -517.768
0.0047207544 -519.367
0.0047209544 -518.568
0.0047211544 -518.568
0.0047213544 -518.968
0.0047215544 -520.167
0.0047217544 -518.968
0.0047219544 -519.367
0.0047221544 -519.767
0.0047223544 -518.168
0.0047225544 -519.367
0.0047227544 -516.968
0.0047229544 -517.368
0.0047231544 -518.968
0.0047233544 -519.367
0.0047235544 -520.167
0.0047237544 -521.766
0.0047239544 -518.568
0.0047241544 -517.368
0.0047243544 -518.968
0.0047245544 -519.767
0.0047247544 -521.766
0.0047249544 -522.166
0.0047251544 -519.767
0.0047253544 -520.167
0.0047255544 -520.567
0.0047257544 -520.167
0.0047259544 -520.167
0.0047261544 -520.967
0.0047263544 -520.567
0.0047265544 -521.366
0.0047267544 -520.167
0.0047269544 -520.567
0.0047271544 -518.968
0.0047273544 -521.366
0.0047275544 -520.967
0.0047277544 -519.367
0.0047279544 -521.766
0.0047281544 -522.966
0.0047283544 -519.367
0.0047285544 -520.567
0.0047287544 -520.967
0.0047289544 -518.968
0.0047291544 -520.567
0.0047293544 -519.767
0.0047295544 -519.767
0.0047297544 -521.366
0.0047299544 -521.366
0.0047301544 -521.366
0.0047303544 -520.567
0.0047305544 -521.766
0.0047307544 -523.366
0.0047309544 -520.167
0.0047311544 -520.967
0.0047313544 -522.166
0.0047315544 -518.968
0.0047317544 -522.566
0.0047319544 -521.366
0.0047321544 -520.967
0.0047323544 -522.166
0.0047325544 -522.966
0.0047327544 -519.767
0.0047329544 -523.765
0.0047331544 -521.366
0.0047333544 -522.566
0.0047335544 -521.766
0.0047337544 -520.967
0.0047339544 -522.966
0.0047341544 -523.765
0.0047343544 -520.167
0.0047345544 -520.567
0.0047347544 -521.366
0.0047349544 -522.966
0.0047351544 -523.765
0.0047353544 -520.567
0.0047355544 -521.366
0.0047357544 -521.366
0.0047359544 -520.567
0.0047361544 -524.565
0.0047363544 -524.565
0.0047365544 -523.366
0.0047367544 -523.765
0.0047369544 -523.366
0.0047371544 -522.566
0.0047373544 -522.566
0.0047375544 -521.366
0.0047377544 -522.566
0.0047379544 -523.366
0.0047381544 -522.166
0.0047383544 -524.565
0.0047385544 -523.366
0.0047387544 -525.365
0.0047389544 -522.566
0.0047391544 -524.165
0.0047393544 -523.765
0.0047395544 -523.765
0.0047397544 -525.365
0.0047399544 -523.366
0.0047401544 -522.166
0.0047403544 -523.765
0.0047405544 -521.766
0.0047407544 -521.366
0.0047409544 -523.366
0.0047411544 -522.966
0.0047413544 -522.166
0.0047415544 -523.366
0.0047417544 -522.566
0.0047419544 -524.565
0.0047421544 -522.966
0.0047423544 -521.766
0.0047425544 -522.166
0.0047427544 -523.366
0.0047429544 -523.366
0.0047431544 -524.965
0.0047433544 -522.566
0.0047435544 -525.365
0.0047437544 -523.765
0.0047439544 -522.966
0.0047441544 -522.966
0.0047443544 -524.965
0.0047445544 -522.966
0.0047447544 -521.366
0.0047449544 -523.366
0.0047451544 -522.166
0.0047453544 -523.366
0.0047455544 -522.966
0.0047457544 -522.966
0.0047459544 -522.166
0.0047461544 -524.165
0.0047463544 -522.566
0.0047465544 -525.764
0.0047467544 -522.966
0.0047469544 -524.165
0.0047471544 -523.765
0.0047473544 -524.165
0.0047475544 -522.966
0.0047477544 -524.165
0.0047479544 -523.366
0.0047481544 -522.566
0.0047483544 -526.164
0.0047485544 -523.366
0.0047487544 -525.365
0.0047489544 -523.765
0.0047491544 -523.366
0.0047493544 -525.365
0.0047495544 -524.565
0.0047497544 -522.566
0.0047499544 -524.565
0.0047501544 -522.966
0.0047503544 -525.764
0.0047505544 -524.165
0.0047507544 -521.766
0.0047509544 -525.764
0.0047511544 -526.964
0.0047513544 -526.964
0.0047515544 -525.365
0.0047517544 -522.966
0.0047519544 -524.165
0.0047521544 -522.566
0.0047523544 -524.965
0.0047525544 -525.764
0.0047527544 -525.365
0.0047529544 -524.565
0.0047531544 -526.164
0.0047533544 -527.364
0.0047535544 -529.363
0.0047537544 -522.966
0.0047539544 -525.764
0.0047541544 -525.365
0.0047543544 -526.164
0.0047545544 -522.966
0.0047547544 -526.164
0.0047549544 -524.565
0.0047551544 -524.565
0.0047553544 -526.964
0.0047555544 -527.364
0.0047557544 -525.764
0.0047559544 -524.165
0.0047561544 -525.764
0.0047563544 -525.365
0.0047565544 -526.564
0.0047567544 -528.163
0.0047569544 -524.965
0.0047571544 -527.364
0.0047573544 -524.965
0.0047575544 -526.564
0.0047577544 -525.764
0.0047579544 -525.365
0.0047581544 -527.364
0.0047583544 -525.365
0.0047585544 -523.765
0.0047587544 -528.163
0.0047589544 -524.965
0.0047591544 -526.164
0.0047593544 -525.764
0.0047595544 -526.164
0.0047597544 -529.763
0.0047599544 -527.764
0.0047601544 -527.364
0.0047603544 -523.765
0.0047605544 -526.164
0.0047607544 -528.563
0.0047609544 -525.764
0.0047611544 -525.365
0.0047613544 -527.764
0.0047615544 -524.565
0.0047617544 -528.963
0.0047619544 -528.163
0.0047621544 -527.364
0.0047623544 -526.564
0.0047625544 -525.365
0.0047627544 -529.763
0.0047629544 -527.764
0.0047631544 -528.163
0.0047633544 -528.563
0.0047635544 -526.964
0.0047637544 -525.764
0.0047639544 -528.163
0.0047641544 -528.963
0.0047643544 -526.964
0.0047645544 -527.764
0.0047647544 -528.163
0.0047649544 -528.563
0.0047651544 -527.364
0.0047653544 -527.364
0.0047655544 -529.363
0.0047657544 -526.964
0.0047659544 -527.764
0.0047661544 -527.364
0.0047663544 -528.163
0.0047665544 -525.764
0.0047667544 -524.565
0.0047669544 -525.365
0.0047671544 -529.363
0.0047673544 -528.163
0.0047675544 -529.363
0.0047677544 -527.364
0.0047679544 -526.964
0.0047681544 -524.965
0.0047683544 -527.364
0.0047685544 -527.364
0.0047687544 -526.564
0.0047689544 -525.764
0.0047691544 -527.764
0.0047693544 -524.965
0.0047695544 -529.363
0.0047697544 -528.163
0.0047699544 -527.764
0.0047701544 -524.165
0.0047703544 -525.365
0.0047705544 -528.563
0.0047707544 -528.963
0.0047709544 -527.364
0.0047711544 -528.163
0.0047713544 -526.164
0.0047715544 -526.964
0.0047717544 -525.365
0.0047719544 -527.364
0.0047721544 -525.365
0.0047723544 -527.364
0.0047725544 -528.963
0.0047727544 -525.365
0.0047729544 -528.163
0.0047731544 -525.365
0.0047733544 -525.764
0.0047735544 -524.965
0.0047737544 -525.764
0.0047739544 -526.164
0.0047741544 -525.764
0.0047743544 -528.563
0.0047745544 -528.563
0.0047747544 -525.365
0.0047749544 -525.365
0.0047751544 -528.563
0.0047753544 -528.563
0.0047755544 -527.364
0.0047757544 -526.964
0.0047759544 -527.364
0.0047761544 -527.364
0.0047763544 -528.963
0.0047765544 -526.164
0.0047767544 -526.964
0.0047769544 -528.163
0.0047771544 -528.163
0.0047773544 -524.565
0.0047775544 -529.763
0.0047777544 -527.764
0.0047779544 -528.563
0.0047781544 -524.165
0.0047783544 -529.363
0.0047785544 -529.363
0.0047787544 -526.564
0.0047789544 -526.964
0.0047791544 -528.563
0.0047793544 -527.364
0.0047795544 -527.364
0.0047797544 -529.363
0.0047799544 -528.563
0.0047801544 -528.563
0.0047803544 -530.162
0.0047805544 -531.362
0.0047807544 -526.964
0.0047809544 -527.364
0.0047811544 -528.563
0.0047813544 -529.363
0.0047815544 -526.964
0.0047817544 -528.563
0.0047819544 -530.162
0.0047821544 -530.562
0.0047823544 -531.762
0.0047825544 -526.964
0.0047827544 -528.563
0.0047829544 -528.963
0.0047831544 -529.763
0.0047833544 -528.563
0.0047835544 -529.363
0.0047837544 -530.562
0.0047839544 -530.162
0.0047841544 -530.562
0.0047843544 -528.563
0.0047845544 -528.963
0.0047847544 -530.162
0.0047849544 -529.363
0.0047851544 -529.363
0.0047853544 -527.764
0.0047855544 -530.562
0.0047857544 -528.163
0.0047859544 -526.964
0.0047861544 -528.163
0.0047863544 -529.363
0.0047865544 -530.562
0.0047867544 -529.763
0.0047869544 -530.562
0.0047871544 -528.163
0.0047873544 -527.764
0.0047875544 -530.562
0.0047877544 -530.162
0.0047879544 -528.563
0.0047881544 -532.561
0.0047883544 -528.163
0.0047885544 -531.762
0.0047887544 -527.764
0.0047889544 -528.163
0.0047891544 -532.162
0.0047893544 -530.162
0.0047895544 -530.962
0.0047897544 -529.363
0.0047899544 -530.962
0.0047901544 -529.363
0.0047903544 -529.763
0.0047905544 -533.761
0.0047907544 -530.962
0.0047909544 -530.562
0.0047911544 -530.162
0.0047913544 -529.363
0.0047915544 -531.362
0.0047917544 -530.562
0.0047919544 -527.764
0.0047921544 -530.962
0.0047923544 -529.763
0.0047925544 -532.561
0.0047927544 -532.561
0.0047929544 -532.162
0.0047931544 -530.162
0.0047933544 -530.962
0.0047935544 -528.963
0.0047937544 -527.364
0.0047939544 -531.362
0.0047941544 -531.362
0.0047943544 -530.962
0.0047945544 -530.962
0.0047947544 -529.763
0.0047949544 -530.162
0.0047951544 -529.763
0.0047953544 -526.564
0.0047955544 -526.964
0.0047957544 -532.162
0.0047959544 -532.162
0.0047961544 -532.561
0.0047963544 -531.762
0.0047965544 -531.362
0.0047967544 -528.963
0.0047969544 -530.562
0.0047971544 -529.763
0.0047973544 -528.563
0.0047975544 -528.963
0.0047977544 -532.162
0.0047979544 -529.763
0.0047981544 -529.763
0.0047983544 -530.962
0.0047985544 -530.962
0.0047987544 -529.763
0.0047989544 -530.562
0.0047991544 -531.762
0.0047993544 -529.763
0.0047995544 -529.763
0.0047997544 -530.562
0.0047999544 -530.962
0.0048001544 -529.763
0.0048003544 -531.762
0.0048005544 -531.362
0.0048007544 -530.562
0.0048009544 -531.362
0.0048011544 -530.962
0.0048013544 -530.162
0.0048015544 -533.361
0.0048017544 -530.962
0.0048019544 -529.363
0.0048021544 -529.363
0.0048023544 -529.763
0.0048025544 -530.962
0.0048027544 -530.162
0.0048029544 -530.562
0.0048031544 -530.562
0.0048033544 -531.362
0.0048035544 -527.764
0.0048037544 -531.362
0.0048039544 -532.561
0.0048041544 -529.363
0.0048043544 -528.563
0.0048045544 -528.963
0.0048047544 -530.562
0.0048049544 -531.762
0.0048051544 -530.962
0.0048053544 -531.362
0.0048055544 -530.962
0.0048057544 -531.362
0.0048059544 -528.163
0.0048061544 -530.962
0.0048063544 -531.362
0.0048065544 -530.562
0.0048067544 -530.962
0.0048069544 -530.162
0.0048071544 -528.163
0.0048073544 -529.763
0.0048075544 -528.963
0.0048077544 -531.362
0.0048079544 -529.763
0.0048081544 -530.962
0.0048083544 -530.562
0.0048085544 -531.362
0.0048087544 -531.762
0.0048089544 -529.363
0.0048091544 -531.762
0.0048093544 -531.362
0.0048095544 -530.562
0.0048097544 -528.563
0.0048099544 -531.762
0.0048101544 -528.163
0.0048103544 -529.763
0.0048105544 -529.763
0.0048107544 -530.562
0.0048109544 -530.962
0.0048111544 -531.362
0.0048113544 -528.963
0.0048115544 -531.362
0.0048117544 -531.362
0.0048119544 -530.162
0.0048121544 -529.763
0.0048123544 -530.562
0.0048125544 -528.563
0.0048127544 -528.963
0.0048129544 -532.162
0.0048131544 -533.361
0.0048133544 -528.963
0.0048135544 -529.763
0.0048137544 -528.963
0.0048139544 -530.562
0.0048141544 -528.563
0.0048143544 -528.963
0.0048145544 -532.561
0.0048147544 -529.363
0.0048149544 -529.363
0.0048151544 -529.363
0.0048153544 -530.562
0.0048155544 -528.163
0.0048157544 -528.563
0.0048159544 -527.364
0.0048161544 -528.163
0.0048163544 -530.962
0.0048165544 -530.562
0.0048167544 -529.363
0.0048169544 -530.962
0.0048171544 -532.961
0.0048173544 -529.763
0.0048175544 -529.363
0.0048177544 -528.563
0.0048179544 -530.162
0.0048181544 -527.364
0.0048183544 -529.363
0.0048185544 -529.763
0.0048187544 -530.962
0.0048189544 -528.163
0.0048191544 -527.764
0.0048193544 -526.564
0.0048195544 -529.363
0.0048197544 -530.162
0.0048199544 -528.963
0.0048201544 -527.764
0.0048203544 -526.564
0.0048205544 -525.764
0.0048207544 -527.364
0.0048209544 -529.363
0.0048211544 -528.563
0.0048213544 -527.764
0.0048215544 -528.563
0.0048217544 -527.364
0.0048219544 -526.564
0.0048221544 -526.964
0.0048223544 -526.164
0.0048225544 -526.964
0.0048227544 -525.764
0.0048229544 -528.163
0.0048231544 -528.163
0.0048233544 -528.963
0.0048235544 -530.162
0.0048237544 -526.564
0.0048239544 -528.563
0.0048241544 -528.563
0.0048243544 -528.963
0.0048245544 -524.165
0.0048247544 -527.764
0.0048249544 -526.564
0.0048251544 -528.563
0.0048253544 -526.964
0.0048255544 -528.963
0.0048257544 -528.963
0.0048259544 -527.364
0.0048261544 -529.363
0.0048263544 -526.964
0.0048265544 -526.564
0.0048267544 -529.363
0.0048269544 -526.564
0.0048271544 -528.563
0.0048273544 -527.364
0.0048275544 -527.364
0.0048277544 -524.565
0.0048279544 -529.763
0.0048281544 -526.564
0.0048283544 -528.163
0.0048285544 -526.964
0.0048287544 -530.562
0.0048289544 -528.563
0.0048291544 -528.563
0.0048293544 -527.364
0.0048295544 -527.764
0.0048297544 -531.362
0.0048299544 -527.764
0.0048301544 -526.964
0.0048303544 -530.562
0.0048305544 -526.564
0.0048307544 -526.564
0.0048309544 -528.563
0.0048311544 -527.764
0.0048313544 -526.964
0.0048315544 -527.764
0.0048317544 -530.962
0.0048319544 -528.563
0.0048321544 -528.563
0.0048323544 -527.364
0.0048325544 -528.163
0.0048327544 -528.163
0.0048329544 -529.763
0.0048331544 -529.363
0.0048333544 -525.365
0.0048335544 -529.763
0.0048337544 -529.363
0.0048339544 -529.763
0.0048341544 -528.163
0.0048343544 -528.963
0.0048345544 -526.564
0.0048347544 -528.163
0.0048349544 -528.563
0.0048351544 -530.962
0.0048353544 -529.363
0.0048355544 -527.364
0.0048357544 -528.563
0.0048359544 -529.763
0.0048361544 -526.964
0.0048363544 -524.965
0.0048365544 -530.162
0.0048367544 -527.364
0.0048369544 -528.163
0.0048371544 -528.963
0.0048373544 -526.564
0.0048375544 -528.163
0.0048377544 -530.562
0.0048379544 -530.962
0.0048381544 -530.962
0.0048383544 -528.163
0.0048385544 -526.964
0.0048387544 -525.764
0.0048389544 -528.963
0.0048391544 -526.564
0.0048393544 -528.163
0.0048395544 -528.563
0.0048397544 -530.162
0.0048399544 -529.763
0.0048401544 -527.764
0.0048403544 -530.962
0.0048405544 -530.562
0.0048407544 -525.764
0.0048409544 -528.963
0.0048411544 -530.162
0.0048413544 -529.363
0.0048415544 -528.963
0.0048417544 -529.363
0.0048419544 -530.962
0.0048421544 -527.764
0.0048423544 -530.162
0.0048425544 -529.763
0.0048427544 -527.764
0.0048429544 -530.562
0.0048431544 -528.563
0.0048433544 -530.162
0.0048435544 -530.562
0.0048437544 -530.962
0.0048439544 -530.962
0.0048441544 -529.363
0.0048443544 -530.162
0.0048445544 -528.563
0.0048447544 -530.562
0.0048449544 -529.763
0.0048451544 -528.163
0.0048453544 -528.963
0.0048455544 -530.562
0.0048457544 -528.963
0.0048459544 -532.961
0.0048461544 -530.562
0.0048463544 -528.963
0.0048465544 -530.162
0.0048467544 -528.163
0.0048469544 -530.162
0.0048471544 -530.562
0.0048473544 -528.963
0.0048475544 -531.362
0.0048477544 -530.562
0.0048479544 -529.763
0.0048481544 -529.363
0.0048483544 -530.162
0.0048485544 -529.363
0.0048487544 -530.162
0.0048489544 -529.363
0.0048491544 -529.363
0.0048493544 -530.162
0.0048495544 -532.961
0.0048497544 -530.162
0.0048499544 -530.562
0.0048501544 -532.162
0.0048503544 -528.163
0.0048505544 -529.363
0.0048507544 -529.763
0.0048509544 -530.162
0.0048511544 -530.962
0.0048513544 -528.963
0.0048515544 -530.162
0.0048517544 -527.764
0.0048519544 -529.763
0.0048521544 -529.363
0.0048523544 -530.562
0.0048525544 -529.763
0.0048527544 -531.762
0.0048529544 -530.562
0.0048531544 -528.963
0.0048533544 -528.963
0.0048535544 -528.163
0.0048537544 -529.363
0.0048539544 -529.763
0.0048541544 -528.963
0.0048543544 -530.162
0.0048545544 -529.763
0.0048547544 -530.162
0.0048549544 -532.162
0.0048551544 -528.163
0.0048553544 -526.564
0.0048555544 -529.763
0.0048557544 -529.363
0.0048559544 -529.763
0.0048561544 -528.963
0.0048563544 -530.162
0.0048565544 -529.763
0.0048567544 -529.363
0.0048569544 -529.363
0.0048571544 -530.562
0.0048573544 -529.763
0.0048575544 -529.763
0.0048577544 -529.763
0.0048579544 -528.163
0.0048581544 -530.562
0.0048583544 -528.563
0.0048585544 -528.563
0.0048587544 -528.963
0.0048589544 -530.962
0.0048591544 -530.562
0.0048593544 -528.963
0.0048595544 -527.764
0.0048597544 -530.162
0.0048599544 -528.963
0.0048601544 -528.963
0.0048603544 -530.962
0.0048605544 -529.763
0.0048607544 -528.563
0.0048609544 -528.563
0.0048611544 -530.962
0.0048613544 -529.363
0.0048615544 -530.162
0.0048617544 -528.963
0.0048619544 -530.562
0.0048621544 -530.562
0.0048623544 -528.563
0.0048625544 -529.763
0.0048627544 -530.562
0.0048629544 -530.962
0.0048631544 -529.763
0.0048633544 -528.563
0.0048635544 -526.964
0.0048637544 -531.362
0.0048639544 -528.163
0.0048641544 -528.563
0.0048643544 -531.362
0.0048645544 -531.762
0.0048647544 -528.163
0.0048649544 -529.763
0.0048651544 -528.963
0.0048653544 -531.362
0.0048655544 -528.563
0.0048657544 -529.363
0.0048659544 -528.963
0.0048661544 -528.163
0.0048663544 -530.162
0.0048665544 -530.162
0.0048667544 -528.963
0.0048669544 -529.363
0.0048671544 -527.764
0.0048673544 -530.962
0.0048675544 -530.962
0.0048677544 -530.562
0.0048679544 -530.562
0.0048681544 -529.763
0.0048683544 -532.162
0.0048685544 -528.963
0.0048687544 -530.562
0.0048689544 -530.962
0.0048691544 -533.361
0.0048693544 -530.962
0.0048695544 -529.363
0.0048697544 -528.563
0.0048699544 -532.961
0.0048701544 -529.363
0.0048703544 -527.764
0.0048705544 -529.363
0.0048707544 -529.763
0.0048709544 -530.162
0.0048711544 -527.764
0.0048713544 -530.162
0.0048715544 -529.363
0.0048717544 -530.562
0.0048719544 -527.764
0.0048721544 -525.764
0.0048723544 -531.362
0.0048725544 -529.363
0.0048727544 -529.363
0.0048729544 -528.563
0.0048731544 -528.963
0.0048733544 -530.162
0.0048735544 -525.365
0.0048737544 -528.163
0.0048739544 -526.564
0.0048741544 -531.362
0.0048743544 -531.362
0.0048745544 -527.764
0.0048747544 -528.963
0.0048749544 -528.163
0.0048751544 -527.764
0.0048753544 -529.363
0.0048755544 -528.163
0.0048757544 -526.564
0.0048759544 -527.764
0.0048761544 -527.364
0.0048763544 -525.764
0.0048765544 -528.163
0.0048767544 -528.163
0.0048769544 -528.563
0.0048771544 -527.764
0.0048773544 -527.764
0.0048775544 -526.564
0.0048777544 -530.162
0.0048779544 -524.565
0.0048781544 -526.964
0.0048783544 -530.162
0.0048785544 -526.164
0.0048787544 -528.163
0.0048789544 -527.764
0.0048791544 -527.764
0.0048793544 -527.764
0.0048795544 -529.363
0.0048797544 -528.963
0.0048799544 -528.163
0.0048801544 -526.564
0.0048803544 -528.563
0.0048805544 -527.764
0.0048807544 -529.363
0.0048809544 -527.364
0.0048811544 -528.163
0.0048813544 -525.365
0.0048815544 -530.562
0.0048817544 -526.564
0.0048819544 -526.964
0.0048821544 -524.965
0.0048823544 -528.163
0.0048825544 -528.563
0.0048827544 -528.963
0.0048829544 -527.764
0.0048831544 -528.963
0.0048833544 -524.965
0.0048835544 -527.364
0.0048837544 -527.764
0.0048839544 -526.964
0.0048841544 -526.564
0.0048843544 -528.563
0.0048845544 -527.364
0.0048847544 -530.562
0.0048849544 -528.963
0.0048851544 -526.964
0.0048853544 -528.963
0.0048855544 -529.763
0.0048857544 -526.164
0.0048859544 -525.365
0.0048861544 -526.964
0.0048863544 -527.764
0.0048865544 -527.764
0.0048867544 -526.564
0.0048869544 -525.365
0.0048871544 -526.564
0.0048873544 -526.964
0.0048875544 -526.964
0.0048877544 -525.764
0.0048879544 -526.964
0.0048881544 -528.563
0.0048883544 -522.966
0.0048885544 -525.365
0.0048887544 -528.563
0.0048889544 -524.565
0.0048891544 -527.364
0.0048893544 -526.564
0.0048895544 -526.164
0.0048897544 -526.964
0.0048899544 -522.966
0.0048901544 -528.563
0.0048903544 -528.163
0.0048905544 -526.564
0.0048907544 -526.164
0.0048909544 -525.764
0.0048911544 -526.564
0.0048913544 -524.565
0.0048915544 -526.964
0.0048917544 -524.565
0.0048919544 -526.564
0.0048921544 -526.164
0.0048923544 -525.365
0.0048925544 -525.764
0.0048927544 -523.366
0.0048929544 -525.764
0.0048931544 -524.165
0.0048933544 -527.764
0.0048935544 -526.964
0.0048937544 -528.163
0.0048939544 -526.964
0.0048941544 -524.965
0.0048943544 -525.764
0.0048945544 -524.165
0.0048947544 -524.965
0.0048949544 -527.764
0.0048951544 -524.565
0.0048953544 -524.965
0.0048955544 -528.563
0.0048957544 -524.965
0.0048959544 -525.365
0.0048961544 -527.764
0.0048963544 -522.566
0.0048965544 -523.765
0.0048967544 -524.565
0.0048969544 -529.363
0.0048971544 -528.163
0.0048973544 -522.566
0.0048975544 -522.966
0.0048977544 -524.565
0.0048979544 -527.364
0.0048981544 -524.965
0.0048983544 -522.966
0.0048985544 -523.366
0.0048987544 -527.364
0.0048989544 -524.565
0.0048991544 -523.366
0.0048993544 -524.165
0.0048995544 -524.565
0.0048997544 -524.965
0.0048999544 -523.765
0.0049001544 -523.366
0.0049003544 -523.765
0.0049005544 -524.565
0.0049007544 -524.565
0.0049009544 -524.565
0.0049011544 -525.764
0.0049013544 -523.765
0.0049015544 -522.566
0.0049017544 -525.365
0.0049019544 -523.765
0.0049021544 -523.366
0.0049023544 -524.965
0.0049025544 -525.764
0.0049027544 -524.165
0.0049029544 -524.565
0.0049031544 -525.365
0.0049033544 -526.164
0.0049035544 -524.965
0.0049037544 -524.965
0.0049039544 -524.165
0.0049041544 -524.165
0.0049043544 -522.966
0.0049045544 -524.965
0.0049047544 -523.765
0.0049049544 -526.964
0.0049051544 -522.166
0.0049053544 -524.965
0.0049055544 -525.764
0.0049057544 -524.565
0.0049059544 -526.164
0.0049061544 -526.164
0.0049063544 -523.765
0.0049065544 -524.965
0.0049067544 -524.965
0.0049069544 -523.765
0.0049071544 -525.365
0.0049073544 -523.765
0.0049075544 -522.966
0.0049077544 -526.164
0.0049079544 -523.765
0.0049081544 -525.764
0.0049083544 -526.964
0.0049085544 -523.765
0.0049087544 -526.964
0.0049089544 -527.364
0.0049091544 -523.765
0.0049093544 -525.764
0.0049095544 -528.163
0.0049097544 -524.965
0.0049099544 -526.564
0.0049101544 -524.565
0.0049103544 -525.365
0.0049105544 -523.765
0.0049107544 -525.365
0.0049109544 -523.765
0.0049111544 -523.765
0.0049113544 -524.165
0.0049115544 -524.165
0.0049117544 -524.965
0.0049119544 -523.366
0.0049121544 -527.364
0.0049123544 -524.565
0.0049125544 -525.365
0.0049127544 -525.764
0.0049129544 -523.765
0.0049131544 -526.564
0.0049133544 -524.965
0.0049135544 -524.965
0.0049137544 -526.964
0.0049139544 -523.765
0.0049141544 -524.165
0.0049143544 -524.565
0.0049145544 -523.366
0.0049147544 -524.165
0.0049149544 -525.365
0.0049151544 -524.565
0.0049153544 -528.963
0.0049155544 -523.366
0.0049157544 -525.365
0.0049159544 -526.564
0.0049161544 -525.764
0.0049163544 -523.765
0.0049165544 -524.565
0.0049167544 -524.965
0.0049169544 -525.764
0.0049171544 -527.764
0.0049173544 -521.766
0.0049175544 -521.766
0.0049177544 -525.365
0.0049179544 -525.764
0.0049181544 -526.964
0.0049183544 -523.765
0.0049185544 -524.565
0.0049187544 -525.764
0.0049189544 -522.966
0.0049191544 -520.567
0.0049193544 -524.965
0.0049195544 -525.764
0.0049197544 -526.564
0.0049199544 -522.966
0.0049201544 -526.964
0.0049203544 -527.364
0.0049205544 -525.764
0.0049207544 -525.764
0.0049209544 -525.365
0.0049211544 -526.164
0.0049213544 -525.365
0.0049215544 -526.964
0.0049217544 -524.965
0.0049219544 -524.565
0.0049221544 -527.364
0.0049223544 -523.765
0.0049225544 -524.565
0.0049227544 -526.964
0.0049229544 -523.366
0.0049231544 -524.965
0.0049233544 -525.764
0.0049235544 -525.764
0.0049237544 -526.164
0.0049239544 -522.166
0.0049241544 -524.565
0.0049243544 -523.765
0.0049245544 -523.366
0.0049247544 -524.165
0.0049249544 -523.765
0.0049251544 -525.365
0.0049253544 -524.165
0.0049255544 -525.365
0.0049257544 -524.965
0.0049259544 -524.165
0.0049261544 -524.565
0.0049263544 -524.165
0.0049265544 -524.965
0.0049267544 -524.565
0.0049269544 -522.566
0.0049271544 -524.165
0.0049273544 -524.965
0.0049275544 -528.163
0.0049277544 -524.165
0.0049279544 -525.365
0.0049281544 -524.565
0.0049283544 -524.965
0.0049285544 -525.764
0.0049287544 -525.365
0.0049289544 -522.966
0.0049291544 -523.765
0.0049293544 -526.964
0.0049295544 -523.765
0.0049297544 -522.166
0.0049299544 -525.764
0.0049301544 -525.764
0.0049303544 -524.165
0.0049305544 -524.565
0.0049307544 -521.766
0.0049309544 -521.766
0.0049311544 -525.365
0.0049313544 -525.365
0.0049315544 -524.965
0.0049317544 -522.966
0.0049319544 -524.965
0.0049321544 -527.364
0.0049323544 -527.364
0.0049325544 -526.964
0.0049327544 -523.366
0.0049329544 -523.765
0.0049331544 -523.765
0.0049333544 -524.965
0.0049335544 -524.965
0.0049337544 -526.564
0.0049339544 -522.566
0.0049341544 -523.765
0.0049343544 -522.566
0.0049345544 -524.565
0.0049347544 -522.966
0.0049349544 -523.765
0.0049351544 -521.766
0.0049353544 -523.765
0.0049355544 -524.965
0.0049357544 -525.365
0.0049359544 -524.565
0.0049361544 -522.166
0.0049363544 -524.165
0.0049365544 -522.566
0.0049367544 -522.966
0.0049369544 -522.966
0.0049371544 -522.166
0.0049373544 -524.165
0.0049375544 -524.165
0.0049377544 -523.765
0.0049379544 -524.565
0.0049381544 -522.566
0.0049383544 -520.567
0.0049385544 -520.567
0.0049387544 -520.967
0.0049389544 -522.566
0.0049391544 -525.764
0.0049393544 -525.365
0.0049395544 -524.965
0.0049397544 -522.166
0.0049399544 -523.765
0.0049401544 -522.966
0.0049403544 -525.365
0.0049405544 -523.366
0.0049407544 -522.166
0.0049409544 -521.766
0.0049411544 -521.366
0.0049413544 -520.967
0.0049415544 -523.366
0.0049417544 -522.166
0.0049419544 -523.366
0.0049421544 -524.165
0.0049423544 -523.765
0.0049425544 -521.366
0.0049427544 -524.165
0.0049429544 -524.165
0.0049431544 -524.165
0.0049433544 -522.166
0.0049435544 -521.766
0.0049437544 -524.565
0.0049439544 -522.166
0.0049441544 -525.365
0.0049443544 -520.967
0.0049445544 -523.765
0.0049447544 -526.164
0.0049449544 -524.565
0.0049451544 -522.566
0.0049453544 -521.766
0.0049455544 -522.966
0.0049457544 -521.366
0.0049459544 -524.965
0.0049461544 -521.766
0.0049463544 -524.165
0.0049465544 -520.967
0.0049467544 -523.366
0.0049469544 -524.565
0.0049471544 -522.966
0.0049473544 -523.366
0.0049475544 -523.765
0.0049477544 -522.166
0.0049479544 -523.366
0.0049481544 -521.766
0.0049483544 -522.166
0.0049485544 -523.765
0.0049487544 -522.166
0.0049489544 -522.166
0.0049491544 -520.567
0.0049493544 -523.366
0.0049495544 -523.366
0.0049497544 -525.365
0.0049499544 -522.966
0.0049501544 -522.966
0.0049503544 -519.767
0.0049505544 -520.967
0.0049507544 -518.168
0.0049509544 -524.165
0.0049511544 -521.766
0.0049513544 -521.366
0.0049515544 -520.567
0.0049517544 -523.765
0.0049519544 -524.565
0.0049521544 -521.366
0.0049523544 -520.967
0.0049525544 -521.366
0.0049527544 -523.366
0.0049529544 -521.766
0.0049531544 -522.966
0.0049533544 -522.166
0.0049535544 -523.366
0.0049537544 -522.566
0.0049539544 -520.567
0.0049541544 -523.366
0.0049543544 -520.967
0.0049545544 -520.567
0.0049547544 -521.766
0.0049549544 -521.766
0.0049551544 -519.767
0.0049553544 -521.766
0.0049555544 -522.566
0.0049557544 -521.766
0.0049559544 -522.966
0.0049561544 -523.366
0.0049563544 -520.167
0.0049565544 -519.767
0.0049567544 -521.366
0.0049569544 -520.967
0.0049571544 -520.567
0.0049573544 -521.366
0.0049575544 -520.967
0.0049577544 -521.366
0.0049579544 -520.967
0.0049581544 -520.167
0.0049583544 -522.566
0.0049585544 -520.567
0.0049587544 -518.968
0.0049589544 -522.966
0.0049591544 -520.567
0.0049593544 -522.166
0.0049595544 -520.967
0.0049597544 -521.766
0.0049599544 -520.567
0.0049601544 -522.166
0.0049603544 -521.766
0.0049605544 -523.366
0.0049607544 -522.966
0.0049609544 -522.966
0.0049611544 -520.567
0.0049613544 -522.566
0.0049615544 -524.965
0.0049617544 -522.166
0.0049619544 -525.764
0.0049621544 -520.167
0.0049623544 -522.566
0.0049625544 -522.166
0.0049627544 -521.366
0.0049629544 -524.965
0.0049631544 -521.766
0.0049633544 -522.966
0.0049635544 -523.366
0.0049637544 -521.366
0.0049639544 -524.165
0.0049641544 -522.166
0.0049643544 -522.566
0.0049645544 -523.366
0.0049647544 -518.568
0.0049649544 -522.166
0.0049651544 -521.766
0.0049653544 -521.766
0.0049655544 -522.166
0.0049657544 -521.766
0.0049659544 -522.966
0.0049661544 -522.966
0.0049663544 -524.565
0.0049665544 -518.168
0.0049667544 -522.966
0.0049669544 -521.766
0.0049671544 -520.967
0.0049673544 -521.366
0.0049675544 -523.765
0.0049677544 -522.966
0.0049679544 -520.967
0.0049681544 -521.366
0.0049683544 -519.367
0.0049685544 -522.166
0.0049687544 -521.366
0.0049689544 -521.366
0.0049691544 -520.967
0.0049693544 -520.967
0.0049695544 -520.567
0.0049697544 -523.765
0.0049699544 -522.166
0.0049701544 -522.166
0.0049703544 -522.566
0.0049705544 -519.767
0.0049707544 -521.366
0.0049709544 -521.366
0.0049711544 -520.167
0.0049713544 -521.766
0.0049715544 -521.766
0.0049717544 -525.365
0.0049719544 -521.366
0.0049721544 -521.366
0.0049723544 -521.766
0.0049725544 -521.766
0.0049727544 -518.968
0.0049729544 -523.366
0.0049731544 -525.365
0.0049733544 -521.366
0.0049735544 -520.967
0.0049737544 -522.566
0.0049739544 -521.766
0.0049741544 -523.765
0.0049743544 -522.566
0.0049745544 -520.567
0.0049747544 -520.567
0.0049749544 -525.365
0.0049751544 -522.166
0.0049753544 -519.367
0.0049755544 -523.765
0.0049757544 -520.967
0.0049759544 -521.366
0.0049761544 -521.766
0.0049763544 -522.166
0.0049765544 -522.166
0.0049767544 -520.967
0.0049769544 -520.567
0.0049771544 -520.167
0.0049773544 -522.166
0.0049775544 -523.765
0.0049777544 -519.367
0.0049779544 -522.566
0.0049781544 -521.366
0.0049783544 -520.167
0.0049785544 -522.966
0.0049787544 -522.566
0.0049789544 -524.565
0.0049791544 -522.566
0.0049793544 -522.566
0.0049795544 -521.766
0.0049797544 -520.967
0.0049799544 -522.966
0.0049801544 -521.766
0.0049803544 -521.366
0.0049805544 -522.566
0.0049807544 -522.566
0.0049809544 -520.967
0.0049811544 -524.165
0.0049813544 -522.566
0.0049815544 -520.567
0.0049817544 -520.567
0.0049819544 -523.366
0.0049821544 -522.166
0.0049823544 -520.567
0.0049825544 -524.565
0.0049827544 -521.366
0.0049829544 -522.166
0.0049831544 -520.567
0.0049833544 -520.567
0.0049835544 -522.966
0.0049837544 -523.366
0.0049839544 -522.566
0.0049841544 -522.166
0.0049843544 -520.967
0.0049845544 -523.366
0.0049847544 -520.967
0.0049849544 -522.166
0.0049851544 -521.766
0.0049853544 -524.965
0.0049855544 -521.366
0.0049857544 -521.366
0.0049859544 -522.966
0.0049861544 -521.366
0.0049863544 -522.566
0.0049865544 -523.366
0.0049867544 -521.366
0.0049869544 -521.366
0.0049871544 -523.765
0.0049873544 -522.966
0.0049875544 -522.566
0.0049877544 -520.967
0.0049879544 -520.967
0.0049881544 -522.566
0.0049883544 -522.566
0.0049885544 -521.366
0.0049887544 -521.366
0.0049889544 -524.165
0.0049891544 -520.967
0.0049893544 -522.566
0.0049895544 -522.566
0.0049897544 -522.166
0.0049899544 -524.565
0.0049901544 -522.966
0.0049903544 -523.366
0.0049905544 -520.167
0.0049907544 -522.566
0.0049909544 -520.167
0.0049911544 -520.967
0.0049913544 -520.567
0.0049915544 -521.766
0.0049917544 -524.165
0.0049919544 -518.168
0.0049921544 -520.567
0.0049923544 -522.966
0.0049925544 -521.766
0.0049927544 -522.566
0.0049929544 -522.966
0.0049931544 -522.966
0.0049933544 -520.567
0.0049935544 -521.766
0.0049937544 -524.965
0.0049939544 -522.566
0.0049941544 -521.766
0.0049943544 -523.366
0.0049945544 -520.167
0.0049947544 -520.567
0.0049949544 -522.166
0.0049951544 -523.366
0.0049953544 -520.167
0.0049955544 -522.566
0.0049957544 -520.567
0.0049959544 -522.966
0.0049961544 -520.567
0.0049963544 -520.567
0.0049965544 -522.966
0.0049967544 -522.166
0.0049969544 -521.766
0.0049971544 -523.765
0.0049973544 -522.966
0.0049975544 -523.765
0.0049977544 -519.767
0.0049979544 -520.567
0.0049981544 -518.968
0.0049983544 -518.568
0.0049985544 -522.566
0.0049987544 -519.767
0.0049989544 -522.566
0.0049991544 -520.967
0.0049993544 -520.967
0.0049995544 -521.766
0.0049997544 -522.566
0.0049999544 -523.366
0.0050001544 -521.366
0.0050003544 -520.967
0.0050005544 -523.366
0.0050007544 -518.568
0.0050009544 -521.366
0.0050011544 -521.366
0.0050013544 -521.366
0.0050015544 -520.967
0.0050017544 -522.166
0.0050019544 -520.567
0.0050021544 -520.167
0.0050023544 -519.767
0.0050025544 -521.766
0.0050027544 -522.566
0.0050029544 -520.567
0.0050031544 -521.366
0.0050033544 -520.567
0.0050035544 -522.166
0.0050037544 -519.367
0.0050039544 -520.967
0.0050041544 -519.767
0.0050043544 -522.566
0.0050045544 -521.366
0.0050047544 -520.167
0.0050049544 -520.567
0.0050051544 -520.167
0.0050053544 -520.967
0.0050055544 -521.366
0.0050057544 -520.967
0.0050059544 -520.967
0.0050061544 -520.567
0.0050063544 -522.166
0.0050065544 -520.967
0.0050067544 -521.766
0.0050069544 -520.967
0.0050071544 -521.366
0.0050073544 -516.569
0.0050075544 -517.368
0.0050077544 -521.766
0.0050079544 -523.366
0.0050081544 -519.767
0.0050083544 -519.767
0.0050085544 -521.766
0.0050087544 -521.366
0.0050089544 -523.765
0.0050091544 -519.367
0.0050093544 -523.366
0.0050095544 -519.367
0.0050097544 -520.967
0.0050099544 -521.366
0.0050101544 -523.366
0.0050103544 -520.167
0.0050105544 -523.366
0.0050107544 -522.966
0.0050109544 -522.566
0.0050111544 -521.366
0.0050113544 -523.366
0.0050115544 -521.766
0.0050117544 -522.166
0.0050119544 -520.567
0.0050121544 -524.165
0.0050123544 -520.167
0.0050125544 -520.567
0.0050127544 -519.767
0.0050129544 -521.766
0.0050131544 -523.366
0.0050133544 -520.967
0.0050135544 -520.967
0.0050137544 -521.366
0.0050139544 -519.367
0.0050141544 -521.366
0.0050143544 -520.567
0.0050145544 -523.765
0.0050147544 -523.765
0.0050149544 -520.567
0.0050151544 -520.567
0.0050153544 -520.167
0.0050155544 -522.166
0.0050157544 -519.767
0.0050159544 -520.167
0.0050161544 -520.167
0.0050163544 -520.167
0.0050165544 -522.566
0.0050167544 -522.566
0.0050169544 -521.766
0.0050171544 -518.968
0.0050173544 -521.766
0.0050175544 -521.766
0.0050177544 -521.766
0.0050179544 -520.167
0.0050181544 -518.968
0.0050183544 -520.167
0.0050185544 -520.967
0.0050187544 -520.967
0.0050189544 -522.966
0.0050191544 -522.566
0.0050193544 -521.366
0.0050195544 -521.366
0.0050197544 -520.167
0.0050199544 -520.967
0.0050201544 -520.967
0.0050203544 -521.366
0.0050205544 -520.167
0.0050207544 -523.765
0.0050209544 -520.167
0.0050211544 -519.367
0.0050213544 -520.167
0.0050215544 -521.366
0.0050217544 -519.367
0.0050219544 -519.767
0.0050221544 -518.168
0.0050223544 -521.766
0.0050225544 -520.567
0.0050227544 -522.966
0.0050229544 -518.568
0.0050231544 -520.167
0.0050233544 -520.567
0.0050235544 -520.567
0.0050237544 -517.368
0.0050239544 -520.167
0.0050241544 -519.767
0.0050243544 -518.568
0.0050245544 -520.167
0.0050247544 -520.167
0.0050249544 -518.968
0.0050251544 -520.567
0.0050253544 -523.765
0.0050255544 -518.968
0.0050257544 -518.968
0.0050259544 -522.566
0.0050261544 -520.167
0.0050263544 -522.166
0.0050265544 -519.767
0.0050267544 -521.766
0.0050269544 -521.366
0.0050271544 -517.768
0.0050273544 -518.968
0.0050275544 -518.968
0.0050277544 -517.768
0.0050279544 -520.167
0.0050281544 -519.767
0.0050283544 -518.568
0.0050285544 -518.168
0.0050287544 -521.366
0.0050289544 -518.168
0.0050291544 -520.967
0.0050293544 -518.568
0.0050295544 -520.567
0.0050297544 -520.167
0.0050299544 -520.567
0.0050301544 -518.568
0.0050303544 -517.368
0.0050305544 -517.768
0.0050307544 -517.768
0.0050309544 -518.568
0.0050311544 -520.967
0.0050313544 -518.168
0.0050315544 -518.168
0.0050317544 -518.168
0.0050319544 -518.568
0.0050321544 -518.168
0.0050323544 -517.368
0.0050325544 -518.168
0.0050327544 -518.568
0.0050329544 -516.968
0.0050331544 -518.968
0.0050333544 -516.968
0.0050335544 -518.568
0.0050337544 -516.968
0.0050339544 -517.368
0.0050341544 -517.368
0.0050343544 -518.568
0.0050345544 -519.367
0.0050347544 -517.368
0.0050349544 -517.768
0.0050351544 -518.968
0.0050353544 -517.368
0.0050355544 -518.968
0.0050357544 -518.168
0.0050359544 -517.368
0.0050361544 -518.168
0.0050363544 -519.767
0.0050365544 -520.167
0.0050367544 -520.167
0.0050369544 -520.967
0.0050371544 -518.168
0.0050373544 -518.568
0.0050375544 -519.767
0.0050377544 -517.368
0.0050379544 -517.768
0.0050381544 -520.167
0.0050383544 -516.169
0.0050385544 -518.968
0.0050387544 -520.967
0.0050389544 -519.367
0.0050391544 -517.768
0.0050393544 -517.768
0.0050395544 -519.767
0.0050397544 -518.168
0.0050399544 -516.169
0.0050401544 -518.568
0.0050403544 -518.568
0.0050405544 -517.768
0.0050407544 -518.968
0.0050409544 -517.768
0.0050411544 -517.368
0.0050413544 -518.568
0.0050415544 -519.767
0.0050417544 -515.769
0.0050419544 -518.968
0.0050421544 -518.168
0.0050423544 -518.968
0.0050425544 -518.968
0.0050427544 -516.569
0.0050429544 -519.767
0.0050431544 -516.968
0.0050433544 -516.169
0.0050435544 -520.567
0.0050437544 -520.567
0.0050439544 -518.968
0.0050441544 -519.767
0.0050443544 -518.568
0.0050445544 -518.968
0.0050447544 -518.168
0.0050449544 -516.569
0.0050451544 -516.968
0.0050453544 -519.767
0.0050455544 -518.568
0.0050457544 -517.368
0.0050459544 -517.368
0.0050461544 -518.968
0.0050463544 -516.968
0.0050465544 -515.769
0.0050467544 -518.568
0.0050469544 -517.368
0.0050471544 -518.168
0.0050473544 -518.568
0.0050475544 -516.968
0.0050477544 -519.767
0.0050479544 -518.568
0.0050481544 -516.968
0.0050483544 -517.368
0.0050485544 -518.568
0.0050487544 -516.169
0.0050489544 -518.968
0.0050491544 -518.968
0.0050493544 -516.169
0.0050495544 -518.568
0.0050497544 -517.368
0.0050499544 -519.367
0.0050501544 -516.968
0.0050503544 -519.767
0.0050505544 -516.968
0.0050507544 -518.168
0.0050509544 -516.569
0.0050511544 -516.569
0.0050513544 -520.167
0.0050515544 -516.569
0.0050517544 -517.768
0.0050519544 -516.569
0.0050521544 -517.768
0.0050523544 -517.768
0.0050525544 -517.368
0.0050527544 -518.968
0.0050529544 -518.568
0.0050531544 -516.569
0.0050533544 -516.968
0.0050535544 -514.969
0.0050537544 -518.568
0.0050539544 -517.368
0.0050541544 -518.568
0.0050543544 -516.968
0.0050545544 -517.768
0.0050547544 -516.968
0.0050549544 -515.769
0.0050551544 -515.769
0.0050553544 -515.769
0.0050555544 -515.769
0.0050557544 -514.569
0.0050559544 -515.769
0.0050561544 -514.969
0.0050563544 -516.569
0.0050565544 -518.168
0.0050567544 -519.367
0.0050569544 -516.569
0.0050571544 -516.569
0.0050573544 -512.57
0.0050575544 -516.569
0.0050577544 -516.569
0.0050579544 -516.968
0.0050581544 -516.169
0.0050583544 -516.968
0.0050585544 -516.968
0.0050587544 -515.769
0.0050589544 -516.169
0.0050591544 -514.17
0.0050593544 -514.569
0.0050595544 -517.768
0.0050597544 -517.368
0.0050599544 -517.368
0.0050601544 -514.17
0.0050603544 -517.368
0.0050605544 -515.369
0.0050607544 -514.569
0.0050609544 -515.769
0.0050611544 -515.369
0.0050613544 -515.369
0.0050615544 -514.969
0.0050617544 -514.17
0.0050619544 -515.369
0.0050621544 -515.769
0.0050623544 -518.568
0.0050625544 -513.37
0.0050627544 -517.368
0.0050629544 -518.168
0.0050631544 -515.769
0.0050633544 -514.969
0.0050635544 -515.369
0.0050637544 -516.569
0.0050639544 -515.769
0.0050641544 -516.968
0.0050643544 -514.17
0.0050645544 -516.169
0.0050647544 -513.77
0.0050649544 -514.569
0.0050651544 -516.569
0.0050653544 -515.369
0.0050655544 -518.168
0.0050657544 -514.969
0.0050659544 -515.369
0.0050661544 -515.369
0.0050663544 -517.768
0.0050665544 -514.17
0.0050667544 -515.369
0.0050669544 -515.369
0.0050671544 -513.77
0.0050673544 -513.77
0.0050675544 -515.769
0.0050677544 -514.969
0.0050679544 -515.769
0.0050681544 -513.37
0.0050683544 -516.169
0.0050685544 -516.569
0.0050687544 -515.769
0.0050689544 -518.168
0.0050691544 -514.969
0.0050693544 -515.769
0.0050695544 -516.169
0.0050697544 -514.969
0.0050699544 -512.97
0.0050701544 -514.969
0.0050703544 -516.169
0.0050705544 -512.57
0.0050707544 -514.17
0.0050709544 -516.169
0.0050711544 -516.569
0.0050713544 -515.369
0.0050715544 -514.17
0.0050717544 -517.368
0.0050719544 -516.968
0.0050721544 -518.168
0.0050723544 -515.369
0.0050725544 -514.569
0.0050727544 -514.969
0.0050729544 -512.97
0.0050731544 -515.369
0.0050733544 -517.768
0.0050735544 -514.969
0.0050737544 -514.17
0.0050739544 -516.968
0.0050741544 -515.769
0.0050743544 -517.368
0.0050745544 -514.17
0.0050747544 -513.77
0.0050749544 -515.369
0.0050751544 -515.369
0.0050753544 -512.57
0.0050755544 -513.77
0.0050757544 -516.569
0.0050759544 -513.77
0.0050761544 -515.769
0.0050763544 -515.369
0.0050765544 -516.569
0.0050767544 -512.97
0.0050769544 -512.97
0.0050771544 -514.569
0.0050773544 -516.169
0.0050775544 -515.769
0.0050777544 -516.968
0.0050779544 -514.17
0.0050781544 -514.969
0.0050783544 -515.369
0.0050785544 -514.17
0.0050787544 -516.569
0.0050789544 -515.369
0.0050791544 -515.369
0.0050793544 -514.17
0.0050795544 -513.77
0.0050797544 -512.57
0.0050799544 -515.769
0.0050801544 -514.969
0.0050803544 -512.97
0.0050805544 -515.769
0.0050807544 -512.97
0.0050809544 -516.968
0.0050811544 -514.569
0.0050813544 -511.771
0.0050815544 -513.37
0.0050817544 -514.569
0.0050819544 -512.171
0.0050821544 -513.77
0.0050823544 -514.569
0.0050825544 -516.569
0.0050827544 -514.569
0.0050829544 -514.569
0.0050831544 -514.17
0.0050833544 -511.371
0.0050835544 -512.97
0.0050837544 -514.569
0.0050839544 -513.77
0.0050841544 -515.769
0.0050843544 -513.37
0.0050845544 -512.97
0.0050847544 -514.569
0.0050849544 -515.369
0.0050851544 -515.369
0.0050853544 -514.17
0.0050855544 -515.369
0.0050857544 -514.569
0.0050859544 -512.97
0.0050861544 -512.97
0.0050863544 -513.37
0.0050865544 -513.77
0.0050867544 -515.369
0.0050869544 -512.97
0.0050871544 -515.369
0.0050873544 -513.77
0.0050875544 -513.37
0.0050877544 -512.97
0.0050879544 -514.17
0.0050881544 -510.971
0.0050883544 -512.57
0.0050885544 -515.769
0.0050887544 -512.171
0.0050889544 -515.369
0.0050891544 -512.57
0.0050893544 -514.969
0.0050895544 -515.369
0.0050897544 -514.969
0.0050899544 -513.77
0.0050901544 -516.968
0.0050903544 -514.969
0.0050905544 -512.97
0.0050907544 -513.77
0.0050909544 -514.969
0.0050911544 -514.569
0.0050913544 -513.77
0.0050915544 -514.969
0.0050917544 -513.77
0.0050919544 -514.17
0.0050921544 -514.969
0.0050923544 -514.17
0.0050925544 -514.17
0.0050927544 -514.569
0.0050929544 -516.169
0.0050931544 -513.77
0.0050933544 -514.17
0.0050935544 -512.97
0.0050937544 -515.369
0.0050939544 -513.77
0.0050941544 -513.77
0.0050943544 -513.37
0.0050945544 -513.37
0.0050947544 -515.369
0.0050949544 -514.17
0.0050951544 -516.169
0.0050953544 -514.17
0.0050955544 -514.17
0.0050957544 -512.57
0.0050959544 -514.969
0.0050961544 -513.77
0.0050963544 -514.969
0.0050965544 -515.369
0.0050967544 -514.569
0.0050969544 -515.769
0.0050971544 -514.17
0.0050973544 -513.77
0.0050975544 -511.771
0.0050977544 -512.97
0.0050979544 -515.369
0.0050981544 -514.569
0.0050983544 -511.371
0.0050985544 -514.17
0.0050987544 -513.77
0.0050989544 -514.569
0.0050991544 -515.369
0.0050993544 -513.77
0.0050995544 -512.57
0.0050997544 -514.17
0.0050999544 -515.369
0.0051001544 -512.57
0.0051003544 -515.369
0.0051005544 -514.969
0.0051007544 -514.969
0.0051009544 -512.97
0.0051011544 -514.569
0.0051013544 -512.57
0.0051015544 -513.37
0.0051017544 -515.369
0.0051019544 -512.171
0.0051021544 -511.371
0.0051023544 -514.569
0.0051025544 -514.569
0.0051027544 -513.77
0.0051029544 -514.569
0.0051031544 -514.569
0.0051033544 -511.371
0.0051035544 -514.969
0.0051037544 -516.169
0.0051039544 -514.17
0.0051041544 -515.369
0.0051043544 -514.969
0.0051045544 -514.969
0.0051047544 -515.369
0.0051049544 -514.969
0.0051051544 -514.17
0.0051053544 -511.771
0.0051055544 -514.569
0.0051057544 -513.77
0.0051059544 -514.569
0.0051061544 -514.969
0.0051063544 -515.769
0.0051065544 -514.17
0.0051067544 -514.969
0.0051069544 -513.77
0.0051071544 -514.17
0.0051073544 -514.569
0.0051075544 -513.77
0.0051077544 -515.369
0.0051079544 -514.969
0.0051081544 -516.169
0.0051083544 -514.969
0.0051085544 -515.369
0.0051087544 -514.969
0.0051089544 -513.37
0.0051091544 -513.77
0.0051093544 -513.77
0.0051095544 -511.371
0.0051097544 -515.369
0.0051099544 -512.97
0.0051101544 -513.37
0.0051103544 -513.77
0.0051105544 -510.571
0.0051107544 -514.17
0.0051109544 -512.57
0.0051111544 -511.771
0.0051113544 -512.171
0.0051115544 -512.97
0.0051117544 -515.769
0.0051119544 -513.37
0.0051121544 -514.969
0.0051123544 -511.771
0.0051125544 -514.17
0.0051127544 -515.769
0.0051129544 -513.37
0.0051131544 -514.569
0.0051133544 -515.369
0.0051135544 -511.371
0.0051137544 -514.17
0.0051139544 -514.17
0.0051141544 -514.569
0.0051143544 -513.77
0.0051145544 -512.97
0.0051147544 -512.97
0.0051149544 -514.17
0.0051151544 -512.97
0.0051153544 -512.57
0.0051155544 -514.17
0.0051157544 -513.77
0.0051159544 -514.569
0.0051161544 -514.569
0.0051163544 -508.972
0.0051165544 -509.772
0.0051167544 -510.971
0.0051169544 -510.971
0.0051171544 -514.17
0.0051173544 -512.97
0.0051175544 -513.77
0.0051177544 -512.97
0.0051179544 -513.37
0.0051181544 -512.171
0.0051183544 -514.17
0.0051185544 -513.37
0.0051187544 -514.969
0.0051189544 -512.171
0.0051191544 -514.17
0.0051193544 -511.371
0.0051195544 -514.569
0.0051197544 -512.57
0.0051199544 -510.571
0.0051201544 -514.969
0.0051203544 -511.371
0.0051205544 -515.769
0.0051207544 -513.77
0.0051209544 -510.571
0.0051211544 -511.371
0.0051213544 -513.77
0.0051215544 -512.57
0.0051217544 -514.17
0.0051219544 -512.97
0.0051221544 -510.971
0.0051223544 -512.171
0.0051225544 -513.37
0.0051227544 -514.17
0.0051229544 -511.771
0.0051231544 -512.171
0.0051233544 -511.771
0.0051235544 -513.37
0.0051237544 -512.171
0.0051239544 -510.971
0.0051241544 -510.971
0.0051243544 -512.97
0.0051245544 -512.171
0.0051247544 -512.171
0.0051249544 -511.371
0.0051251544 -510.171
0.0051253544 -512.171
0.0051255544 -510.171
0.0051257544 -514.17
0.0051259544 -512.171
0.0051261544 -514.17
0.0051263544 -514.969
0.0051265544 -512.171
0.0051267544 -512.57
0.0051269544 -512.171
0.0051271544 -514.17
0.0051273544 -512.171
0.0051275544 -514.17
0.0051277544 -512.57
0.0051279544 -512.171
0.0051281544 -510.171
0.0051283544 -511.371
0.0051285544 -513.37
0.0051287544 -510.971
0.0051289544 -514.969
0.0051291544 -512.171
0.0051293544 -509.772
0.0051295544 -510.571
0.0051297544 -512.57
0.0051299544 -512.97
0.0051301544 -510.171
0.0051303544 -514.569
0.0051305544 -510.971
0.0051307544 -513.77
0.0051309544 -510.971
0.0051311544 -511.371
0.0051313544 -508.572
0.0051315544 -511.371
0.0051317544 -512.97
0.0051319544 -510.571
0.0051321544 -512.97
0.0051323544 -510.171
0.0051325544 -510.571
0.0051327544 -512.57
0.0051329544 -509.772
0.0051331544 -512.97
0.0051333544 -513.37
0.0051335544 -511.371
0.0051337544 -510.571
0.0051339544 -509.372
0.0051341544 -511.771
0.0051343544 -513.37
0.0051345544 -509.372
0.0051347544 -512.171
0.0051349544 -509.372
0.0051351544 -512.97
0.0051353544 -511.771
0.0051355544 -512.57
0.0051357544 -512.57
0.0051359544 -509.372
0.0051361544 -510.971
0.0051363544 -510.571
0.0051365544 -509.372
0.0051367544 -510.971
0.0051369544 -508.972
0.0051371544 -514.17
0.0051373544 -511.371
0.0051375544 -508.572
0.0051377544 -510.171
0.0051379544 -508.972
0.0051381544 -508.172
0.0051383544 -511.771
0.0051385544 -507.773
0.0051387544 -510.171
0.0051389544 -510.971
0.0051391544 -513.77
0.0051393544 -509.372
0.0051395544 -509.772
0.0051397544 -509.372
0.0051399544 -510.571
0.0051401544 -508.572
0.0051403544 -508.572
0.0051405544 -510.571
0.0051407544 -507.773
0.0051409544 -511.771
0.0051411544 -510.571
0.0051413544 -509.372
0.0051415544 -510.571
0.0051417544 -509.372
0.0051419544 -512.171
0.0051421544 -509.372
0.0051423544 -510.571
0.0051425544 -510.971
0.0051427544 -508.972
0.0051429544 -508.172
0.0051431544 -512.171
0.0051433544 -511.771
0.0051435544 -508.172
0.0051437544 -508.972
0.0051439544 -508.972
0.0051441544 -507.773
0.0051443544 -509.772
0.0051445544 -510.571
0.0051447544 -509.772
0.0051449544 -508.972
0.0051451544 -508.172
0.0051453544 -509.772
0.0051455544 -508.972
0.0051457544 -510.571
0.0051459544 -511.371
0.0051461544 -510.171
0.0051463544 -510.971
0.0051465544 -506.173
0.0051467544 -512.171
0.0051469544 -506.973
0.0051471544 -510.571
0.0051473544 -509.772
0.0051475544 -510.171
0.0051477544 -510.171
0.0051479544 -508.972
0.0051481544 -509.372
0.0051483544 -509.372
0.0051485544 -510.171
0.0051487544 -509.372
0.0051489544 -510.171
0.0051491544 -508.572
0.0051493544 -510.571
0.0051495544 -507.373
0.0051497544 -506.573
0.0051499544 -509.372
0.0051501544 -508.972
0.0051503544 -510.171
0.0051505544 -511.371
0.0051507544 -509.772
0.0051509544 -510.971
0.0051511544 -509.772
0.0051513544 -506.973
0.0051515544 -508.572
0.0051517544 -508.972
0.0051519544 -508.572
0.0051521544 -508.572
0.0051523544 -506.973
0.0051525544 -508.572
0.0051527544 -507.373
0.0051529544 -508.172
0.0051531544 -507.773
0.0051533544 -508.172
0.0051535544 -506.973
0.0051537544 -506.173
0.0051539544 -504.974
0.0051541544 -509.372
0.0051543544 -509.372
0.0051545544 -509.772
0.0051547544 -510.171
0.0051549544 -508.172
0.0051551544 -508.172
0.0051553544 -509.772
0.0051555544 -508.572
0.0051557544 -508.572
0.0051559544 -504.174
0.0051561544 -506.973
0.0051563544 -506.973
0.0051565544 -507.773
0.0051567544 -509.372
0.0051569544 -506.173
0.0051571544 -510.171
0.0051573544 -509.372
0.0051575544 -508.572
0.0051577544 -506.573
0.0051579544 -508.972
0.0051581544 -508.172
0.0051583544 -506.973
0.0051585544 -508.972
0.0051587544 -507.373
0.0051589544 -504.574
0.0051591544 -506.173
0.0051593544 -506.173
0.0051595544 -506.573
0.0051597544 -506.573
0.0051599544 -509.772
0.0051601544 -507.373
0.0051603544 -507.773
0.0051605544 -508.972
0.0051607544 -507.373
0.0051609544 -504.974
0.0051611544 -508.972
0.0051613544 -507.373
0.0051615544 -506.973
0.0051617544 -504.974
0.0051619544 -507.373
0.0051621544 -506.573
0.0051623544 -504.174
0.0051625544 -506.573
0.0051627544 -506.173
0.0051629544 -506.173
0.0051631544 -505.773
0.0051633544 -506.173
0.0051635544 -507.373
0.0051637544 -505.773
0.0051639544 -506.173
0.0051641544 -504.974
0.0051643544 -506.973
0.0051645544 -504.974
0.0051647544 -506.573
0.0051649544 -505.374
0.0051651544 -507.373
0.0051653544 -506.573
0.0051655544 -506.173
0.0051657544 -508.572
0.0051659544 -504.974
0.0051661544 -504.974
0.0051663544 -506.973
0.0051665544 -506.173
0.0051667544 -506.173
0.0051669544 -506.973
0.0051671544 -506.573
0.0051673544 -507.773
0.0051675544 -506.573
0.0051677544 -506.173
0.0051679544 -504.974
0.0051681544 -506.173
0.0051683544 -507.773
0.0051685544 -504.174
0.0051687544 -505.773
0.0051689544 -507.373
0.0051691544 -506.573
0.0051693544 -507.773
0.0051695544 -506.573
0.0051697544 -504.174
0.0051699544 -506.173
0.0051701544 -508.572
0.0051703544 -506.173
0.0051705544 -506.173
0.0051707544 -506.173
0.0051709544 -503.374
0.0051711544 -504.174
0.0051713544 -507.373
0.0051715544 -504.974
0.0051717544 -503.774
0.0051719544 -506.573
0.0051721544 -506.973
0.0051723544 -503.374
0.0051725544 -506.973
0.0051727544 -508.572
0.0051729544 -504.174
0.0051731544 -504.974
0.0051733544 -506.973
0.0051735544 -505.374
0.0051737544 -503.774
0.0051739544 -505.773
0.0051741544 -504.574
0.0051743544 -507.373
0.0051745544 -503.374
0.0051747544 -502.975
0.0051749544 -505.374
0.0051751544 -502.575
0.0051753544 -504.574
0.0051755544 -505.374
0.0051757544 -503.774
0.0051759544 -509.772
0.0051761544 -504.174
0.0051763544 -506.573
0.0051765544 -507.373
0.0051767544 -504.174
0.0051769544 -502.975
0.0051771544 -504.974
0.0051773544 -506.573
0.0051775544 -503.374
0.0051777544 -505.773
0.0051779544 -503.774
0.0051781544 -504.174
0.0051783544 -504.574
0.0051785544 -504.574
0.0051787544 -504.574
0.0051789544 -503.374
0.0051791544 -504.174
0.0051793544 -503.774
0.0051795544 -502.175
0.0051797544 -503.374
0.0051799544 -504.574
0.0051801544 -502.975
0.0051803544 -504.174
0.0051805544 -502.575
0.0051807544 -504.574
0.0051809544 -502.175
0.0051811544 -504.574
0.0051813544 -505.773
0.0051815544 -506.573
0.0051817544 -500.976
0.0051819544 -504.574
0.0051821544 -507.773
0.0051823544 -503.374
0.0051825544 -503.774
0.0051827544 -504.574
0.0051829544 -506.573
0.0051831544 -505.374
0.0051833544 -501.375
0.0051835544 -502.575
0.0051837544 -504.174
0.0051839544 -504.974
0.0051841544 -506.173
0.0051843544 -506.573
0.0051845544 -504.974
0.0051847544 -503.374
0.0051849544 -502.975
0.0051851544 -506.173
0.0051853544 -504.574
0.0051855544 -501.775
0.0051857544 -505.374
0.0051859544 -504.174
0.0051861544 -502.175
0.0051863544 -504.174
0.0051865544 -502.575
0.0051867544 -506.573
0.0051869544 -502.575
0.0051871544 -504.574
0.0051873544 -504.174
0.0051875544 -502.975
0.0051877544 -504.174
0.0051879544 -500.976
0.0051881544 -500.976
0.0051883544 -502.175
0.0051885544 -502.575
0.0051887544 -505.374
0.0051889544 -506.173
0.0051891544 -505.773
0.0051893544 -503.374
0.0051895544 -505.374
0.0051897544 -502.575
0.0051899544 -503.374
0.0051901544 -504.174
0.0051903544 -502.575
0.0051905544 -503.774
0.0051907544 -502.175
0.0051909544 -503.774
0.0051911544 -502.975
0.0051913544 -505.374
0.0051915544 -502.575
0.0051917544 -506.173
0.0051919544 -502.975
0.0051921544 -502.575
0.0051923544 -504.574
0.0051925544 -503.374
0.0051927544 -504.974
0.0051929544 -503.774
0.0051931544 -504.574
0.0051933544 -504.574
0.0051935544 -505.374
0.0051937544 -505.773
0.0051939544 -503.374
0.0051941544 -503.374
0.0051943544 -503.374
0.0051945544 -505.374
0.0051947544 -504.574
0.0051949544 -504.974
0.0051951544 -505.773
0.0051953544 -503.374
0.0051955544 -506.173
0.0051957544 -503.374
0.0051959544 -504.974
0.0051961544 -502.575
0.0051963544 -504.974
0.0051965544 -506.173
0.0051967544 -507.773
0.0051969544 -501.775
0.0051971544 -505.773
0.0051973544 -504.174
0.0051975544 -506.573
0.0051977544 -506.173
0.0051979544 -505.374
0.0051981544 -506.173
0.0051983544 -504.574
0.0051985544 -503.374
0.0051987544 -503.374
0.0051989544 -505.773
0.0051991544 -502.575
0.0051993544 -504.574
0.0051995544 -505.773
0.0051997544 -506.173
0.0051999544 -504.574
0.0052001544 -505.773
0.0052003544 -504.574
0.0052005544 -502.975
0.0052007544 -504.974
0.0052009544 -504.974
0.0052011544 -503.774
0.0052013544 -505.773
0.0052015544 -506.973
0.0052017544 -498.976
0.0052019544 -503.374
0.0052021544 -504.174
0.0052023544 -501.775
0.0052025544 -503.374
0.0052027544 -502.575
0.0052029544 -502.975
0.0052031544 -504.574
0.0052033544 -502.975
0.0052035544 -506.973
0.0052037544 -505.773
0.0052039544 -502.575
0.0052041544 -505.374
0.0052043544 -504.974
0.0052045544 -504.574
0.0052047544 -505.773
0.0052049544 -502.175
0.0052051544 -502.175
0.0052053544 -499.776
0.0052055544 -503.774
0.0052057544 -504.174
0.0052059544 -505.374
0.0052061544 -504.574
0.0052063544 -503.374
0.0052065544 -504.174
0.0052067544 -504.174
0.0052069544 -503.774
0.0052071544 -503.774
0.0052073544 -502.175
0.0052075544 -503.374
0.0052077544 -504.574
0.0052079544 -503.374
0.0052081544 -503.774
0.0052083544 -502.575
0.0052085544 -502.575
0.0052087544 -505.374
0.0052089544 -503.774
0.0052091544 -503.774
0.0052093544 -502.975
0.0052095544 -504.174
0.0052097544 -502.975
0.0052099544 -501.775
0.0052101544 -505.773
0.0052103544 -505.374
0.0052105544 -501.775
0.0052107544 -503.374
0.0052109544 -505.773
0.0052111544 -503.774
0.0052113544 -502.175
0.0052115544 -504.574
0.0052117544 -501.375
0.0052119544 -505.374
0.0052121544 -501.775
0.0052123544 -503.374
0.0052125544 -504.174
0.0052127544 -502.575
0.0052129544 -504.174
0.0052131544 -501.775
0.0052133544 -504.974
0.0052135544 -502.975
0.0052137544 -502.175
0.0052139544 -502.175
0.0052141544 -501.375
0.0052143544 -502.975
0.0052145544 -501.775
0.0052147544 -500.576
0.0052149544 -503.374
0.0052151544 -502.975
0.0052153544 -500.576
0.0052155544 -504.574
0.0052157544 -502.575
0.0052159544 -502.975
0.0052161544 -501.375
0.0052163544 -502.575
0.0052165544 -501.375
0.0052167544 -502.975
0.0052169544 -501.775
0.0052171544 -500.976
0.0052173544 -500.976
0.0052175544 -498.976
0.0052177544 -500.976
0.0052179544 -502.975
0.0052181544 -504.574
0.0052183544 -501.775
0.0052185544 -503.374
0.0052187544 -500.576
0.0052189544 -502.975
0.0052191544 -501.375
0.0052193544 -502.975
0.0052195544 -499.776
0.0052197544 -501.775
0.0052199544 -502.975
0.0052201544 -500.976
0.0052203544 -500.176
0.0052205544 -500.576
0.0052207544 -502.175
0.0052209544 -500.976
0.0052211544 -500.176
0.0052213544 -502.575
0.0052215544 -499.776
0.0052217544 -502.175
0.0052219544 -500.576
0.0052221544 -503.774
0.0052223544 -501.775
0.0052225544 -501.775
0.0052227544 -502.975
0.0052229544 -500.176
0.0052231544 -501.375
0.0052233544 -499.776
0.0052235544 -504.174
0.0052237544 -503.774
0.0052239544 -503.774
0.0052241544 -497.777
0.0052243544 -501.375
0.0052245544 -504.974
0.0052247544 -501.775
0.0052249544 -499.776
0.0052251544 -500.976
0.0052253544 -501.775
0.0052255544 -501.775
0.0052257544 -500.976
0.0052259544 -500.576
0.0052261544 -500.576
0.0052263544 -497.377
0.0052265544 -502.575
0.0052267544 -503.374
0.0052269544 -502.175
0.0052271544 -499.776
0.0052273544 -501.775
0.0052275544 -504.174
0.0052277544 -500.176
0.0052279544 -501.775
0.0052281544 -500.576
0.0052283544 -499.376
0.0052285544 -501.775
0.0052287544 -502.575
0.0052289544 -502.575
0.0052291544 -504.174
0.0052293544 -500.976
0.0052295544 -500.976
0.0052297544 -502.575
0.0052299544 -500.176
0.0052301544 -502.575
0.0052303544 -500.176
0.0052305544 -499.376
0.0052307544 -499.376
0.0052309544 -500.976
0.0052311544 -502.575
0.0052313544 -500.976
0.0052315544 -501.775
0.0052317544 -501.375
0.0052319544 -502.575
0.0052321544 -498.177
0.0052323544 -500.576
0.0052325544 -499.376
0.0052327544 -499.776
0.0052329544 -500.176
0.0052331544 -500.976
0.0052333544 -503.774
0.0052335544 -500.976
0.0052337544 -501.375
0.0052339544 -499.376
0.0052341544 -502.575
0.0052343544 -500.976
0.0052345544 -500.176
0.0052347544 -499.376
0.0052349544 -499.776
0.0052351544 -500.176
0.0052353544 -499.776
0.0052355544 -498.577
0.0052357544 -498.577
0.0052359544 -500.576
0.0052361544 -501.375
0.0052363544 -500.576
0.0052365544 -496.178
0.0052367544 -501.375
0.0052369544 -501.775
0.0052371544 -500.576
0.0052373544 -500.176
0.0052375544 -499.776
0.0052377544 -502.175
0.0052379544 -498.577
0.0052381544 -497.377
0.0052383544 -499.776
0.0052385544 -500.176
0.0052387544 -499.376
0.0052389544 -498.177
0.0052391544 -497.777
0.0052393544 -499.376
0.0052395544 -497.777
0.0052397544 -499.776
0.0052399544 -500.976
0.0052401544 -499.376
0.0052403544 -500.176
0.0052405544 -498.976
0.0052407544 -498.577
0.0052409544 -500.176
0.0052411544 -496.977
0.0052413544 -498.976
0.0052415544 -498.177
0.0052417544 -497.377
0.0052419544 -498.177
0.0052421544 -501.375
0.0052423544 -500.976
0.0052425544 -500.576
0.0052427544 -500.176
0.0052429544 -498.177
0.0052431544 -499.376
0.0052433544 -499.776
0.0052435544 -500.576
0.0052437544 -498.177
0.0052439544 -497.777
0.0052441544 -499.776
0.0052443544 -496.977
0.0052445544 -498.577
0.0052447544 -499.376
0.0052449544 -500.176
0.0052451544 -500.576
0.0052453544 -500.176
0.0052455544 -496.977
0.0052457544 -502.575
0.0052459544 -499.376
0.0052461544 -497.377
0.0052463544 -499.376
0.0052465544 -499.376
0.0052467544 -497.777
0.0052469544 -500.176
0.0052471544 -500.176
0.0052473544 -500.576
0.0052475544 -498.577
0.0052477544 -499.376
0.0052479544 -497.377
0.0052481544 -500.176
0.0052483544 -498.177
0.0052485544 -499.776
0.0052487544 -500.976
0.0052489544 -498.177
0.0052491544 -501.375
0.0052493544 -501.775
0.0052495544 -499.376
0.0052497544 -500.176
0.0052499544 -501.375
0.0052501544 -502.575
0.0052503544 -499.376
0.0052505544 -498.976
0.0052507544 -499.776
0.0052509544 -499.376
0.0052511544 -500.576
0.0052513544 -499.776
0.0052515544 -499.776
0.0052517544 -500.576
0.0052519544 -502.175
0.0052521544 -501.375
0.0052523544 -501.775
0.0052525544 -502.575
0.0052527544 -501.375
0.0052529544 -499.376
0.0052531544 -501.375
0.0052533544 -501.775
0.0052535544 -499.376
0.0052537544 -500.976
0.0052539544 -500.576
0.0052541544 -502.575
0.0052543544 -500.576
0.0052545544 -501.375
0.0052547544 -502.575
0.0052549544 -503.774
0.0052551544 -504.174
0.0052553544 -502.975
0.0052555544 -500.576
0.0052557544 -501.375
0.0052559544 -500.576
0.0052561544 -502.575
0.0052563544 -498.177
0.0052565544 -500.176
0.0052567544 -501.375
0.0052569544 -500.976
0.0052571544 -500.176
0.0052573544 -500.576
0.0052575544 -501.775
0.0052577544 -501.375
0.0052579544 -498.177
0.0052581544 -500.576
0.0052583544 -500.576
0.0052585544 -501.775
0.0052587544 -499.776
0.0052589544 -500.976
0.0052591544 -500.176
0.0052593544 -502.575
0.0052595544 -500.576
0.0052597544 -498.976
0.0052599544 -500.976
0.0052601544 -501.775
0.0052603544 -498.976
0.0052605544 -496.578
0.0052607544 -500.976
0.0052609544 -499.776
0.0052611544 -499.376
0.0052613544 -499.776
0.0052615544 -500.576
0.0052617544 -498.177
0.0052619544 -500.176
0.0052621544 -498.976
0.0052623544 -500.976
0.0052625544 -503.374
0.0052627544 -502.975
0.0052629544 -500.976
0.0052631544 -501.775
0.0052633544 -501.375
0.0052635544 -500.976
0.0052637544 -499.376
0.0052639544 -499.376
0.0052641544 -500.176
0.0052643544 -499.376
0.0052645544 -499.776
0.0052647544 -500.576
0.0052649544 -500.176
0.0052651544 -501.775
0.0052653544 -500.576
0.0052655544 -499.776
0.0052657544 -498.976
0.0052659544 -499.776
0.0052661544 -500.976
0.0052663544 -498.976
0.0052665544 -500.176
0.0052667544 -500.576
0.0052669544 -502.175
0.0052671544 -500.176
0.0052673544 -499.776
0.0052675544 -500.976
0.0052677544 -498.577
0.0052679544 -500.176
0.0052681544 -500.176
0.0052683544 -500.576
0.0052685544 -500.176
0.0052687544 -500.576
0.0052689544 -499.376
0.0052691544 -501.775
0.0052693544 -500.576
0.0052695544 -498.177
0.0052697544 -500.576
0.0052699544 -501.775
0.0052701544 -501.375
0.0052703544 -500.576
0.0052705544 -500.976
0.0052707544 -502.175
0.0052709544 -500.576
0.0052711544 -499.376
0.0052713544 -504.174
0.0052715544 -500.576
0.0052717544 -499.776
0.0052719544 -500.576
0.0052721544 -500.976
0.0052723544 -501.375
0.0052725544 -500.576
0.0052727544 -498.177
0.0052729544 -500.576
0.0052731544 -502.175
0.0052733544 -501.375
0.0052735544 -499.376
0.0052737544 -500.576
0.0052739544 -500.576
0.0052741544 -500.576
0.0052743544 -500.976
0.0052745544 -498.976
0.0052747544 -499.776
0.0052749544 -501.375
0.0052751544 -499.376
0.0052753544 -495.778
0.0052755544 -501.375
0.0052757544 -496.977
0.0052759544 -500.176
0.0052761544 -499.776
0.0052763544 -500.976
0.0052765544 -500.976
0.0052767544 -498.577
0.0052769544 -498.976
0.0052771544 -500.976
0.0052773544 -500.176
0.0052775544 -498.177
0.0052777544 -497.777
0.0052779544 -499.376
0.0052781544 -500.576
0.0052783544 -499.776
0.0052785544 -500.976
0.0052787544 -502.175
0.0052789544 -499.376
0.0052791544 -500.976
0.0052793544 -500.976
0.0052795544 -500.176
0.0052797544 -497.777
0.0052799544 -499.776
0.0052801544 -498.177
0.0052803544 -502.975
0.0052805544 -500.176
0.0052807544 -498.177
0.0052809544 -501.375
0.0052811544 -500.576
0.0052813544 -499.376
0.0052815544 -499.776
0.0052817544 -500.576
0.0052819544 -497.377
0.0052821544 -500.176
0.0052823544 -498.577
0.0052825544 -502.575
0.0052827544 -496.578
0.0052829544 -497.377
0.0052831544 -496.977
0.0052833544 -498.976
0.0052835544 -500.976
0.0052837544 -500.176
0.0052839544 -499.376
0.0052841544 -499.776
0.0052843544 -501.375
0.0052845544 -500.176
0.0052847544 -499.776
0.0052849544 -498.177
0.0052851544 -501.375
0.0052853544 -499.776
0.0052855544 -499.376
0.0052857544 -498.976
0.0052859544 -499.776
0.0052861544 -499.776
0.0052863544 -498.577
0.0052865544 -498.577
0.0052867544 -498.976
0.0052869544 -500.176
0.0052871544 -498.577
0.0052873544 -497.377
0.0052875544 -499.776
0.0052877544 -501.375
0.0052879544 -499.776
0.0052881544 -497.777
0.0052883544 -497.377
0.0052885544 -496.977
0.0052887544 -497.377
0.0052889544 -500.176
0.0052891544 -499.376
0.0052893544 -496.977
0.0052895544 -499.376
0.0052897544 -500.176
0.0052899544 -498.177
0.0052901544 -495.778
0.0052903544 -500.176
0.0052905544 -500.576
0.0052907544 -499.376
0.0052909544 -499.776
0.0052911544 -496.977
0.0052913544 -498.577
0.0052915544 -500.576
0.0052917544 -496.178
0.0052919544 -498.577
0.0052921544 -496.578
0.0052923544 -496.977
0.0052925544 -499.776
0.0052927544 -499.776
0.0052929544 -496.977
0.0052931544 -496.977
0.0052933544 -497.777
0.0052935544 -498.177
0.0052937544 -498.177
0.0052939544 -500.976
0.0052941544 -497.777
0.0052943544 -500.576
0.0052945544 -499.776
0.0052947544 -500.176
0.0052949544 -498.976
0.0052951544 -497.777
0.0052953544 -500.176
0.0052955544 -500.976
0.0052957544 -499.376
0.0052959544 -497.377
0.0052961544 -496.977
0.0052963544 -498.177
0.0052965544 -495.778
0.0052967544 -497.777
0.0052969544 -496.977
0.0052971544 -500.576
0.0052973544 -498.177
0.0052975544 -500.176
0.0052977544 -497.377
0.0052979544 -500.976
0.0052981544 -498.577
0.0052983544 -498.976
0.0052985544 -496.977
0.0052987544 -498.577
0.0052989544 -495.778
0.0052991544 -497.377
0.0052993544 -496.578
0.0052995544 -496.578
0.0052997544 -498.976
0.0052999544 -500.576
0.0053001544 -494.978
0.0053003544 -498.577
0.0053005544 -498.177
0.0053007544 -497.777
0.0053009544 -500.176
0.0053011544 -497.777
0.0053013544 -497.377
0.0053015544 -497.777
0.0053017544 -497.777
0.0053019544 -496.977
0.0053021544 -496.578
0.0053023544 -500.176
0.0053025544 -495.378
0.0053027544 -500.976
0.0053029544 -495.378
0.0053031544 -496.578
0.0053033544 -494.578
0.0053035544 -497.777
0.0053037544 -499.376
0.0053039544 -496.578
0.0053041544 -496.578
0.0053043544 -498.577
0.0053045544 -497.377
0.0053047544 -496.977
0.0053049544 -497.377
0.0053051544 -497.377
0.0053053544 -496.977
0.0053055544 -496.178
0.0053057544 -496.178
0.0053059544 -498.177
0.0053061544 -498.177
0.0053063544 -498.577
0.0053065544 -497.377
0.0053067544 -498.177
0.0053069544 -497.377
0.0053071544 -501.775
0.0053073544 -498.976
0.0053075544 -498.177
0.0053077544 -495.778
0.0053079544 -499.776
0.0053081544 -501.375
0.0053083544 -497.377
0.0053085544 -500.176
0.0053087544 -494.578
0.0053089544 -499.376
0.0053091544 -494.978
0.0053093544 -497.777
0.0053095544 -496.178
0.0053097544 -498.976
0.0053099544 -497.777
0.0053101544 -496.977
0.0053103544 -495.378
0.0053105544 -499.776
0.0053107544 -495.378
0.0053109544 -496.578
0.0053111544 -496.578
0.0053113544 -496.977
0.0053115544 -499.776
0.0053117544 -496.578
0.0053119544 -499.776
0.0053121544 -495.778
0.0053123544 -496.578
0.0053125544 -496.578
0.0053127544 -496.578
0.0053129544 -499.776
0.0053131544 -495.778
0.0053133544 -495.778
0.0053135544 -497.777
0.0053137544 -496.178
0.0053139544 -496.578
0.0053141544 -496.178
0.0053143544 -498.577
0.0053145544 -497.777
0.0053147544 -497.777
0.0053149544 -498.976
0.0053151544 -493.779
0.0053153544 -496.977
0.0053155544 -498.577
0.0053157544 -494.578
0.0053159544 -495.778
0.0053161544 -496.178
0.0053163544 -496.578
0.0053165544 -496.977
0.0053167544 -496.578
0.0053169544 -496.578
0.0053171544 -495.378
0.0053173544 -496.178
0.0053175544 -495.778
0.0053177544 -497.377
0.0053179544 -497.777
0.0053181544 -495.378
0.0053183544 -494.978
0.0053185544 -494.179
0.0053187544 -496.178
0.0053189544 -494.179
0.0053191544 -498.976
0.0053193544 -496.178
0.0053195544 -495.378
0.0053197544 -496.578
0.0053199544 -495.778
0.0053201544 -495.778
0.0053203544 -494.179
0.0053205544 -494.978
0.0053207544 -494.179
0.0053209544 -497.777
0.0053211544 -499.376
0.0053213544 -498.577
0.0053215544 -498.177
0.0053217544 -496.178
0.0053219544 -500.176
0.0053221544 -496.578
0.0053223544 -497.377
0.0053225544 -499.376
0.0053227544 -495.378
0.0053229544 -498.177
0.0053231544 -496.578
0.0053233544 -498.177
0.0053235544 -496.578
0.0053237544 -498.976
0.0053239544 -493.779
0.0053241544 -498.177
0.0053243544 -496.178
0.0053245544 -495.778
0.0053247544 -494.578
0.0053249544 -496.977
0.0053251544 -496.578
0.0053253544 -497.777
0.0053255544 -493.779
0.0053257544 -495.778
0.0053259544 -497.377
0.0053261544 -497.777
0.0053263544 -494.578
0.0053265544 -493.379
0.0053267544 -495.378
0.0053269544 -493.379
0.0053271544 -498.577
0.0053273544 -496.578
0.0053275544 -494.578
0.0053277544 -497.377
0.0053279544 -498.976
0.0053281544 -494.179
0.0053283544 -495.378
0.0053285544 -498.177
0.0053287544 -495.778
0.0053289544 -497.777
0.0053291544 -496.578
0.0053293544 -497.777
0.0053295544 -496.178
0.0053297544 -498.177
0.0053299544 -495.778
0.0053301544 -497.377
0.0053303544 -498.976
0.0053305544 -497.377
0.0053307544 -496.178
0.0053309544 -498.976
0.0053311544 -494.978
0.0053313544 -496.178
0.0053315544 -496.178
0.0053317544 -496.178
0.0053319544 -496.578
0.0053321544 -496.578
0.0053323544 -497.377
0.0053325544 -493.779
0.0053327544 -495.378
0.0053329544 -497.377
0.0053331544 -499.376
0.0053333544 -496.178
0.0053335544 -497.377
0.0053337544 -497.777
0.0053339544 -496.977
0.0053341544 -497.777
0.0053343544 -498.577
0.0053345544 -500.176
0.0053347544 -497.377
0.0053349544 -497.377
0.0053351544 -498.177
0.0053353544 -494.578
0.0053355544 -495.378
0.0053357544 -498.577
0.0053359544 -498.577
0.0053361544 -497.777
0.0053363544 -498.177
0.0053365544 -495.778
0.0053367544 -498.177
0.0053369544 -497.377
0.0053371544 -498.577
0.0053373544 -499.376
0.0053375544 -495.778
0.0053377544 -496.578
0.0053379544 -499.776
0.0053381544 -496.977
0.0053383544 -496.977
0.0053385544 -496.977
0.0053387544 -496.977
0.0053389544 -496.578
0.0053391544 -494.179
0.0053393544 -496.178
0.0053395544 -497.377
0.0053397544 -497.377
0.0053399544 -497.777
0.0053401544 -496.578
0.0053403544 -496.578
0.0053405544 -496.977
0.0053407544 -497.377
0.0053409544 -493.779
0.0053411544 -496.578
0.0053413544 -496.977
0.0053415544 -497.777
0.0053417544 -497.377
0.0053419544 -496.977
0.0053421544 -496.578
0.0053423544 -498.177
0.0053425544 -496.977
0.0053427544 -497.777
0.0053429544 -498.177
0.0053431544 -498.177
0.0053433544 -497.777
0.0053435544 -495.378
0.0053437544 -497.377
0.0053439544 -497.377
0.0053441544 -498.976
0.0053443544 -497.777
0.0053445544 -498.177
0.0053447544 -497.377
0.0053449544 -498.177
0.0053451544 -495.778
0.0053453544 -496.578
0.0053455544 -498.577
0.0053457544 -493.779
0.0053459544 -493.779
0.0053461544 -495.378
0.0053463544 -497.777
0.0053465544 -497.777
0.0053467544 -497.377
0.0053469544 -497.777
0.0053471544 -496.977
0.0053473544 -498.976
0.0053475544 -500.976
0.0053477544 -496.578
0.0053479544 -496.178
0.0053481544 -496.578
0.0053483544 -495.778
0.0053485544 -497.777
0.0053487544 -497.377
0.0053489544 -498.577
0.0053491544 -498.976
0.0053493544 -499.776
0.0053495544 -497.777
0.0053497544 -495.778
0.0053499544 -496.578
0.0053501544 -498.177
0.0053503544 -498.976
0.0053505544 -500.176
0.0053507544 -499.776
0.0053509544 -498.976
0.0053511544 -497.377
0.0053513544 -498.177
0.0053515544 -499.776
0.0053517544 -498.177
0.0053519544 -500.176
0.0053521544 -499.776
0.0053523544 -496.578
0.0053525544 -496.178
0.0053527544 -497.777
0.0053529544 -496.578
0.0053531544 -496.178
0.0053533544 -498.177
0.0053535544 -497.377
0.0053537544 -499.776
0.0053539544 -498.976
0.0053541544 -496.578
0.0053543544 -496.977
0.0053545544 -499.376
0.0053547544 -499.376
0.0053549544 -496.578
0.0053551544 -495.778
0.0053553544 -498.976
0.0053555544 -499.776
0.0053557544 -495.778
0.0053559544 -498.577
0.0053561544 -493.379
0.0053563544 -498.577
0.0053565544 -495.778
0.0053567544 -496.977
0.0053569544 -497.377
0.0053571544 -499.376
0.0053573544 -496.178
0.0053575544 -496.578
0.0053577544 -496.578
0.0053579544 -497.777
0.0053581544 -500.176
0.0053583544 -496.178
0.0053585544 -493.779
0.0053587544 -497.777
0.0053589544 -497.777
0.0053591544 -494.978
0.0053593544 -497.777
0.0053595544 -497.377
0.0053597544 -496.977
0.0053599544 -493.779
0.0053601544 -497.377
0.0053603544 -498.976
0.0053605544 -500.176
0.0053607544 -496.178
0.0053609544 -496.578
0.0053611544 -496.977
0.0053613544 -494.578
0.0053615544 -495.778
0.0053617544 -494.978
0.0053619544 -496.977
0.0053621544 -497.377
0.0053623544 -494.978
0.0053625544 -492.979
0.0053627544 -495.378
0.0053629544 -495.778
0.0053631544 -499.376
0.0053633544 -497.377
0.0053635544 -494.179
0.0053637544 -495.778
0.0053639544 -494.578
0.0053641544 -497.777
0.0053643544 -494.978
0.0053645544 -497.777
0.0053647544 -495.778
0.0053649544 -495.778
0.0053651544 -494.978
0.0053653544 -494.978
0.0053655544 -493.379
0.0053657544 -494.578
0.0053659544 -497.777
0.0053661544 -494.578
0.0053663544 -496.977
0.0053665544 -498.177
0.0053667544 -494.978
0.0053669544 -495.778
0.0053671544 -495.378
0.0053673544 -494.978
0.0053675544 -496.977
0.0053677544 -499.776
0.0053679544 -494.978
0.0053681544 -495.378
0.0053683544 -495.378
0.0053685544 -492.579
0.0053687544 -495.378
0.0053689544 -497.777
0.0053691544 -496.578
0.0053693544 -494.978
0.0053695544 -495.378
0.0053697544 -496.578
0.0053699544 -493.779
0.0053701544 -494.978
0.0053703544 -494.978
0.0053705544 -496.578
0.0053707544 -497.377
0.0053709544 -496.578
0.0053711544 -498.177
0.0053713544 -494.978
0.0053715544 -494.578
0.0053717544 -492.579
0.0053719544 -495.378
0.0053721544 -494.179
0.0053723544 -494.978
0.0053725544 -494.179
0.0053727544 -497.377
0.0053729544 -491.78
0.0053731544 -494.978
0.0053733544 -492.579
0.0053735544 -495.778
0.0053737544 -493.379
0.0053739544 -494.578
0.0053741544 -493.779
0.0053743544 -496.178
0.0053745544 -493.379
0.0053747544 -492.979
0.0053749544 -494.978
0.0053751544 -494.179
0.0053753544 -498.577
0.0053755544 -494.179
0.0053757544 -494.578
0.0053759544 -493.779
0.0053761544 -494.578
0.0053763544 -495.378
0.0053765544 -494.978
0.0053767544 -494.978
0.0053769544 -492.18
0.0053771544 -496.178
0.0053773544 -496.578
0.0053775544 -494.179
0.0053777544 -496.178
0.0053779544 -494.578
0.0053781544 -492.579
0.0053783544 -492.979
0.0053785544 -494.978
0.0053787544 -496.178
0.0053789544 -497.777
0.0053791544 -494.578
0.0053793544 -496.977
0.0053795544 -492.579
0.0053797544 -495.778
0.0053799544 -494.978
0.0053801544 -494.179
0.0053803544 -494.578
0.0053805544 -494.978
0.0053807544 -494.578
0.0053809544 -493.779
0.0053811544 -496.178
0.0053813544 -496.578
0.0053815544 -495.778
0.0053817544 -494.978
0.0053819544 -490.98
0.0053821544 -495.778
0.0053823544 -494.578
0.0053825544 -498.177
0.0053827544 -493.779
0.0053829544 -493.779
0.0053831544 -494.578
0.0053833544 -491.38
0.0053835544 -493.379
0.0053837544 -494.978
0.0053839544 -494.179
0.0053841544 -492.979
0.0053843544 -494.179
0.0053845544 -492.579
0.0053847544 -494.578
0.0053849544 -497.377
0.0053851544 -491.78
0.0053853544 -490.98
0.0053855544 -494.578
0.0053857544 -492.579
0.0053859544 -492.579
0.0053861544 -490.98
0.0053863544 -493.379
0.0053865544 -491.78
0.0053867544 -491.38
0.0053869544 -491.78
0.0053871544 -491.78
0.0053873544 -491.78
0.0053875544 -491.78
0.0053877544 -492.18
0.0053879544 -492.579
0.0053881544 -492.579
0.0053883544 -491.78
0.0053885544 -491.38
0.0053887544 -492.979
0.0053889544 -492.579
0.0053891544 -488.581
0.0053893544 -491.38
0.0053895544 -491.78
0.0053897544 -491.38
0.0053899544 -492.579
0.0053901544 -496.977
0.0053903544 -492.18
0.0053905544 -493.379
0.0053907544 -492.579
0.0053909544 -490.98
0.0053911544 -492.579
0.0053913544 -490.98
0.0053915544 -491.78
0.0053917544 -492.979
0.0053919544 -491.78
0.0053921544 -493.379
0.0053923544 -491.78
0.0053925544 -491.38
0.0053927544 -490.18
0.0053929544 -492.979
0.0053931544 -492.579
0.0053933544 -489.381
0.0053935544 -491.38
0.0053937544 -492.579
0.0053939544 -492.979
0.0053941544 -492.18
0.0053943544 -492.18
0.0053945544 -490.18
0.0053947544 -491.38
0.0053949544 -490.58
0.0053951544 -492.18
0.0053953544 -490.58
0.0053955544 -489.381
0.0053957544 -489.781
0.0053959544 -488.981
0.0053961544 -488.981
0.0053963544 -490.98
0.0053965544 -490.18
0.0053967544 -490.18
0.0053969544 -489.781
0.0053971544 -489.381
0.0053973544 -489.781
0.0053975544 -490.18
0.0053977544 -491.38
0.0053979544 -493.379
0.0053981544 -490.18
0.0053983544 -492.18
0.0053985544 -489.781
0.0053987544 -490.98
0.0053989544 -492.579
0.0053991544 -491.38
0.0053993544 -490.18
0.0053995544 -490.98
0.0053997544 -490.58
0.0053999544 -490.58
0.0054001544 -492.18
0.0054003544 -490.58
0.0054005544 -492.18
0.0054007544 -489.381
0.0054009544 -490.58
0.0054011544 -490.58
0.0054013544 -490.98
0.0054015544 -489.381
0.0054017544 -491.78
0.0054019544 -490.18
0.0054021544 -486.982
0.0054023544 -491.38
0.0054025544 -488.581
0.0054027544 -488.981
0.0054029544 -490.58
0.0054031544 -490.98
0.0054033544 -488.581
0.0054035544 -489.381
0.0054037544 -488.981
0.0054039544 -489.381
0.0054041544 -488.981
0.0054043544 -488.981
0.0054045544 -488.981
0.0054047544 -488.981
0.0054049544 -489.781
0.0054051544 -491.38
0.0054053544 -488.181
0.0054055544 -488.981
0.0054057544 -487.382
0.0054059544 -486.982
0.0054061544 -490.18
0.0054063544 -487.781
0.0054065544 -490.18
0.0054067544 -490.58
0.0054069544 -486.582
0.0054071544 -489.381
0.0054073544 -486.582
0.0054075544 -490.98
0.0054077544 -491.78
0.0054079544 -489.781
0.0054081544 -485.782
0.0054083544 -484.983
0.0054085544 -486.982
0.0054087544 -488.581
0.0054089544 -487.382
0.0054091544 -488.581
0.0054093544 -486.182
0.0054095544 -489.781
0.0054097544 -490.58
0.0054099544 -486.982
0.0054101544 -486.982
0.0054103544 -487.382
0.0054105544 -485.782
0.0054107544 -487.781
0.0054109544 -488.981
0.0054111544 -488.181
0.0054113544 -486.982
0.0054115544 -488.581
0.0054117544 -485.383
0.0054119544 -488.981
0.0054121544 -485.383
0.0054123544 -485.782
0.0054125544 -487.781
0.0054127544 -486.982
0.0054129544 -488.581
0.0054131544 -489.781
0.0054133544 -486.182
0.0054135544 -485.782
0.0054137544 -486.182
0.0054139544 -486.182
0.0054141544 -485.782
0.0054143544 -486.982
0.0054145544 -484.983
0.0054147544 -484.583
0.0054149544 -485.383
0.0054151544 -486.182
0.0054153544 -486.582
0.0054155544 -484.983
0.0054157544 -485.782
0.0054159544 -489.781
0.0054161544 -486.182
0.0054163544 -485.782
0.0054165544 -487.781
0.0054167544 -484.583
0.0054169544 -486.582
0.0054171544 -484.983
0.0054173544 -484.983
0.0054175544 -484.583
0.0054177544 -484.583
0.0054179544 -486.982
0.0054181544 -484.983
0.0054183544 -486.182
0.0054185544 -487.382
0.0054187544 -486.982
0.0054189544 -486.582
0.0054191544 -486.182
0.0054193544 -486.982
0.0054195544 -486.182
0.0054197544 -482.984
0.0054199544 -486.582
0.0054201544 -483.783
0.0054203544 -486.182
0.0054205544 -481.784
0.0054207544 -484.583
0.0054209544 -484.183
0.0054211544 -483.383
0.0054213544 -484.583
0.0054215544 -485.782
0.0054217544 -483.383
0.0054219544 -482.984
0.0054221544 -482.984
0.0054223544 -488.181
0.0054225544 -483.783
0.0054227544 -484.583
0.0054229544 -482.984
0.0054231544 -484.583
0.0054233544 -484.983
0.0054235544 -481.784
0.0054237544 -483.783
0.0054239544 -486.182
0.0054241544 -483.783
0.0054243544 -485.782
0.0054245544 -482.584
0.0054247544 -483.383
0.0054249544 -484.983
0.0054251544 -486.182
0.0054253544 -482.584
0.0054255544 -482.984
0.0054257544 -482.584
0.0054259544 -484.583
0.0054261544 -481.784
0.0054263544 -481.784
0.0054265544 -484.583
0.0054267544 -486.182
0.0054269544 -485.383
0.0054271544 -482.184
0.0054273544 -486.182
0.0054275544 -484.583
0.0054277544 -482.584
0.0054279544 -480.585
0.0054281544 -484.583
0.0054283544 -483.383
0.0054285544 -482.984
0.0054287544 -481.384
0.0054289544 -481.784
0.0054291544 -482.984
0.0054293544 -482.184
0.0054295544 -483.383
0.0054297544 -484.983
0.0054299544 -482.984
0.0054301544 -482.584
0.0054303544 -483.383
0.0054305544 -480.585
0.0054307544 -482.184
0.0054309544 -484.983
0.0054311544 -481.784
0.0054313544 -483.783
0.0054315544 -481.384
0.0054317544 -481.784
0.0054319544 -482.584
0.0054321544 -483.783
0.0054323544 -482.184
0.0054325544 -482.184
0.0054327544 -483.383
0.0054329544 -482.984
0.0054331544 -479.385
0.0054333544 -481.384
0.0054335544 -483.783
0.0054337544 -480.585
0.0054339544 -483.783
0.0054341544 -482.584
0.0054343544 -483.783
0.0054345544 -482.184
0.0054347544 -480.585
0.0054349544 -483.383
0.0054351544 -482.584
0.0054353544 -481.384
0.0054355544 -480.985
0.0054357544 -482.184
0.0054359544 -482.184
0.0054361544 -481.784
0.0054363544 -482.984
0.0054365544 -483.783
0.0054367544 -484.983
0.0054369544 -479.785
0.0054371544 -482.584
0.0054373544 -480.585
0.0054375544 -483.383
0.0054377544 -482.184
0.0054379544 -481.784
0.0054381544 -482.184
0.0054383544 -481.384
0.0054385544 -482.584
0.0054387544 -480.985
0.0054389544 -481.384
0.0054391544 -481.384
0.0054393544 -482.184
0.0054395544 -481.784
0.0054397544 -479.385
0.0054399544 -484.183
0.0054401544 -476.986
0.0054403544 -481.784
0.0054405544 -479.385
0.0054407544 -481.384
0.0054409544 -478.586
0.0054411544 -480.185
0.0054413544 -481.784
0.0054415544 -480.985
0.0054417544 -482.184
0.0054419544 -479.785
0.0054421544 -482.584
0.0054423544 -476.586
0.0054425544 -481.384
0.0054427544 -478.985
0.0054429544 -480.985
0.0054431544 -482.584
0.0054433544 -481.784
0.0054435544 -481.784
0.0054437544 -480.585
0.0054439544 -479.785
0.0054441544 -478.186
0.0054443544 -478.186
0.0054445544 -480.185
0.0054447544 -480.585
0.0054449544 -477.386
0.0054451544 -478.985
0.0054453544 -475.787
0.0054455544 -476.187
0.0054457544 -478.985
0.0054459544 -477.786
0.0054461544 -478.586
0.0054463544 -479.385
0.0054465544 -479.785
0.0054467544 -480.185
0.0054469544 -477.786
0.0054471544 -477.786
0.0054473544 -478.586
0.0054475544 -478.985
0.0054477544 -478.586
0.0054479544 -476.986
0.0054481544 -479.385
0.0054483544 -478.985
0.0054485544 -479.785
0.0054487544 -478.586
0.0054489544 -478.586
0.0054491544 -479.385
0.0054493544 -478.586
0.0054495544 -476.187
0.0054497544 -476.586
0.0054499544 -476.986
0.0054501544 -477.786
0.0054503544 -477.386
0.0054505544 -476.986
0.0054507544 -478.586
0.0054509544 -478.586
0.0054511544 -474.987
0.0054513544 -476.586
0.0054515544 -478.586
0.0054517544 -475.787
0.0054519544 -480.585
0.0054521544 -476.986
0.0054523544 -476.586
0.0054525544 -477.386
0.0054527544 -475.387
0.0054529544 -475.787
0.0054531544 -477.386
0.0054533544 -474.188
0.0054535544 -476.986
0.0054537544 -476.586
0.0054539544 -474.987
0.0054541544 -473.788
0.0054543544 -475.787
0.0054545544 -478.985
0.0054547544 -476.586
0.0054549544 -477.386
0.0054551544 -476.986
0.0054553544 -474.587
0.0054555544 -476.187
0.0054557544 -475.387
0.0054559544 -476.986
0.0054561544 -476.187
0.0054563544 -472.988
0.0054565544 -476.187
0.0054567544 -477.786
0.0054569544 -474.188
0.0054571544 -474.587
0.0054573544 -472.988
0.0054575544 -473.788
0.0054577544 -473.788
0.0054579544 -477.386
0.0054581544 -475.787
0.0054583544 -474.188
0.0054585544 -475.387
0.0054587544 -473.388
0.0054589544 -474.188
0.0054591544 -474.188
0.0054593544 -470.189
0.0054595544 -473.388
0.0054597544 -471.389
0.0054599544 -473.788
0.0054601544 -473.788
0.0054603544 -472.588
0.0054605544 -472.188
0.0054607544 -475.387
0.0054609544 -475.387
0.0054611544 -475.387
0.0054613544 -472.588
0.0054615544 -472.988
0.0054617544 -473.388
0.0054619544 -473.388
0.0054621544 -473.788
0.0054623544 -474.188
0.0054625544 -471.789
0.0054627544 -471.789
0.0054629544 -471.389
0.0054631544 -472.188
0.0054633544 -470.189
0.0054635544 -470.589
0.0054637544 -469.39
0.0054639544 -470.589
0.0054641544 -472.588
0.0054643544 -470.189
0.0054645544 -470.589
0.0054647544 -472.588
0.0054649544 -467.391
0.0054651544 -472.988
0.0054653544 -470.589
0.0054655544 -471.789
0.0054657544 -472.188
0.0054659544 -470.189
0.0054661544 -467.79
0.0054663544 -473.788
0.0054665544 -471.389
0.0054667544 -470.189
0.0054669544 -471.389
0.0054671544 -470.189
0.0054673544 -472.188
0.0054675544 -471.389
0.0054677544 -473.788
0.0054679544 -469.79
0.0054681544 -470.989
0.0054683544 -469.79
0.0054685544 -471.789
0.0054687544 -470.589
0.0054689544 -471.389
0.0054691544 -468.19
0.0054693544 -468.59
0.0054695544 -467.391
0.0054697544 -470.989
0.0054699544 -469.39
0.0054701544 -468.99
0.0054703544 -470.589
0.0054705544 -468.99
0.0054707544 -468.99
0.0054709544 -467.79
0.0054711544 -471.789
0.0054713544 -469.79
0.0054715544 -470.189
0.0054717544 -467.79
0.0054719544 -469.39
0.0054721544 -466.991
0.0054723544 -467.391
0.0054725544 -468.19
0.0054727544 -468.19
0.0054729544 -468.99
0.0054731544 -467.391
0.0054733544 -469.39
0.0054735544 -469.79
0.0054737544 -468.99
0.0054739544 -469.39
0.0054741544 -469.39
0.0054743544 -468.19
0.0054745544 -469.39
0.0054747544 -466.591
0.0054749544 -468.19
0.0054751544 -468.99
0.0054753544 -466.191
0.0054755544 -470.989
0.0054757544 -466.991
0.0054759544 -469.79
0.0054761544 -467.79
0.0054763544 -464.592
0.0054765544 -468.59
0.0054767544 -466.191
0.0054769544 -467.79
0.0054771544 -468.19
0.0054773544 -466.191
0.0054775544 -467.79
0.0054777544 -466.991
0.0054779544 -462.993
0.0054781544 -467.391
0.0054783544 -467.391
0.0054785544 -465.791
0.0054787544 -466.991
0.0054789544 -466.991
0.0054791544 -464.992
0.0054793544 -464.192
0.0054795544 -466.591
0.0054797544 -466.191
0.0054799544 -466.191
0.0054801544 -464.592
0.0054803544 -466.591
0.0054805544 -465.791
0.0054807544 -465.392
0.0054809544 -463.792
0.0054811544 -462.993
0.0054813544 -466.191
0.0054815544 -463.792
0.0054817544 -462.993
0.0054819544 -464.992
0.0054821544 -465.791
0.0054823544 -465.392
0.0054825544 -465.791
0.0054827544 -462.193
0.0054829544 -464.992
0.0054831544 -465.392
0.0054833544 -463.392
0.0054835544 -464.992
0.0054837544 -462.993
0.0054839544 -465.791
0.0054841544 -464.592
0.0054843544 -463.792
0.0054845544 -467.391
0.0054847544 -462.993
0.0054849544 -464.992
0.0054851544 -462.193
0.0054853544 -463.392
0.0054855544 -464.992
0.0054857544 -465.392
0.0054859544 -462.593
0.0054861544 -462.993
0.0054863544 -464.192
0.0054865544 -463.392
0.0054867544 -461.393
0.0054869544 -462.193
0.0054871544 -462.593
0.0054873544 -463.392
0.0054875544 -462.993
0.0054877544 -465.392
0.0054879544 -463.792
0.0054881544 -461.793
0.0054883544 -460.594
0.0054885544 -461.393
0.0054887544 -462.593
0.0054889544 -462.593
0.0054891544 -462.193
0.0054893544 -463.792
0.0054895544 -462.193
0.0054897544 -461.793
0.0054899544 -464.192
0.0054901544 -461.393
0.0054903544 -461.393
0.0054905544 -463.392
0.0054907544 -461.393
0.0054909544 -464.592
0.0054911544 -460.194
0.0054913544 -461.793
0.0054915544 -460.993
0.0054917544 -460.993
0.0054919544 -462.193
0.0054921544 -460.194
0.0054923544 -461.393
0.0054925544 -461.793
0.0054927544 -461.393
0.0054929544 -461.393
0.0054931544 -461.393
0.0054933544 -463.792
0.0054935544 -462.193
0.0054937544 -461.393
0.0054939544 -458.994
0.0054941544 -459.394
0.0054943544 -460.993
0.0054945544 -462.593
0.0054947544 -459.794
0.0054949544 -462.593
0.0054951544 -460.194
0.0054953544 -459.794
0.0054955544 -459.394
0.0054957544 -461.393
0.0054959544 -458.595
0.0054961544 -462.593
0.0054963544 -461.393
0.0054965544 -461.793
0.0054967544 -460.594
0.0054969544 -460.594
0.0054971544 -462.193
0.0054973544 -460.993
0.0054975544 -461.793
0.0054977544 -461.393
0.0054979544 -459.794
0.0054981544 -459.794
0.0054983544 -460.194
0.0054985544 -458.595
0.0054987544 -458.195
0.0054989544 -458.195
0.0054991544 -458.595
0.0054993544 -461.393
0.0054995544 -461.793
0.0054997544 -459.394
0.0054999544 -459.394
0.0055001544 -459.794
0.0055003544 -457.795
0.0055005544 -459.794
0.0055007544 -457.795
0.0055009544 -458.994
0.0055011544 -459.794
0.0055013544 -460.194
0.0055015544 -458.994
0.0055017544 -459.794
0.0055019544 -458.994
0.0055021544 -456.995
0.0055023544 -460.194
0.0055025544 -458.994
0.0055027544 -457.395
0.0055029544 -458.994
0.0055031544 -460.194
0.0055033544 -460.594
0.0055035544 -458.994
0.0055037544 -458.195
0.0055039544 -459.394
0.0055041544 -458.595
0.0055043544 -459.794
0.0055045544 -457.795
0.0055047544 -458.595
0.0055049544 -456.595
0.0055051544 -458.595
0.0055053544 -458.195
0.0055055544 -459.794
0.0055057544 -454.996
0.0055059544 -456.995
0.0055061544 -459.794
0.0055063544 -458.994
0.0055065544 -457.395
0.0055067544 -457.395
0.0055069544 -457.795
0.0055071544 -453.397
0.0055073544 -456.595
0.0055075544 -455.396
0.0055077544 -457.795
0.0055079544 -458.595
0.0055081544 -457.395
0.0055083544 -454.197
0.0055085544 -457.395
0.0055087544 -455.796
0.0055089544 -458.195
0.0055091544 -456.995
0.0055093544 -454.996
0.0055095544 -456.995
0.0055097544 -456.196
0.0055099544 -456.995
0.0055101544 -457.795
0.0055103544 -456.995
0.0055105544 -453.797
0.0055107544 -456.196
0.0055109544 -456.595
0.0055111544 -456.595
0.0055113544 -456.595
0.0055115544 -454.996
0.0055117544 -456.995
0.0055119544 -456.595
0.0055121544 -456.595
0.0055123544 -455.796
0.0055125544 -457.395
0.0055127544 -456.595
0.0055129544 -454.996
0.0055131544 -457.795
0.0055133544 -453.397
0.0055135544 -455.796
0.0055137544 -456.196
0.0055139544 -455.396
0.0055141544 -453.797
0.0055143544 -456.196
0.0055145544 -454.197
0.0055147544 -453.797
0.0055149544 -456.196
0.0055151544 -452.597
0.0055153544 -452.997
0.0055155544 -452.997
0.0055157544 -455.396
0.0055159544 -453.397
0.0055161544 -454.996
0.0055163544 -453.797
0.0055165544 -454.197
0.0055167544 -452.597
0.0055169544 -452.197
0.0055171544 -456.595
0.0055173544 -456.196
0.0055175544 -452.997
0.0055177544 -454.197
0.0055179544 -451.798
0.0055181544 -450.998
0.0055183544 -452.597
0.0055185544 -452.597
0.0055187544 -450.998
0.0055189544 -454.596
0.0055191544 -454.197
0.0055193544 -452.597
0.0055195544 -454.197
0.0055197544 -456.595
0.0055199544 -452.997
0.0055201544 -454.996
0.0055203544 -454.197
0.0055205544 -451.798
0.0055207544 -455.396
0.0055209544 -450.998
0.0055211544 -452.997
0.0055213544 -452.597
0.0055215544 -453.797
0.0055217544 -453.397
0.0055219544 -452.997
0.0055221544 -453.797
0.0055223544 -453.797
0.0055225544 -452.597
0.0055227544 -451.798
0.0055229544 -451.398
0.0055231544 -453.797
0.0055233544 -450.998
0.0055235544 -450.598
0.0055237544 -454.197
0.0055239544 -451.798
0.0055241544 -449.798
0.0055243544 -449.798
0.0055245544 -451.398
0.0055247544 -450.198
0.0055249544 -452.997
0.0055251544 -450.998
0.0055253544 -452.197
0.0055255544 -450.598
0.0055257544 -450.998
0.0055259544 -451.798
0.0055261544 -449.798
0.0055263544 -448.999
0.0055265544 -451.398
0.0055267544 -452.197
0.0055269544 -448.199
0.0055271544 -449.399
0.0055273544 -452.197
0.0055275544 -450.598
0.0055277544 -450.198
0.0055279544 -450.998
0.0055281544 -451.798
0.0055283544 -451.398
0.0055285544 -450.598
0.0055287544 -450.598
0.0055289544 -452.197
0.0055291544 -452.597
0.0055293544 -450.198
0.0055295544 -450.198
0.0055297544 -452.197
0.0055299544 -448.999
0.0055301544 -450.598
0.0055303544 -451.398
0.0055305544 -450.198
0.0055307544 -448.999
0.0055309544 -447.799
0.0055311544 -450.198
0.0055313544 -449.399
0.0055315544 -451.798
0.0055317544 -450.598
0.0055319544 -449.399
0.0055321544 -449.798
0.0055323544 -450.198
0.0055325544 -449.798
0.0055327544 -448.599
0.0055329544 -448.199
0.0055331544 -450.198
0.0055333544 -447
0.0055335544 -447.4
0.0055337544 -448.199
0.0055339544 -449.399
0.0055341544 -447.799
0.0055343544 -447
0.0055345544 -448.199
0.0055347544 -447.799
0.0055349544 -445.8
0.0055351544 -449.399
0.0055353544 -448.199
0.0055355544 -448.199
0.0055357544 -448.599
0.0055359544 -447.799
0.0055361544 -445.4
0.0055363544 -448.599
0.0055365544 -446.6
0.0055367544 -450.598
0.0055369544 -447.799
0.0055371544 -448.599
0.0055373544 -447
0.0055375544 -448.199
0.0055377544 -447
0.0055379544 -445.8
0.0055381544 -448.599
0.0055383544 -450.198
0.0055385544 -447
0.0055387544 -447.4
0.0055389544 -448.599
0.0055391544 -451.398
0.0055393544 -449.399
0.0055395544 -447.799
0.0055397544 -446.6
0.0055399544 -448.599
0.0055401544 -447
0.0055403544 -447.4
0.0055405544 -448.199
0.0055407544 -446.2
0.0055409544 -448.599
0.0055411544 -446.6
0.0055413544 -449.798
0.0055415544 -447.799
0.0055417544 -448.999
0.0055419544 -444.201
0.0055421544 -446.2
0.0055423544 -447
0.0055425544 -446.2
0.0055427544 -448.199
0.0055429544 -447
0.0055431544 -445.8
0.0055433544 -447
0.0055435544 -445.4
0.0055437544 -444.601
0.0055439544 -445.4
0.0055441544 -445.4
0.0055443544 -446.2
0.0055445544 -446.2
0.0055447544 -445.001
0.0055449544 -443.801
0.0055451544 -444.601
0.0055453544 -445.8
0.0055455544 -447
0.0055457544 -445.001
0.0055459544 -448.199
0.0055461544 -446.2
0.0055463544 -445.4
0.0055465544 -445.4
0.0055467544 -445.4
0.0055469544 -446.2
0.0055471544 -444.601
0.0055473544 -445.8
0.0055475544 -445.8
0.0055477544 -443.002
0.0055479544 -443.002
0.0055481544 -441.802
0.0055483544 -442.202
0.0055485544 -444.201
0.0055487544 -441.402
0.0055489544 -444.201
0.0055491544 -444.601
0.0055493544 -445.001
0.0055495544 -445.001
0.0055497544 -445.001
0.0055499544 -448.199
0.0055501544 -447.4
0.0055503544 -444.201
0.0055505544 -443.801
0.0055507544 -444.201
0.0055509544 -445.4
0.0055511544 -444.201
0.0055513544 -444.201
0.0055515544 -445.001
0.0055517544 -445.8
0.0055519544 -443.401
0.0055521544 -446.6
0.0055523544 -445.001
0.0055525544 -448.599
0.0055527544 -444.201
0.0055529544 -448.199
0.0055531544 -442.202
0.0055533544 -442.602
0.0055535544 -441.802
0.0055537544 -445.8
0.0055539544 -443.801
0.0055541544 -443.002
0.0055543544 -443.801
0.0055545544 -444.201
0.0055547544 -443.801
0.0055549544 -443.401
0.0055551544 -444.601
0.0055553544 -444.201
0.0055555544 -445.4
0.0055557544 -444.601
0.0055559544 -445.4
0.0055561544 -445.8
0.0055563544 -444.201
0.0055565544 -441.802
0.0055567544 -441.802
0.0055569544 -444.201
0.0055571544 -443.002
0.0055573544 -441.802
0.0055575544 -443.002
0.0055577544 -441.402
0.0055579544 -444.601
0.0055581544 -443.002
0.0055583544 -443.801
0.0055585544 -443.801
0.0055587544 -442.602
0.0055589544 -443.801
0.0055591544 -443.401
0.0055593544 -441.002
0.0055595544 -444.601
0.0055597544 -443.002
0.0055599544 -443.401
0.0055601544 -443.401
0.0055603544 -443.401
0.0055605544 -444.201
0.0055607544 -443.401
0.0055609544 -444.201
0.0055611544 -445.001
0.0055613544 -445.8
0.0055615544 -442.202
0.0055617544 -443.401
0.0055619544 -442.202
0.0055621544 -442.202
0.0055623544 -441.002
0.0055625544 -441.802
0.0055627544 -441.002
0.0055629544 -445.4
0.0055631544 -442.602
0.0055633544 -443.401
0.0055635544 -443.002
0.0055637544 -441.802
0.0055639544 -440.603
0.0055641544 -443.002
0.0055643544 -442.202
0.0055645544 -442.202
0.0055647544 -442.602
0.0055649544 -441.802
0.0055651544 -443.401
0.0055653544 -445.001
0.0055655544 -444.201
0.0055657544 -440.603
0.0055659544 -442.202
0.0055661544 -443.002
0.0055663544 -446.2
0.0055665544 -441.002
0.0055667544 -443.801
0.0055669544 -444.601
0.0055671544 -443.401
0.0055673544 -443.401
0.0055675544 -444.201
0.0055677544 -444.201
0.0055679544 -443.401
0.0055681544 -442.202
0.0055683544 -439.803
0.0055685544 -443.401
0.0055687544 -442.202
0.0055689544 -445.4
0.0055691544 -443.002
0.0055693544 -440.603
0.0055695544 -442.602
0.0055697544 -441.402
0.0055699544 -443.801
0.0055701544 -444.201
0.0055703544 -443.002
0.0055705544 -443.002
0.0055707544 -443.801
0.0055709544 -445.4
0.0055711544 -442.202
0.0055713544 -441.002
0.0055715544 -441.802
0.0055717544 -441.402
0.0055719544 -443.801
0.0055721544 -442.202
0.0055723544 -443.801
0.0055725544 -441.402
0.0055727544 -444.201
0.0055729544 -443.401
0.0055731544 -444.201
0.0055733544 -442.602
0.0055735544 -442.202
0.0055737544 -442.602
0.0055739544 -444.201
0.0055741544 -443.401
0.0055743544 -441.402
0.0055745544 -444.601
0.0055747544 -444.201
0.0055749544 -444.201
0.0055751544 -442.202
0.0055753544 -443.801
0.0055755544 -443.401
0.0055757544 -442.202
0.0055759544 -441.002
0.0055761544 -441.402
0.0055763544 -441.402
0.0055765544 -443.002
0.0055767544 -441.802
0.0055769544 -445.001
0.0055771544 -440.603
0.0055773544 -442.202
0.0055775544 -442.202
0.0055777544 -443.401
0.0055779544 -440.603
0.0055781544 -440.603
0.0055783544 -442.602
0.0055785544 -441.002
0.0055787544 -443.002
0.0055789544 -441.402
0.0055791544 -441.002
0.0055793544 -443.401
0.0055795544 -442.202
0.0055797544 -443.801
0.0055799544 -441.802
0.0055801544 -441.002
0.0055803544 -443.002
0.0055805544 -444.201
0.0055807544 -442.202
0.0055809544 -441.802
0.0055811544 -442.202
0.0055813544 -441.002
0.0055815544 -440.603
0.0055817544 -441.002
0.0055819544 -441.002
0.0055821544 -442.202
0.0055823544 -443.002
0.0055825544 -441.402
0.0055827544 -441.802
0.0055829544 -441.802
0.0055831544 -442.602
0.0055833544 -440.203
0.0055835544 -442.602
0.0055837544 -439.403
0.0055839544 -442.602
0.0055841544 -441.402
0.0055843544 -441.002
0.0055845544 -441.802
0.0055847544 -441.402
0.0055849544 -443.002
0.0055851544 -439.403
0.0055853544 -444.201
0.0055855544 -441.402
0.0055857544 -441.802
0.0055859544 -442.202
0.0055861544 -441.002
0.0055863544 -443.002
0.0055865544 -442.602
0.0055867544 -442.202
0.0055869544 -445.001
0.0055871544 -440.203
0.0055873544 -443.801
0.0055875544 -440.203
0.0055877544 -441.002
0.0055879544 -440.203
0.0055881544 -442.602
0.0055883544 -439.803
0.0055885544 -441.402
0.0055887544 -443.002
0.0055889544 -442.202
0.0055891544 -439.803
0.0055893544 -441.002
0.0055895544 -441.002
0.0055897544 -441.402
0.0055899544 -439.403
0.0055901544 -442.602
0.0055903544 -439.003
0.0055905544 -439.803
0.0055907544 -441.402
0.0055909544 -440.603
0.0055911544 -442.602
0.0055913544 -442.202
0.0055915544 -440.603
0.0055917544 -439.003
0.0055919544 -442.202
0.0055921544 -441.402
0.0055923544 -442.202
0.0055925544 -441.002
0.0055927544 -438.604
0.0055929544 -439.803
0.0055931544 -441.802
0.0055933544 -439.803
0.0055935544 -440.203
0.0055937544 -438.604
0.0055939544 -441.402
0.0055941544 -441.402
0.0055943544 -438.204
0.0055945544 -440.603
0.0055947544 -441.802
0.0055949544 -440.203
0.0055951544 -440.203
0.0055953544 -439.003
0.0055955544 -437.404
0.0055957544 -440.203
0.0055959544 -439.003
0.0055961544 -439.003
0.0055963544 -438.204
0.0055965544 -437.404
0.0055967544 -440.203
0.0055969544 -439.803
0.0055971544 -436.604
0.0055973544 -440.603
0.0055975544 -438.204
0.0055977544 -441.402
0.0055979544 -440.203
0.0055981544 -439.803
0.0055983544 -437.404
0.0055985544 -438.204
0.0055987544 -439.003
0.0055989544 -437.404
0.0055991544 -438.604
0.0055993544 -438.604
0.0055995544 -438.204
0.0055997544 -441.402
0.0055999544 -440.203
0.0056001544 -437.804
0.0056003544 -440.203
0.0056005544 -437.404
0.0056007544 -435.405
0.0056009544 -439.003
0.0056011544 -439.403
0.0056013544 -438.204
0.0056015544 -438.204
0.0056017544 -436.205
0.0056019544 -438.204
0.0056021544 -437.004
0.0056023544 -441.402
0.0056025544 -440.203
0.0056027544 -436.205
0.0056029544 -438.204
0.0056031544 -439.403
0.0056033544 -439.403
0.0056035544 -437.004
0.0056037544 -438.604
0.0056039544 -438.204
0.0056041544 -438.604
0.0056043544 -437.004
0.0056045544 -438.604
0.0056047544 -436.604
0.0056049544 -437.004
0.0056051544 -439.403
0.0056053544 -440.203
0.0056055544 -439.403
0.0056057544 -437.804
0.0056059544 -437.804
0.0056061544 -435.405
0.0056063544 -435.805
0.0056065544 -439.803
0.0056067544 -440.603
0.0056069544 -437.404
0.0056071544 -440.203
0.0056073544 -441.402
0.0056075544 -440.203
0.0056077544 -442.202
0.0056079544 -436.205
0.0056081544 -438.604
0.0056083544 -438.604
0.0056085544 -438.204
0.0056087544 -435.405
0.0056089544 -443.801
0.0056091544 -439.803
0.0056093544 -439.003
0.0056095544 -438.204
0.0056097544 -437.404
0.0056099544 -437.004
0.0056101544 -438.604
0.0056103544 -437.404
0.0056105544 -437.804
0.0056107544 -437.004
0.0056109544 -438.604
0.0056111544 -439.003
0.0056113544 -437.404
0.0056115544 -437.804
0.0056117544 -439.003
0.0056119544 -435.405
0.0056121544 -438.204
0.0056123544 -439.403
0.0056125544 -437.004
0.0056127544 -439.003
0.0056129544 -439.003
0.0056131544 -435.805
0.0056133544 -441.002
0.0056135544 -439.403
0.0056137544 -439.803
0.0056139544 -437.804
0.0056141544 -439.003
0.0056143544 -435.405
0.0056145544 -439.403
0.0056147544 -434.605
0.0056149544 -436.205
0.0056151544 -437.404
0.0056153544 -437.004
0.0056155544 -436.604
0.0056157544 -439.003
0.0056159544 -435.405
0.0056161544 -439.003
0.0056163544 -437.004
0.0056165544 -439.803
0.0056167544 -439.803
0.0056169544 -436.205
0.0056171544 -437.004
0.0056173544 -435.005
0.0056175544 -437.404
0.0056177544 -436.205
0.0056179544 -435.405
0.0056181544 -435.005
0.0056183544 -438.204
0.0056185544 -434.605
0.0056187544 -437.004
0.0056189544 -434.605
0.0056191544 -435.805
0.0056193544 -437.404
0.0056195544 -438.604
0.0056197544 -435.405
0.0056199544 -436.205
0.0056201544 -440.603
0.0056203544 -436.604
0.0056205544 -436.604
0.0056207544 -435.405
0.0056209544 -438.604
0.0056211544 -437.404
0.0056213544 -435.405
0.0056215544 -436.604
0.0056217544 -437.404
0.0056219544 -439.403
0.0056221544 -437.804
0.0056223544 -435.005
0.0056225544 -436.205
0.0056227544 -437.004
0.0056229544 -436.604
0.0056231544 -440.203
0.0056233544 -435.805
0.0056235544 -437.404
0.0056237544 -438.604
0.0056239544 -437.004
0.0056241544 -435.405
0.0056243544 -438.204
0.0056245544 -436.205
0.0056247544 -437.004
0.0056249544 -437.004
0.0056251544 -436.604
0.0056253544 -436.205
0.0056255544 -442.202
0.0056257544 -433.806
0.0056259544 -439.403
0.0056261544 -437.404
0.0056263544 -437.404
0.0056265544 -439.803
0.0056267544 -435.405
0.0056269544 -437.804
0.0056271544 -438.604
0.0056273544 -438.604
0.0056275544 -438.204
0.0056277544 -437.004
0.0056279544 -438.604
0.0056281544 -437.404
0.0056283544 -437.004
0.0056285544 -436.604
0.0056287544 -439.803
0.0056289544 -435.805
0.0056291544 -439.803
0.0056293544 -437.004
0.0056295544 -438.204
0.0056297544 -436.604
0.0056299544 -437.004
0.0056301544 -436.604
0.0056303544 -437.004
0.0056305544 -439.403
0.0056307544 -438.604
0.0056309544 -440.603
0.0056311544 -439.003
0.0056313544 -435.005
0.0056315544 -438.604
0.0056317544 -436.205
0.0056319544 -438.204
0.0056321544 -439.003
0.0056323544 -436.205
0.0056325544 -437.004
0.0056327544 -438.204
0.0056329544 -439.403
0.0056331544 -437.404
0.0056333544 -439.803
0.0056335544 -438.204
0.0056337544 -438.204
0.0056339544 -437.404
0.0056341544 -436.205
0.0056343544 -438.604
0.0056345544 -439.803
0.0056347544 -439.803
0.0056349544 -436.205
0.0056351544 -435.405
0.0056353544 -437.004
0.0056355544 -439.403
0.0056357544 -440.203
0.0056359544 -437.004
0.0056361544 -435.805
0.0056363544 -434.205
0.0056365544 -437.404
0.0056367544 -436.604
0.0056369544 -440.203
0.0056371544 -436.604
0.0056373544 -437.804
0.0056375544 -438.604
0.0056377544 -439.403
0.0056379544 -438.204
0.0056381544 -434.605
0.0056383544 -439.003
0.0056385544 -436.205
0.0056387544 -437.004
0.0056389544 -439.003
0.0056391544 -440.203
0.0056393544 -435.805
0.0056395544 -438.604
0.0056397544 -435.805
0.0056399544 -439.803
0.0056401544 -436.604
0.0056403544 -438.204
0.0056405544 -434.605
0.0056407544 -439.403
0.0056409544 -439.003
0.0056411544 -437.804
0.0056413544 -436.604
0.0056415544 -435.405
0.0056417544 -438.604
0.0056419544 -437.404
0.0056421544 -434.205
0.0056423544 -434.605
0.0056425544 -435.405
0.0056427544 -439.003
0.0056429544 -439.003
0.0056431544 -436.205
0.0056433544 -437.404
0.0056435544 -437.804
0.0056437544 -437.004
0.0056439544 -435.805
0.0056441544 -437.804
0.0056443544 -436.604
0.0056445544 -438.604
0.0056447544 -437.004
0.0056449544 -437.004
0.0056451544 -439.403
0.0056453544 -437.404
0.0056455544 -437.404
0.0056457544 -436.604
0.0056459544 -435.805
0.0056461544 -435.405
0.0056463544 -435.405
0.0056465544 -434.205
0.0056467544 -439.003
0.0056469544 -435.405
0.0056471544 -436.205
0.0056473544 -433.806
0.0056475544 -436.205
0.0056477544 -436.604
0.0056479544 -435.805
0.0056481544 -437.404
0.0056483544 -438.204
0.0056485544 -434.605
0.0056487544 -437.004
0.0056489544 -437.804
0.0056491544 -436.205
0.0056493544 -433.806
0.0056495544 -436.205
0.0056497544 -435.805
0.0056499544 -435.805
0.0056501544 -437.004
0.0056503544 -437.404
0.0056505544 -437.004
0.0056507544 -436.205
0.0056509544 -435.805
0.0056511544 -433.406
0.0056513544 -433.406
0.0056515544 -437.804
0.0056517544 -437.804
0.0056519544 -435.805
0.0056521544 -433.806
0.0056523544 -434.205
0.0056525544 -433.806
0.0056527544 -434.605
0.0056529544 -435.405
0.0056531544 -438.604
0.0056533544 -438.604
0.0056535544 -433.806
0.0056537544 -433.806
0.0056539544 -438.604
0.0056541544 -434.605
0.0056543544 -434.205
0.0056545544 -436.604
0.0056547544 -437.404
0.0056549544 -436.604
0.0056551544 -436.205
0.0056553544 -435.405
0.0056555544 -435.005
0.0056557544 -436.604
0.0056559544 -435.005
0.0056561544 -436.205
0.0056563544 -435.005
0.0056565544 -435.805
0.0056567544 -435.405
0.0056569544 -436.205
0.0056571544 -433.806
0.0056573544 -436.205
0.0056575544 -434.605
0.0056577544 -435.405
0.0056579544 -434.605
0.0056581544 -435.405
0.0056583544 -435.005
0.0056585544 -434.205
0.0056587544 -435.405
0.0056589544 -437.404
0.0056591544 -434.605
0.0056593544 -434.605
0.0056595544 -434.205
0.0056597544 -437.004
0.0056599544 -435.805
0.0056601544 -435.405
0.0056603544 -433.406
0.0056605544 -434.205
0.0056607544 -433.806
0.0056609544 -436.604
0.0056611544 -435.805
0.0056613544 -433.806
0.0056615544 -433.806
0.0056617544 -437.404
0.0056619544 -433.406
0.0056621544 -433.406
0.0056623544 -434.605
0.0056625544 -432.206
0.0056627544 -435.405
0.0056629544 -434.205
0.0056631544 -435.405
0.0056633544 -434.605
0.0056635544 -434.605
0.0056637544 -437.004
0.0056639544 -435.005
0.0056641544 -436.604
0.0056643544 -434.205
0.0056645544 -434.205
0.0056647544 -436.604
0.0056649544 -437.004
0.0056651544 -434.205
0.0056653544 -434.605
0.0056655544 -435.805
0.0056657544 -437.404
0.0056659544 -434.205
0.0056661544 -435.405
0.0056663544 -433.006
0.0056665544 -435.405
0.0056667544 -433.006
0.0056669544 -432.606
0.0056671544 -433.806
0.0056673544 -436.604
0.0056675544 -433.006
0.0056677544 -437.004
0.0056679544 -432.206
0.0056681544 -436.604
0.0056683544 -434.205
0.0056685544 -435.805
0.0056687544 -433.406
0.0056689544 -436.604
0.0056691544 -438.204
0.0056693544 -435.005
0.0056695544 -435.805
0.0056697544 -435.005
0.0056699544 -435.405
0.0056701544 -436.604
0.0056703544 -433.006
0.0056705544 -433.806
0.0056707544 -436.604
0.0056709544 -435.805
0.0056711544 -436.205
0.0056713544 -437.404
0.0056715544 -436.604
0.0056717544 -433.406
0.0056719544 -434.205
0.0056721544 -432.606
0.0056723544 -433.806
0.0056725544 -435.805
0.0056727544 -433.806
0.0056729544 -436.205
0.0056731544 -435.005
0.0056733544 -435.405
0.0056735544 -436.604
0.0056737544 -437.404
0.0056739544 -434.205
0.0056741544 -433.406
0.0056743544 -433.406
0.0056745544 -433.806
0.0056747544 -435.805
0.0056749544 -434.205
0.0056751544 -434.205
0.0056753544 -435.405
0.0056755544 -433.406
0.0056757544 -436.205
0.0056759544 -435.005
0.0056761544 -433.406
0.0056763544 -435.405
0.0056765544 -431.807
0.0056767544 -434.205
0.0056769544 -434.205
0.0056771544 -435.405
0.0056773544 -433.806
0.0056775544 -433.406
0.0056777544 -434.205
0.0056779544 -434.605
0.0056781544 -435.805
0.0056783544 -434.205
0.0056785544 -433.406
0.0056787544 -432.606
0.0056789544 -435.005
0.0056791544 -433.806
0.0056793544 -435.405
0.0056795544 -433.406
0.0056797544 -432.206
0.0056799544 -433.806
0.0056801544 -434.205
0.0056803544 -434.605
0.0056805544 -434.205
0.0056807544 -434.205
0.0056809544 -435.405
0.0056811544 -433.806
0.0056813544 -434.205
0.0056815544 -434.205
0.0056817544 -431.807
0.0056819544 -433.806
0.0056821544 -434.205
0.0056823544 -433.806
0.0056825544 -434.605
0.0056827544 -433.406
0.0056829544 -436.205
0.0056831544 -432.606
0.0056833544 -434.205
0.0056835544 -434.605
0.0056837544 -433.406
0.0056839544 -434.605
0.0056841544 -436.205
0.0056843544 -433.406
0.0056845544 -434.605
0.0056847544 -434.205
0.0056849544 -433.806
0.0056851544 -433.006
0.0056853544 -433.406
0.0056855544 -433.806
0.0056857544 -433.806
0.0056859544 -436.604
0.0056861544 -433.406
0.0056863544 -432.206
0.0056865544 -437.004
0.0056867544 -433.406
0.0056869544 -430.607
0.0056871544 -433.406
0.0056873544 -434.605
0.0056875544 -433.406
0.0056877544 -434.605
0.0056879544 -431.807
0.0056881544 -433.006
0.0056883544 -435.005
0.0056885544 -431.007
0.0056887544 -433.806
0.0056889544 -435.005
0.0056891544 -430.607
0.0056893544 -433.006
0.0056895544 -434.605
0.0056897544 -433.406
0.0056899544 -434.605
0.0056901544 -433.806
0.0056903544 -433.806
0.0056905544 -432.206
0.0056907544 -433.006
0.0056909544 -435.005
0.0056911544 -434.205
0.0056913544 -432.606
0.0056915544 -431.807
0.0056917544 -434.205
0.0056919544 -433.406
0.0056921544 -434.605
0.0056923544 -434.605
0.0056925544 -435.005
0.0056927544 -431.807
0.0056929544 -433.806
0.0056931544 -433.806
0.0056933544 -433.806
0.0056935544 -434.605
0.0056937544 -434.205
0.0056939544 -434.205
0.0056941544 -434.605
0.0056943544 -433.406
0.0056945544 -433.406
0.0056947544 -432.206
0.0056949544 -432.206
0.0056951544 -430.607
0.0056953544 -434.205
0.0056955544 -433.406
0.0056957544 -432.606
0.0056959544 -432.606
0.0056961544 -433.006
0.0056963544 -433.406
0.0056965544 -434.205
0.0056967544 -431.807
0.0056969544 -432.606
0.0056971544 -433.806
0.0056973544 -432.206
0.0056975544 -433.406
0.0056977544 -434.205
0.0056979544 -432.606
0.0056981544 -431.407
0.0056983544 -433.406
0.0056985544 -430.607
0.0056987544 -432.606
0.0056989544 -433.806
0.0056991544 -433.806
0.0056993544 -433.806
0.0056995544 -433.406
0.0056997544 -433.806
0.0056999544 -433.806
0.0057001544 -431.807
0.0057003544 -433.406
0.0057005544 -433.806
0.0057007544 -431.807
0.0057009544 -431.807
0.0057011544 -433.406
0.0057013544 -431.007
0.0057015544 -434.605
0.0057017544 -433.006
0.0057019544 -434.605
0.0057021544 -432.606
0.0057023544 -435.005
0.0057025544 -433.406
0.0057027544 -429.408
0.0057029544 -432.606
0.0057031544 -433.806
0.0057033544 -434.605
0.0057035544 -434.205
0.0057037544 -433.006
0.0057039544 -433.006
0.0057041544 -435.405
0.0057043544 -435.805
0.0057045544 -435.005
0.0057047544 -434.605
0.0057049544 -433.406
0.0057051544 -433.806
0.0057053544 -431.007
0.0057055544 -433.806
0.0057057544 -435.005
0.0057059544 -434.205
0.0057061544 -428.208
0.0057063544 -433.406
0.0057065544 -433.806
0.0057067544 -432.606
0.0057069544 -433.806
0.0057071544 -431.007
0.0057073544 -433.006
0.0057075544 -431.407
0.0057077544 -431.407
0.0057079544 -433.006
0.0057081544 -435.005
0.0057083544 -435.005
0.0057085544 -432.606
0.0057087544 -431.007
0.0057089544 -433.006
0.0057091544 -432.606
0.0057093544 -434.605
0.0057095544 -432.606
0.0057097544 -432.206
0.0057099544 -434.205
0.0057101544 -431.007
0.0057103544 -432.606
0.0057105544 -433.406
0.0057107544 -433.406
0.0057109544 -431.807
0.0057111544 -433.406
0.0057113544 -429.408
0.0057115544 -433.406
0.0057117544 -433.006
0.0057119544 -433.406
0.0057121544 -435.405
0.0057123544 -431.807
0.0057125544 -432.206
0.0057127544 -430.207
0.0057129544 -433.006
0.0057131544 -433.406
0.0057133544 -432.606
0.0057135544 -433.806
0.0057137544 -433.006
0.0057139544 -431.007
0.0057141544 -431.407
0.0057143544 -433.006
0.0057145544 -431.407
0.0057147544 -431.007
0.0057149544 -431.007
0.0057151544 -433.006
0.0057153544 -432.206
0.0057155544 -431.807
0.0057157544 -430.207
0.0057159544 -431.807
0.0057161544 -431.807
0.0057163544 -431.007
0.0057165544 -430.607
0.0057167544 -431.007
0.0057169544 -432.206
0.0057171544 -432.206
0.0057173544 -430.207
0.0057175544 -430.607
0.0057177544 -431.807
0.0057179544 -431.407
0.0057181544 -431.807
0.0057183544 -432.206
0.0057185544 -429.807
0.0057187544 -430.207
0.0057189544 -430.207
0.0057191544 -429.408
0.0057193544 -430.207
0.0057195544 -429.408
0.0057197544 -428.208
0.0057199544 -429.408
0.0057201544 -430.207
0.0057203544 -429.807
0.0057205544 -426.609
0.0057207544 -431.007
0.0057209544 -431.007
0.0057211544 -430.607
0.0057213544 -430.607
0.0057215544 -427.009
0.0057217544 -428.208
0.0057219544 -429.807
0.0057221544 -431.407
0.0057223544 -427.409
0.0057225544 -429.807
0.0057227544 -430.607
0.0057229544 -429.807
0.0057231544 -430.207
0.0057233544 -428.208
0.0057235544 -426.609
0.0057237544 -429.408
0.0057239544 -427.409
0.0057241544 -426.609
0.0057243544 -429.408
0.0057245544 -429.008
0.0057247544 -431.007
0.0057249544 -431.807
0.0057251544 -430.207
0.0057253544 -428.608
0.0057255544 -429.008
0.0057257544 -427.009
0.0057259544 -426.609
0.0057261544 -428.608
0.0057263544 -427.409
0.0057265544 -427.409
0.0057267544 -427.808
0.0057269544 -427.409
0.0057271544 -427.409
0.0057273544 -428.208
0.0057275544 -428.208
0.0057277544 -429.408
0.0057279544 -429.008
0.0057281544 -427.009
0.0057283544 -428.208
0.0057285544 -429.408
0.0057287544 -429.408
0.0057289544 -426.609
0.0057291544 -427.409
0.0057293544 -428.608
0.0057295544 -427.409
0.0057297544 -429.807
0.0057299544 -427.808
0.0057301544 -426.209
0.0057303544 -426.209
0.0057305544 -428.208
0.0057307544 -428.208
0.0057309544 -425.409
0.0057311544 -427.009
0.0057313544 -426.609
0.0057315544 -427.409
0.0057317544 -429.807
0.0057319544 -425.409
0.0057321544 -427.009
0.0057323544 -426.609
0.0057325544 -427.409
0.0057327544 -427.409
0.0057329544 -425.409
0.0057331544 -426.209
0.0057333544 -425.409
0.0057335544 -425.809
0.0057337544 -427.808
0.0057339544 -424.61
0.0057341544 -425.809
0.0057343544 -428.208
0.0057345544 -427.409
0.0057347544 -425.01
0.0057349544 -425.809
0.0057351544 -426.209
0.0057353544 -427.409
0.0057355544 -427.808
0.0057357544 -428.608
0.0057359544 -424.61
0.0057361544 -423.81
0.0057363544 -427.808
0.0057365544 -427.009
0.0057367544 -426.609
0.0057369544 -425.409
0.0057371544 -426.209
0.0057373544 -423.81
0.0057375544 -427.009
0.0057377544 -425.809
0.0057379544 -425.01
0.0057381544 -427.009
0.0057383544 -424.61
0.0057385544 -424.61
0.0057387544 -426.609
0.0057389544 -425.409
0.0057391544 -424.21
0.0057393544 -425.809
0.0057395544 -424.61
0.0057397544 -424.21
0.0057399544 -423.01
0.0057401544 -423.41
0.0057403544 -427.409
0.0057405544 -425.809
0.0057407544 -424.61
0.0057409544 -425.409
0.0057411544 -424.21
0.0057413544 -424.21
0.0057415544 -423.81
0.0057417544 -424.21
0.0057419544 -426.209
0.0057421544 -424.61
0.0057423544 -422.611
0.0057425544 -423.41
0.0057427544 -423.01
0.0057429544 -424.61
0.0057431544 -422.211
0.0057433544 -424.21
0.0057435544 -422.211
0.0057437544 -426.209
0.0057439544 -423.01
0.0057441544 -424.61
0.0057443544 -422.611
0.0057445544 -424.61
0.0057447544 -423.81
0.0057449544 -425.01
0.0057451544 -419.812
0.0057453544 -423.01
0.0057455544 -420.612
0.0057457544 -425.409
0.0057459544 -425.01
0.0057461544 -424.61
0.0057463544 -424.61
0.0057465544 -422.611
0.0057467544 -424.61
0.0057469544 -423.41
0.0057471544 -422.611
0.0057473544 -422.211
0.0057475544 -420.612
0.0057477544 -424.21
0.0057479544 -422.611
0.0057481544 -421.811
0.0057483544 -423.81
0.0057485544 -421.811
0.0057487544 -425.01
0.0057489544 -423.01
0.0057491544 -419.012
0.0057493544 -421.411
0.0057495544 -422.611
0.0057497544 -423.81
0.0057499544 -422.611
0.0057501544 -422.611
0.0057503544 -424.21
0.0057505544 -423.81
0.0057507544 -423.01
0.0057509544 -423.81
0.0057511544 -423.41
0.0057513544 -421.411
0.0057515544 -421.411
0.0057517544 -421.011
0.0057519544 -421.811
0.0057521544 -420.612
0.0057523544 -424.21
0.0057525544 -420.612
0.0057527544 -423.41
0.0057529544 -424.21
0.0057531544 -423.81
0.0057533544 -422.211
0.0057535544 -420.612
0.0057537544 -423.41
0.0057539544 -422.611
0.0057541544 -423.41
0.0057543544 -421.811
0.0057545544 -422.611
0.0057547544 -420.212
0.0057549544 -423.01
0.0057551544 -421.411
0.0057553544 -419.812
0.0057555544 -419.812
0.0057557544 -421.011
0.0057559544 -423.01
0.0057561544 -418.612
0.0057563544 -421.011
0.0057565544 -421.811
0.0057567544 -420.612
0.0057569544 -420.612
0.0057571544 -421.811
0.0057573544 -421.811
0.0057575544 -423.01
0.0057577544 -424.21
0.0057579544 -423.41
0.0057581544 -421.011
0.0057583544 -421.411
0.0057585544 -420.612
0.0057587544 -423.01
0.0057589544 -422.611
0.0057591544 -421.011
0.0057593544 -419.812
0.0057595544 -423.81
0.0057597544 -421.811
0.0057599544 -421.411
0.0057601544 -419.412
0.0057603544 -419.412
0.0057605544 -424.21
0.0057607544 -419.812
0.0057609544 -420.612
0.0057611544 -424.21
0.0057613544 -420.212
0.0057615544 -419.012
0.0057617544 -421.811
0.0057619544 -420.612
0.0057621544 -419.012
0.0057623544 -421.411
0.0057625544 -423.81
0.0057627544 -422.611
0.0057629544 -419.812
0.0057631544 -424.21
0.0057633544 -420.612
0.0057635544 -423.81
0.0057637544 -421.011
0.0057639544 -421.011
0.0057641544 -420.212
0.0057643544 -419.812
0.0057645544 -420.612
0.0057647544 -425.01
0.0057649544 -421.411
0.0057651544 -423.41
0.0057653544 -419.412
0.0057655544 -419.412
0.0057657544 -418.612
0.0057659544 -419.012
0.0057661544 -418.612
0.0057663544 -419.012
0.0057665544 -416.613
0.0057667544 -419.812
0.0057669544 -419.012
0.0057671544 -418.213
0.0057673544 -420.612
0.0057675544 -418.213
0.0057677544 -419.412
0.0057679544 -420.612
0.0057681544 -419.412
0.0057683544 -420.612
0.0057685544 -419.812
0.0057687544 -421.411
0.0057689544 -420.612
0.0057691544 -419.412
0.0057693544 -421.011
0.0057695544 -422.211
0.0057697544 -419.812
0.0057699544 -420.612
0.0057701544 -420.212
0.0057703544 -417.813
0.0057705544 -417.013
0.0057707544 -419.012
0.0057709544 -421.411
0.0057711544 -421.811
0.0057713544 -419.812
0.0057715544 -422.211
0.0057717544 -421.011
0.0057719544 -419.412
0.0057721544 -418.612
0.0057723544 -419.412
0.0057725544 -419.012
0.0057727544 -417.413
0.0057729544 -419.412
0.0057731544 -419.412
0.0057733544 -419.412
0.0057735544 -419.012
0.0057737544 -421.411
0.0057739544 -416.214
0.0057741544 -418.213
0.0057743544 -419.812
0.0057745544 -421.011
0.0057747544 -419.412
0.0057749544 -419.012
0.0057751544 -417.413
0.0057753544 -419.012
0.0057755544 -421.411
0.0057757544 -416.613
0.0057759544 -418.213
0.0057761544 -419.412
0.0057763544 -419.412
0.0057765544 -419.812
0.0057767544 -417.013
0.0057769544 -417.813
0.0057771544 -417.813
0.0057773544 -418.213
0.0057775544 -418.213
0.0057777544 -419.412
0.0057779544 -419.812
0.0057781544 -418.213
0.0057783544 -416.214
0.0057785544 -417.013
0.0057787544 -417.013
0.0057789544 -417.013
0.0057791544 -418.213
0.0057793544 -417.413
0.0057795544 -417.413
0.0057797544 -417.013
0.0057799544 -417.413
0.0057801544 -418.213
0.0057803544 -415.814
0.0057805544 -416.214
0.0057807544 -419.012
0.0057809544 -418.612
0.0057811544 -417.413
0.0057813544 -415.814
0.0057815544 -419.012
0.0057817544 -417.013
0.0057819544 -419.412
0.0057821544 -418.213
0.0057823544 -420.612
0.0057825544 -416.613
0.0057827544 -419.012
0.0057829544 -417.013
0.0057831544 -417.413
0.0057833544 -419.412
0.0057835544 -420.612
0.0057837544 -417.413
0.0057839544 -418.612
0.0057841544 -416.214
0.0057843544 -419.412
0.0057845544 -416.214
0.0057847544 -416.613
0.0057849544 -418.612
0.0057851544 -417.813
0.0057853544 -416.613
0.0057855544 -416.613
0.0057857544 -419.412
0.0057859544 -420.212
0.0057861544 -415.814
0.0057863544 -417.013
0.0057865544 -417.813
0.0057867544 -417.013
0.0057869544 -415.814
0.0057871544 -417.813
0.0057873544 -420.212
0.0057875544 -419.412
0.0057877544 -418.213
0.0057879544 -419.812
0.0057881544 -417.413
0.0057883544 -417.813
0.0057885544 -420.212
0.0057887544 -417.013
0.0057889544 -417.013
0.0057891544 -417.413
0.0057893544 -419.412
0.0057895544 -417.813
0.0057897544 -417.813
0.0057899544 -418.213
0.0057901544 -419.412
0.0057903544 -417.413
0.0057905544 -418.213
0.0057907544 -419.012
0.0057909544 -417.413
0.0057911544 -419.412
0.0057913544 -418.213
0.0057915544 -417.813
0.0057917544 -419.012
0.0057919544 -417.413
0.0057921544 -417.013
0.0057923544 -419.812
0.0057925544 -419.412
0.0057927544 -416.214
0.0057929544 -415.414
0.0057931544 -416.613
0.0057933544 -419.812
0.0057935544 -417.813
0.0057937544 -417.413
0.0057939544 -416.214
0.0057941544 -416.214
0.0057943544 -414.614
0.0057945544 -418.213
0.0057947544 -417.413
0.0057949544 -417.413
0.0057951544 -416.613
0.0057953544 -417.813
0.0057955544 -417.413
0.0057957544 -417.013
0.0057959544 -416.214
0.0057961544 -415.414
0.0057963544 -414.214
0.0057965544 -417.013
0.0057967544 -414.614
0.0057969544 -414.614
0.0057971544 -411.816
0.0057973544 -414.614
0.0057975544 -415.414
0.0057977544 -414.214
0.0057979544 -415.814
0.0057981544 -414.614
0.0057983544 -417.013
0.0057985544 -417.013
0.0057987544 -415.814
0.0057989544 -416.214
0.0057991544 -413.415
0.0057993544 -415.014
0.0057995544 -414.214
0.0057997544 -416.214
0.0057999544 -416.214
0.0058001544 -418.612
0.0058003544 -415.814
0.0058005544 -416.214
0.0058007544 -414.614
0.0058009544 -417.013
0.0058011544 -413.415
0.0058013544 -415.014
0.0058015544 -414.614
0.0058017544 -416.613
0.0058019544 -417.413
0.0058021544 -415.414
0.0058023544 -415.014
0.0058025544 -415.414
0.0058027544 -416.214
0.0058029544 -416.214
0.0058031544 -413.415
0.0058033544 -414.614
0.0058035544 -415.814
0.0058037544 -414.614
0.0058039544 -415.414
0.0058041544 -416.214
0.0058043544 -415.414
0.0058045544 -414.614
0.0058047544 -415.014
0.0058049544 -417.813
0.0058051544 -413.815
0.0058053544 -414.614
0.0058055544 -415.014
0.0058057544 -414.214
0.0058059544 -416.214
0.0058061544 -415.014
0.0058063544 -415.414
0.0058065544 -414.214
0.0058067544 -414.214
0.0058069544 -414.614
0.0058071544 -415.414
0.0058073544 -414.614
0.0058075544 -413.015
0.0058077544 -415.014
0.0058079544 -415.014
0.0058081544 -417.413
0.0058083544 -414.214
0.0058085544 -416.214
0.0058087544 -414.214
0.0058089544 -414.614
0.0058091544 -413.415
0.0058093544 -412.615
0.0058095544 -416.613
0.0058097544 -416.613
0.0058099544 -413.815
0.0058101544 -413.015
0.0058103544 -413.415
0.0058105544 -411.816
0.0058107544 -414.214
0.0058109544 -415.414
0.0058111544 -415.814
0.0058113544 -415.014
0.0058115544 -413.415
0.0058117544 -414.214
0.0058119544 -414.614
0.0058121544 -415.014
0.0058123544 -414.614
0.0058125544 -413.015
0.0058127544 -413.815
0.0058129544 -413.415
0.0058131544 -414.214
0.0058133544 -414.214
0.0058135544 -416.613
0.0058137544 -413.815
0.0058139544 -414.214
0.0058141544 -413.815
0.0058143544 -415.814
0.0058145544 -415.014
0.0058147544 -410.616
0.0058149544 -412.215
0.0058151544 -414.614
0.0058153544 -411.016
0.0058155544 -415.014
0.0058157544 -411.816
0.0058159544 -413.815
0.0058161544 -413.815
0.0058163544 -412.215
0.0058165544 -414.614
0.0058167544 -412.215
0.0058169544 -411.816
0.0058171544 -413.815
0.0058173544 -410.616
0.0058175544 -414.214
0.0058177544 -411.416
0.0058179544 -412.215
0.0058181544 -413.015
0.0058183544 -411.416
0.0058185544 -411.416
0.0058187544 -410.616
0.0058189544 -411.816
0.0058191544 -413.415
0.0058193544 -411.416
0.0058195544 -411.016
0.0058197544 -412.215
0.0058199544 -411.416
0.0058201544 -412.215
0.0058203544 -412.615
0.0058205544 -410.216
0.0058207544 -414.214
0.0058209544 -413.015
0.0058211544 -410.216
0.0058213544 -411.416
0.0058215544 -413.815
0.0058217544 -413.015
0.0058219544 -413.415
0.0058221544 -408.617
0.0058223544 -412.615
0.0058225544 -410.216
0.0058227544 -412.215
0.0058229544 -412.615
0.0058231544 -411.816
0.0058233544 -411.816
0.0058235544 -411.016
0.0058237544 -410.216
0.0058239544 -410.616
0.0058241544 -413.015
0.0058243544 -411.416
0.0058245544 -410.616
0.0058247544 -410.216
0.0058249544 -411.416
0.0058251544 -407.417
0.0058253544 -409.417
0.0058255544 -413.415
0.0058257544 -408.617
0.0058259544 -410.616
0.0058261544 -409.417
0.0058263544 -411.416
0.0058265544 -408.617
0.0058267544 -408.617
0.0058269544 -408.617
0.0058271544 -413.015
0.0058273544 -411.016
0.0058275544 -409.816
0.0058277544 -407.817
0.0058279544 -412.615
0.0058281544 -411.416
0.0058283544 -409.816
0.0058285544 -411.416
0.0058287544 -410.616
0.0058289544 -408.617
0.0058291544 -409.816
0.0058293544 -410.616
0.0058295544 -409.017
0.0058297544 -410.616
0.0058299544 -407.817
0.0058301544 -410.216
0.0058303544 -407.817
0.0058305544 -409.816
0.0058307544 -408.217
0.0058309544 -407.018
0.0058311544 -410.616
0.0058313544 -409.017
0.0058315544 -408.617
0.0058317544 -410.216
0.0058319544 -407.417
0.0058321544 -408.617
0.0058323544 -409.417
0.0058325544 -410.616
0.0058327544 -409.017
0.0058329544 -410.216
0.0058331544 -411.416
0.0058333544 -409.417
0.0058335544 -410.616
0.0058337544 -408.617
0.0058339544 -408.617
0.0058341544 -409.816
0.0058343544 -411.016
0.0058345544 -409.417
0.0058347544 -406.618
0.0058349544 -409.017
0.0058351544 -409.417
0.0058353544 -409.816
0.0058355544 -408.617
0.0058357544 -407.417
0.0058359544 -409.017
0.0058361544 -409.417
0.0058363544 -409.017
0.0058365544 -408.217
0.0058367544 -406.218
0.0058369544 -409.816
0.0058371544 -409.417
0.0058373544 -409.816
0.0058375544 -408.617
0.0058377544 -408.217
0.0058379544 -408.217
0.0058381544 -407.018
0.0058383544 -407.817
0.0058385544 -407.018
0.0058387544 -406.618
0.0058389544 -407.018
0.0058391544 -408.217
0.0058393544 -409.816
0.0058395544 -406.618
0.0058397544 -409.417
0.0058399544 -408.617
0.0058401544 -407.018
0.0058403544 -408.617
0.0058405544 -407.417
0.0058407544 -407.018
0.0058409544 -409.417
0.0058411544 -409.017
0.0058413544 -409.816
0.0058415544 -409.017
0.0058417544 -406.618
0.0058419544 -406.618
0.0058421544 -405.818
0.0058423544 -409.017
0.0058425544 -407.018
0.0058427544 -408.617
0.0058429544 -408.217
0.0058431544 -409.417
0.0058433544 -409.417
0.0058435544 -405.818
0.0058437544 -406.618
0.0058439544 -408.217
0.0058441544 -406.618
0.0058443544 -409.417
0.0058445544 -406.618
0.0058447544 -407.417
0.0058449544 -407.417
0.0058451544 -406.618
0.0058453544 -407.817
0.0058455544 -409.017
0.0058457544 -409.017
0.0058459544 -408.617
0.0058461544 -406.218
0.0058463544 -405.019
0.0058465544 -407.417
0.0058467544 -405.019
0.0058469544 -407.018
0.0058471544 -408.217
0.0058473544 -407.417
0.0058475544 -407.817
0.0058477544 -409.017
0.0058479544 -406.618
0.0058481544 -405.818
0.0058483544 -405.418
0.0058485544 -405.019
0.0058487544 -407.817
0.0058489544 -405.019
0.0058491544 -405.818
0.0058493544 -406.218
0.0058495544 -408.217
0.0058497544 -407.018
0.0058499544 -405.418
0.0058501544 -405.019
0.0058503544 -405.818
0.0058505544 -405.818
0.0058507544 -403.019
0.0058509544 -403.019
0.0058511544 -407.417
0.0058513544 -401.82
0.0058515544 -403.019
0.0058517544 -404.619
0.0058519544 -402.22
0.0058521544 -403.819
0.0058523544 -402.62
0.0058525544 -405.418
0.0058527544 -403.419
0.0058529544 -406.618
0.0058531544 -405.818
0.0058533544 -406.618
0.0058535544 -405.019
0.0058537544 -406.218
0.0058539544 -405.418
0.0058541544 -404.219
0.0058543544 -407.018
0.0058545544 -405.019
0.0058547544 -403.819
0.0058549544 -405.418
0.0058551544 -405.418
0.0058553544 -404.619
0.0058555544 -405.818
0.0058557544 -404.619
0.0058559544 -404.219
0.0058561544 -406.618
0.0058563544 -405.818
0.0058565544 -405.418
0.0058567544 -404.219
0.0058569544 -404.619
0.0058571544 -404.219
0.0058573544 -405.818
0.0058575544 -404.619
0.0058577544 -406.218
0.0058579544 -405.818
0.0058581544 -405.418
0.0058583544 -403.019
0.0058585544 -405.418
0.0058587544 -405.418
0.0058589544 -405.818
0.0058591544 -404.619
0.0058593544 -404.219
0.0058595544 -405.019
0.0058597544 -405.418
0.0058599544 -405.418
0.0058601544 -403.819
0.0058603544 -404.619
0.0058605544 -403.419
0.0058607544 -405.818
0.0058609544 -405.418
0.0058611544 -403.419
0.0058613544 -402.62
0.0058615544 -402.62
0.0058617544 -406.618
0.0058619544 -405.418
0.0058621544 -405.019
0.0058623544 -403.819
0.0058625544 -405.418
0.0058627544 -405.019
0.0058629544 -403.419
0.0058631544 -403.419
0.0058633544 -400.621
0.0058635544 -404.619
0.0058637544 -405.818
0.0058639544 -403.019
0.0058641544 -402.62
0.0058643544 -404.219
0.0058645544 -402.62
0.0058647544 -401.02
0.0058649544 -401.42
0.0058651544 -404.219
0.0058653544 -402.62
0.0058655544 -403.019
0.0058657544 -405.418
0.0058659544 -404.619
0.0058661544 -403.819
0.0058663544 -403.819
0.0058665544 -402.62
0.0058667544 -402.62
0.0058669544 -405.818
0.0058671544 -403.419
0.0058673544 -401.82
0.0058675544 -403.019
0.0058677544 -404.619
0.0058679544 -405.418
0.0058681544 -403.019
0.0058683544 -401.82
0.0058685544 -405.019
0.0058687544 -401.42
0.0058689544 -404.619
0.0058691544 -403.419
0.0058693544 -401.42
0.0058695544 -403.419
0.0058697544 -399.821
0.0058699544 -405.818
0.0058701544 -403.019
0.0058703544 -401.42
0.0058705544 -403.419
0.0058707544 -405.418
0.0058709544 -405.818
0.0058711544 -403.019
0.0058713544 -403.819
0.0058715544 -403.819
0.0058717544 -403.819
0.0058719544 -399.821
0.0058721544 -402.22
0.0058723544 -403.019
0.0058725544 -401.02
0.0058727544 -401.42
0.0058729544 -401.82
0.0058731544 -401.82
0.0058733544 -402.62
0.0058735544 -403.419
0.0058737544 -401.02
0.0058739544 -401.02
0.0058741544 -404.219
0.0058743544 -401.02
0.0058745544 -399.821
0.0058747544 -402.62
0.0058749544 -403.019
0.0058751544 -400.221
0.0058753544 -403.019
0.0058755544 -403.019
0.0058757544 -401.02
0.0058759544 -402.62
0.0058761544 -401.82
0.0058763544 -404.619
0.0058765544 -402.22
0.0058767544 -401.02
0.0058769544 -399.421
0.0058771544 -400.621
0.0058773544 -399.421
0.0058775544 -400.221
0.0058777544 -401.82
0.0058779544 -400.621
0.0058781544 -403.019
0.0058783544 -400.221
0.0058785544 -402.62
0.0058787544 -400.621
0.0058789544 -400.621
0.0058791544 -401.42
0.0058793544 -404.219
0.0058795544 -404.219
0.0058797544 -399.021
0.0058799544 -399.421
0.0058801544 -403.019
0.0058803544 -402.22
0.0058805544 -400.621
0.0058807544 -402.22
0.0058809544 -401.82
0.0058811544 -401.82
0.0058813544 -401.82
0.0058815544 -399.421
0.0058817544 -401.82
0.0058819544 -399.021
0.0058821544 -400.621
0.0058823544 -399.821
0.0058825544 -400.221
0.0058827544 -400.621
0.0058829544 -401.02
0.0058831544 -401.02
0.0058833544 -401.42
0.0058835544 -399.821
0.0058837544 -401.02
0.0058839544 -399.821
0.0058841544 -399.021
0.0058843544 -402.22
0.0058845544 -400.221
0.0058847544 -401.82
0.0058849544 -402.22
0.0058851544 -399.021
0.0058853544 -401.82
0.0058855544 -399.421
0.0058857544 -399.821
0.0058859544 -401.02
0.0058861544 -400.221
0.0058863544 -400.221
0.0058865544 -399.821
0.0058867544 -397.822
0.0058869544 -401.02
0.0058871544 -397.822
0.0058873544 -402.62
0.0058875544 -401.42
0.0058877544 -400.221
0.0058879544 -400.221
0.0058881544 -401.42
0.0058883544 -400.621
0.0058885544 -399.421
0.0058887544 -400.621
0.0058889544 -399.821
0.0058891544 -399.021
0.0058893544 -401.82
0.0058895544 -400.221
0.0058897544 -397.822
0.0058899544 -401.02
0.0058901544 -400.621
0.0058903544 -399.021
0.0058905544 -400.221
0.0058907544 -399.021
0.0058909544 -398.621
0.0058911544 -398.621
0.0058913544 -400.621
0.0058915544 -400.621
0.0058917544 -399.421
0.0058919544 -397.422
0.0058921544 -399.421
0.0058923544 -403.019
0.0058925544 -399.421
0.0058927544 -402.62
0.0058929544 -401.02
0.0058931544 -400.221
0.0058933544 -400.621
0.0058935544 -398.621
0.0058937544 -399.421
0.0058939544 -401.82
0.0058941544 -399.421
0.0058943544 -398.222
0.0058945544 -399.821
0.0058947544 -397.022
0.0058949544 -401.02
0.0058951544 -403.419
0.0058953544 -398.621
0.0058955544 -401.82
0.0058957544 -399.421
0.0058959544 -399.021
0.0058961544 -398.621
0.0058963544 -398.222
0.0058965544 -401.02
0.0058967544 -396.222
0.0058969544 -397.022
0.0058971544 -399.021
0.0058973544 -398.222
0.0058975544 -399.821
0.0058977544 -399.021
0.0058979544 -400.221
0.0058981544 -398.222
0.0058983544 -398.222
0.0058985544 -398.222
0.0058987544 -398.621
0.0058989544 -399.421
0.0058991544 -399.021
0.0058993544 -397.022
0.0058995544 -397.822
0.0058997544 -402.22
0.0058999544 -401.82
0.0059001544 -395.423
0.0059003544 -400.221
0.0059005544 -399.421
0.0059007544 -398.621
0.0059009544 -398.621
0.0059011544 -400.621
0.0059013544 -399.821
0.0059015544 -397.022
0.0059017544 -399.021
0.0059019544 -398.621
0.0059021544 -398.222
0.0059023544 -398.621
0.0059025544 -398.222
0.0059027544 -398.222
0.0059029544 -399.021
0.0059031544 -395.823
0.0059033544 -394.223
0.0059035544 -396.222
0.0059037544 -397.022
0.0059039544 -398.222
0.0059041544 -397.822
0.0059043544 -398.621
0.0059045544 -398.621
0.0059047544 -395.023
0.0059049544 -397.022
0.0059051544 -395.823
0.0059053544 -397.022
0.0059055544 -395.023
0.0059057544 -395.823
0.0059059544 -397.022
0.0059061544 -396.222
0.0059063544 -393.824
0.0059065544 -399.821
0.0059067544 -396.222
0.0059069544 -396.222
0.0059071544 -397.022
0.0059073544 -395.023
0.0059075544 -398.621
0.0059077544 -399.021
0.0059079544 -398.621
0.0059081544 -395.823
0.0059083544 -397.822
0.0059085544 -394.623
0.0059087544 -396.222
0.0059089544 -395.823
0.0059091544 -396.222
0.0059093544 -396.622
0.0059095544 -397.022
0.0059097544 -398.621
0.0059099544 -394.623
0.0059101544 -397.822
0.0059103544 -397.822
0.0059105544 -396.222
0.0059107544 -397.022
0.0059109544 -395.823
0.0059111544 -394.623
0.0059113544 -395.823
0.0059115544 -396.622
0.0059117544 -394.223
0.0059119544 -396.222
0.0059121544 -396.622
0.0059123544 -397.822
0.0059125544 -397.422
0.0059127544 -397.822
0.0059129544 -393.424
0.0059131544 -397.422
0.0059133544 -396.622
0.0059135544 -395.023
0.0059137544 -397.422
0.0059139544 -399.821
0.0059141544 -395.423
0.0059143544 -397.822
0.0059145544 -395.823
0.0059147544 -395.423
0.0059149544 -397.022
0.0059151544 -395.423
0.0059153544 -397.822
0.0059155544 -395.823
0.0059157544 -395.823
0.0059159544 -395.023
0.0059161544 -397.422
0.0059163544 -398.222
0.0059165544 -395.423
0.0059167544 -397.422
0.0059169544 -394.223
0.0059171544 -397.822
0.0059173544 -396.222
0.0059175544 -395.423
0.0059177544 -395.823
0.0059179544 -395.823
0.0059181544 -395.823
0.0059183544 -397.422
0.0059185544 -397.422
0.0059187544 -399.421
0.0059189544 -395.023
0.0059191544 -392.624
0.0059193544 -394.623
0.0059195544 -396.222
0.0059197544 -397.822
0.0059199544 -397.022
0.0059201544 -392.224
0.0059203544 -397.422
0.0059205544 -396.222
0.0059207544 -397.822
0.0059209544 -393.024
0.0059211544 -393.424
0.0059213544 -393.024
0.0059215544 -393.424
0.0059217544 -393.024
0.0059219544 -395.823
0.0059221544 -395.423
0.0059223544 -395.423
0.0059225544 -395.423
0.0059227544 -395.023
0.0059229544 -397.022
0.0059231544 -394.223
0.0059233544 -393.024
0.0059235544 -395.823
0.0059237544 -393.824
0.0059239544 -392.224
0.0059241544 -392.624
0.0059243544 -393.424
0.0059245544 -394.623
0.0059247544 -395.823
0.0059249544 -395.823
0.0059251544 -394.223
0.0059253544 -395.423
0.0059255544 -391.025
0.0059257544 -393.424
0.0059259544 -392.624
0.0059261544 -393.824
0.0059263544 -396.222
0.0059265544 -393.024
0.0059267544 -394.623
0.0059269544 -394.623
0.0059271544 -395.423
0.0059273544 -394.623
0.0059275544 -393.024
0.0059277544 -391.425
0.0059279544 -390.625
0.0059281544 -393.024
0.0059283544 -391.425
0.0059285544 -395.423
0.0059287544 -394.223
0.0059289544 -390.225
0.0059291544 -392.224
0.0059293544 -393.424
0.0059295544 -392.624
0.0059297544 -394.223
0.0059299544 -393.024
0.0059301544 -394.223
0.0059303544 -393.424
0.0059305544 -393.424
0.0059307544 -392.224
0.0059309544 -390.225
0.0059311544 -392.224
0.0059313544 -392.224
0.0059315544 -394.623
0.0059317544 -392.224
0.0059319544 -393.424
0.0059321544 -392.224
0.0059323544 -393.424
0.0059325544 -391.824
0.0059327544 -394.623
0.0059329544 -393.024
0.0059331544 -393.424
0.0059333544 -393.824
0.0059335544 -391.025
0.0059337544 -392.224
0.0059339544 -391.025
0.0059341544 -393.424
0.0059343544 -391.025
0.0059345544 -392.624
0.0059347544 -392.624
0.0059349544 -393.424
0.0059351544 -392.224
0.0059353544 -392.224
0.0059355544 -392.624
0.0059357544 -391.425
0.0059359544 -393.424
0.0059361544 -391.425
0.0059363544 -392.224
0.0059365544 -391.025
0.0059367544 -392.224
0.0059369544 -394.223
0.0059371544 -392.624
0.0059373544 -391.425
0.0059375544 -392.224
0.0059377544 -393.024
0.0059379544 -391.425
0.0059381544 -393.024
0.0059383544 -391.824
0.0059385544 -393.824
0.0059387544 -394.223
0.0059389544 -393.824
0.0059391544 -392.224
0.0059393544 -393.824
0.0059395544 -394.623
0.0059397544 -393.824
0.0059399544 -390.225
0.0059401544 -391.025
0.0059403544 -391.824
0.0059405544 -391.824
0.0059407544 -391.824
0.0059409544 -392.224
0.0059411544 -393.824
0.0059413544 -391.824
0.0059415544 -392.624
0.0059417544 -392.624
0.0059419544 -391.025
0.0059421544 -393.824
0.0059423544 -390.225
0.0059425544 -393.824
0.0059427544 -390.225
0.0059429544 -393.424
0.0059431544 -390.625
0.0059433544 -391.025
0.0059435544 -393.024
0.0059437544 -393.424
0.0059439544 -392.224
0.0059441544 -393.824
0.0059443544 -392.224
0.0059445544 -391.824
0.0059447544 -391.824
0.0059449544 -391.824
0.0059451544 -391.824
0.0059453544 -394.623
0.0059455544 -391.824
0.0059457544 -392.224
0.0059459544 -391.025
0.0059461544 -393.024
0.0059463544 -391.824
0.0059465544 -391.025
0.0059467544 -392.224
0.0059469544 -391.025
0.0059471544 -393.024
0.0059473544 -390.625
0.0059475544 -391.425
0.0059477544 -389.825
0.0059479544 -392.224
0.0059481544 -391.425
0.0059483544 -389.825
0.0059485544 -392.624
0.0059487544 -389.825
0.0059489544 -390.625
0.0059491544 -390.625
0.0059493544 -390.225
0.0059495544 -390.625
0.0059497544 -389.026
0.0059499544 -389.026
0.0059501544 -391.025
0.0059503544 -389.825
0.0059505544 -391.824
0.0059507544 -390.625
0.0059509544 -391.025
0.0059511544 -390.625
0.0059513544 -388.626
0.0059515544 -387.426
0.0059517544 -393.424
0.0059519544 -390.625
0.0059521544 -391.025
0.0059523544 -391.025
0.0059525544 -391.824
0.0059527544 -394.223
0.0059529544 -389.426
0.0059531544 -391.025
0.0059533544 -388.626
0.0059535544 -389.026
0.0059537544 -390.225
0.0059539544 -388.626
0.0059541544 -390.225
0.0059543544 -390.625
0.0059545544 -390.225
0.0059547544 -388.626
0.0059549544 -389.026
0.0059551544 -390.625
0.0059553544 -388.226
0.0059555544 -390.225
0.0059557544 -389.426
0.0059559544 -390.625
0.0059561544 -391.025
0.0059563544 -391.824
0.0059565544 -391.025
0.0059567544 -388.626
0.0059569544 -390.225
0.0059571544 -389.026
0.0059573544 -391.824
0.0059575544 -391.824
0.0059577544 -390.625
0.0059579544 -391.025
0.0059581544 -390.225
0.0059583544 -391.425
0.0059585544 -390.225
0.0059587544 -390.225
0.0059589544 -391.824
0.0059591544 -393.024
0.0059593544 -391.025
0.0059595544 -390.625
0.0059597544 -390.225
0.0059599544 -391.025
0.0059601544 -389.426
0.0059603544 -390.625
0.0059605544 -389.426
0.0059607544 -390.225
0.0059609544 -390.625
0.0059611544 -392.224
0.0059613544 -390.625
0.0059615544 -389.026
0.0059617544 -388.626
0.0059619544 -392.224
0.0059621544 -390.625
0.0059623544 -389.426
0.0059625544 -389.026
0.0059627544 -389.426
0.0059629544 -390.625
0.0059631544 -389.426
0.0059633544 -391.025
0.0059635544 -389.825
0.0059637544 -387.826
0.0059639544 -391.425
0.0059641544 -390.625
0.0059643544 -390.625
0.0059645544 -389.026
0.0059647544 -389.825
0.0059649544 -389.825
0.0059651544 -389.026
0.0059653544 -389.426
0.0059655544 -390.225
0.0059657544 -390.625
0.0059659544 -389.026
0.0059661544 -389.426
0.0059663544 -389.026
0.0059665544 -390.625
0.0059667544 -389.426
0.0059669544 -390.225
0.0059671544 -391.425
0.0059673544 -390.225
0.0059675544 -387.027
0.0059677544 -389.426
0.0059679544 -390.225
0.0059681544 -389.026
0.0059683544 -389.026
0.0059685544 -390.625
0.0059687544 -388.626
0.0059689544 -388.626
0.0059691544 -389.825
0.0059693544 -388.626
0.0059695544 -389.426
0.0059697544 -389.426
0.0059699544 -388.226
0.0059701544 -387.426
0.0059703544 -387.826
0.0059705544 -391.824
0.0059707544 -389.825
0.0059709544 -387.826
0.0059711544 -389.026
0.0059713544 -389.026
0.0059715544 -390.625
0.0059717544 -388.626
0.0059719544 -387.826
0.0059721544 -389.426
0.0059723544 -390.625
0.0059725544 -389.825
0.0059727544 -390.225
0.0059729544 -386.227
0.0059731544 -386.627
0.0059733544 -387.027
0.0059735544 -388.226
0.0059737544 -390.625
0.0059739544 -385.827
0.0059741544 -387.426
0.0059743544 -386.227
0.0059745544 -389.426
0.0059747544 -386.627
0.0059749544 -386.627
0.0059751544 -387.426
0.0059753544 -389.026
0.0059755544 -387.826
0.0059757544 -386.627
0.0059759544 -387.826
0.0059761544 -388.626
0.0059763544 -389.026
0.0059765544 -385.827
0.0059767544 -389.426
0.0059769544 -389.825
0.0059771544 -387.027
0.0059773544 -385.827
0.0059775544 -388.626
0.0059777544 -384.628
0.0059779544 -388.226
0.0059781544 -385.028
0.0059783544 -387.027
0.0059785544 -386.227
0.0059787544 -385.827
0.0059789544 -387.826
0.0059791544 -385.427
0.0059793544 -387.826
0.0059795544 -387.826
0.0059797544 -387.027
0.0059799544 -386.627
0.0059801544 -387.027
0.0059803544 -387.027
0.0059805544 -388.626
0.0059807544 -387.027
0.0059809544 -389.026
0.0059811544 -383.028
0.0059813544 -387.426
0.0059815544 -388.226
0.0059817544 -389.426
0.0059819544 -386.627
0.0059821544 -387.826
0.0059823544 -387.826
0.0059825544 -390.225
0.0059827544 -387.826
0.0059829544 -387.426
0.0059831544 -388.626
0.0059833544 -388.626
0.0059835544 -387.826
0.0059837544 -386.627
0.0059839544 -387.826
0.0059841544 -385.427
0.0059843544 -386.227
0.0059845544 -387.027
0.0059847544 -386.227
0.0059849544 -387.426
0.0059851544 -383.428
0.0059853544 -385.827
0.0059855544 -389.825
0.0059857544 -386.227
0.0059859544 -386.627
0.0059861544 -386.227
0.0059863544 -385.827
0.0059865544 -385.827
0.0059867544 -386.627
0.0059869544 -384.628
0.0059871544 -383.028
0.0059873544 -382.629
0.0059875544 -384.628
0.0059877544 -386.227
0.0059879544 -384.628
0.0059881544 -385.028
0.0059883544 -385.028
0.0059885544 -386.627
0.0059887544 -387.426
0.0059889544 -385.028
0.0059891544 -386.227
0.0059893544 -385.827
0.0059895544 -382.629
0.0059897544 -384.628
0.0059899544 -385.427
0.0059901544 -385.028
0.0059903544 -385.427
0.0059905544 -383.828
0.0059907544 -385.827
0.0059909544 -386.227
0.0059911544 -385.427
0.0059913544 -384.628
0.0059915544 -386.627
0.0059917544 -385.827
0.0059919544 -383.828
0.0059921544 -386.627
0.0059923544 -381.829
0.0059925544 -383.028
0.0059927544 -385.827
0.0059929544 -385.028
0.0059931544 -384.628
0.0059933544 -384.228
0.0059935544 -385.028
0.0059937544 -383.428
0.0059939544 -385.827
0.0059941544 -386.627
0.0059943544 -383.828
0.0059945544 -383.028
0.0059947544 -384.628
0.0059949544 -385.028
0.0059951544 -383.428
0.0059953544 -383.828
0.0059955544 -384.228
0.0059957544 -385.427
0.0059959544 -385.427
0.0059961544 -384.228
0.0059963544 -383.428
0.0059965544 -383.028
0.0059967544 -384.628
0.0059969544 -384.628
0.0059971544 -381.829
0.0059973544 -384.228
0.0059975544 -383.028
0.0059977544 -385.028
0.0059979544 -385.028
0.0059981544 -385.827
0.0059983544 -384.628
0.0059985544 -382.629
0.0059987544 -381.429
0.0059989544 -383.828
0.0059991544 -383.828
0.0059993544 -385.028
0.0059995544 -383.828
0.0059997544 -384.628
0.0059999544 -383.828
0.0060001544 -383.028
0.0060003544 -383.428
0.0060005544 -383.028
0.0060007544 -381.829
0.0060009544 -384.228
0.0060011544 -385.028
0.0060013544 -382.229
0.0060015544 -382.629
0.0060017544 -383.028
0.0060019544 -385.028
0.0060021544 -383.428
0.0060023544 -381.829
0.0060025544 -385.427
0.0060027544 -384.228
0.0060029544 -383.028
0.0060031544 -385.827
0.0060033544 -381.829
0.0060035544 -381.029
0.0060037544 -385.028
0.0060039544 -385.427
0.0060041544 -383.828
0.0060043544 -383.428
0.0060045544 -383.828
0.0060047544 -382.629
0.0060049544 -381.029
0.0060051544 -385.028
0.0060053544 -383.428
0.0060055544 -384.628
0.0060057544 -383.828
0.0060059544 -382.629
0.0060061544 -384.228
0.0060063544 -382.629
0.0060065544 -381.829
0.0060067544 -385.827
0.0060069544 -382.229
0.0060071544 -381.829
0.0060073544 -383.428
0.0060075544 -383.428
0.0060077544 -382.629
0.0060079544 -382.629
0.0060081544 -379.43
0.0060083544 -385.427
0.0060085544 -381.429
0.0060087544 -383.428
0.0060089544 -385.827
0.0060091544 -382.629
0.0060093544 -382.229
0.0060095544 -383.428
0.0060097544 -382.229
0.0060099544 -384.228
0.0060101544 -384.228
0.0060103544 -385.028
0.0060105544 -384.628
0.0060107544 -383.028
0.0060109544 -385.427
0.0060111544 -382.229
0.0060113544 -381.829
0.0060115544 -384.628
0.0060117544 -382.229
0.0060119544 -384.228
0.0060121544 -381.829
0.0060123544 -381.429
0.0060125544 -384.228
0.0060127544 -381.429
0.0060129544 -381.829
0.0060131544 -382.229
0.0060133544 -384.628
0.0060135544 -383.028
0.0060137544 -379.43
0.0060139544 -381.029
0.0060141544 -381.429
0.0060143544 -383.828
0.0060145544 -383.428
0.0060147544 -381.829
0.0060149544 -383.028
0.0060151544 -381.829
0.0060153544 -380.629
0.0060155544 -382.629
0.0060157544 -381.029
0.0060159544 -381.829
0.0060161544 -381.029
0.0060163544 -383.428
0.0060165544 -382.629
0.0060167544 -379.43
0.0060169544 -383.028
0.0060171544 -383.028
0.0060173544 -382.629
0.0060175544 -381.829
0.0060177544 -381.429
0.0060179544 -380.23
0.0060181544 -379.43
0.0060183544 -382.629
0.0060185544 -383.028
0.0060187544 -379.03
0.0060189544 -380.629
0.0060191544 -383.428
0.0060193544 -381.029
0.0060195544 -379.83
0.0060197544 -380.629
0.0060199544 -379.03
0.0060201544 -381.029
0.0060203544 -381.029
0.0060205544 -382.629
0.0060207544 -380.629
0.0060209544 -381.429
0.0060211544 -382.629
0.0060213544 -380.629
0.0060215544 -381.429
0.0060217544 -381.029
0.0060219544 -379.43
0.0060221544 -382.229
0.0060223544 -381.829
0.0060225544 -379.43
0.0060227544 -383.428
0.0060229544 -378.63
0.0060231544 -379.43
0.0060233544 -379.83
0.0060235544 -381.829
0.0060237544 -382.629
0.0060239544 -382.229
0.0060241544 -381.029
0.0060243544 -381.029
0.0060245544 -381.429
0.0060247544 -381.029
0.0060249544 -381.429
0.0060251544 -381.029
0.0060253544 -380.629
0.0060255544 -381.829
0.0060257544 -377.431
0.0060259544 -380.23
0.0060261544 -380.629
0.0060263544 -380.23
0.0060265544 -380.629
0.0060267544 -379.03
0.0060269544 -380.23
0.0060271544 -379.43
0.0060273544 -379.83
0.0060275544 -379.83
0.0060277544 -377.431
0.0060279544 -377.831
0.0060281544 -378.231
0.0060283544 -381.029
0.0060285544 -378.63
0.0060287544 -378.63
0.0060289544 -379.43
0.0060291544 -378.63
0.0060293544 -380.23
0.0060295544 -380.629
0.0060297544 -377.031
0.0060299544 -375.432
0.0060301544 -377.031
0.0060303544 -377.831
0.0060305544 -377.431
0.0060307544 -377.431
0.0060309544 -380.23
0.0060311544 -375.832
0.0060313544 -376.631
0.0060315544 -376.631
0.0060317544 -378.231
0.0060319544 -381.029
0.0060321544 -379.43
0.0060323544 -376.631
0.0060325544 -376.631
0.0060327544 -379.43
0.0060329544 -378.231
0.0060331544 -379.43
0.0060333544 -373.833
0.0060335544 -379.03
0.0060337544 -376.631
0.0060339544 -379.43
0.0060341544 -377.831
0.0060343544 -377.031
0.0060345544 -377.431
0.0060347544 -377.431
0.0060349544 -378.231
0.0060351544 -376.631
0.0060353544 -375.032
0.0060355544 -376.631
0.0060357544 -377.031
0.0060359544 -375.832
0.0060361544 -377.431
0.0060363544 -378.231
0.0060365544 -374.632
0.0060367544 -375.032
0.0060369544 -378.231
0.0060371544 -378.231
0.0060373544 -378.231
0.0060375544 -377.831
0.0060377544 -376.631
0.0060379544 -377.031
0.0060381544 -379.83
0.0060383544 -375.832
0.0060385544 -375.832
0.0060387544 -380.629
0.0060389544 -378.63
0.0060391544 -377.431
0.0060393544 -377.431
0.0060395544 -374.232
0.0060397544 -373.833
0.0060399544 -375.832
0.0060401544 -375.432
0.0060403544 -378.231
0.0060405544 -379.83
0.0060407544 -375.432
0.0060409544 -375.032
0.0060411544 -377.031
0.0060413544 -373.033
0.0060415544 -377.031
0.0060417544 -376.631
0.0060419544 -378.63
0.0060421544 -376.631
0.0060423544 -376.631
0.0060425544 -377.831
0.0060427544 -376.231
0.0060429544 -375.832
0.0060431544 -378.63
0.0060433544 -379.03
0.0060435544 -377.431
0.0060437544 -375.032
0.0060439544 -376.231
0.0060441544 -374.632
0.0060443544 -375.032
0.0060445544 -377.831
0.0060447544 -375.432
0.0060449544 -373.833
0.0060451544 -375.432
0.0060453544 -377.831
0.0060455544 -377.031
0.0060457544 -375.032
0.0060459544 -375.032
0.0060461544 -377.031
0.0060463544 -377.831
0.0060465544 -377.031
0.0060467544 -381.029
0.0060469544 -376.231
0.0060471544 -374.632
0.0060473544 -377.431
0.0060475544 -378.231
0.0060477544 -379.43
0.0060479544 -379.83
0.0060481544 -377.431
0.0060483544 -377.431
0.0060485544 -379.83
0.0060487544 -376.631
0.0060489544 -375.032
0.0060491544 -378.231
0.0060493544 -377.031
0.0060495544 -375.432
0.0060497544 -377.831
0.0060499544 -377.031
0.0060501544 -376.231
0.0060503544 -379.03
0.0060505544 -376.231
0.0060507544 -377.431
0.0060509544 -376.631
0.0060511544 -375.432
0.0060513544 -377.431
0.0060515544 -376.631
0.0060517544 -373.433
0.0060519544 -375.432
0.0060521544 -375.832
0.0060523544 -374.632
0.0060525544 -377.831
0.0060527544 -376.631
0.0060529544 -372.233
0.0060531544 -377.031
0.0060533544 -375.832
0.0060535544 -374.632
0.0060537544 -376.631
0.0060539544 -375.832
0.0060541544 -376.231
0.0060543544 -374.632
0.0060545544 -375.832
0.0060547544 -375.832
0.0060549544 -375.832
0.0060551544 -374.632
0.0060553544 -373.433
0.0060555544 -376.631
0.0060557544 -373.033
0.0060559544 -376.231
0.0060561544 -375.832
0.0060563544 -373.833
0.0060565544 -374.632
0.0060567544 -374.632
0.0060569544 -374.232
0.0060571544 -374.632
0.0060573544 -375.432
0.0060575544 -375.032
0.0060577544 -377.831
0.0060579544 -378.231
0.0060581544 -375.032
0.0060583544 -374.232
0.0060585544 -374.632
0.0060587544 -372.633
0.0060589544 -375.832
0.0060591544 -375.832
0.0060593544 -378.231
0.0060595544 -373.833
0.0060597544 -376.631
0.0060599544 -373.033
0.0060601544 -375.432
0.0060603544 -373.433
0.0060605544 -376.631
0.0060607544 -374.232
0.0060609544 -375.432
0.0060611544 -374.232
0.0060613544 -375.032
0.0060615544 -373.433
0.0060617544 -376.231
0.0060619544 -375.432
0.0060621544 -375.032
0.0060623544 -373.433
0.0060625544 -375.432
0.0060627544 -373.833
0.0060629544 -376.231
0.0060631544 -375.432
0.0060633544 -373.833
0.0060635544 -372.633
0.0060637544 -375.032
0.0060639544 -376.631
0.0060641544 -375.832
0.0060643544 -375.032
0.0060645544 -376.631
0.0060647544 -373.833
0.0060649544 -374.232
0.0060651544 -376.231
0.0060653544 -374.632
0.0060655544 -375.832
0.0060657544 -376.231
0.0060659544 -372.233
0.0060661544 -373.033
0.0060663544 -373.433
0.0060665544 -374.232
0.0060667544 -375.432
0.0060669544 -373.433
0.0060671544 -370.634
0.0060673544 -373.833
0.0060675544 -373.833
0.0060677544 -374.632
0.0060679544 -375.032
0.0060681544 -373.833
0.0060683544 -373.433
0.0060685544 -372.633
0.0060687544 -375.432
0.0060689544 -372.233
0.0060691544 -373.033
0.0060693544 -370.634
0.0060695544 -373.033
0.0060697544 -370.634
0.0060699544 -372.233
0.0060701544 -371.833
0.0060703544 -373.433
0.0060705544 -376.631
0.0060707544 -374.232
0.0060709544 -373.033
0.0060711544 -373.033
0.0060713544 -373.433
0.0060715544 -371.434
0.0060717544 -374.232
0.0060719544 -374.632
0.0060721544 -373.833
0.0060723544 -373.833
0.0060725544 -371.434
0.0060727544 -374.232
0.0060729544 -373.033
0.0060731544 -373.033
0.0060733544 -371.434
0.0060735544 -374.632
0.0060737544 -372.233
0.0060739544 -372.233
0.0060741544 -374.632
0.0060743544 -372.233
0.0060745544 -371.833
0.0060747544 -369.035
0.0060749544 -372.633
0.0060751544 -371.833
0.0060753544 -374.632
0.0060755544 -372.633
0.0060757544 -372.233
0.0060759544 -371.833
0.0060761544 -372.233
0.0060763544 -372.233
0.0060765544 -372.233
0.0060767544 -371.034
0.0060769544 -372.233
0.0060771544 -373.433
0.0060773544 -371.434
0.0060775544 -371.833
0.0060777544 -373.033
0.0060779544 -372.233
0.0060781544 -370.634
0.0060783544 -371.034
0.0060785544 -371.434
0.0060787544 -372.633
0.0060789544 -371.833
0.0060791544 -372.633
0.0060793544 -371.434
0.0060795544 -371.034
0.0060797544 -371.833
0.0060799544 -370.234
0.0060801544 -371.434
0.0060803544 -370.234
0.0060805544 -371.833
0.0060807544 -373.433
0.0060809544 -369.834
0.0060811544 -371.833
0.0060813544 -371.833
0.0060815544 -370.234
0.0060817544 -371.034
0.0060819544 -372.233
0.0060821544 -370.634
0.0060823544 -370.634
0.0060825544 -371.034
0.0060827544 -370.634
0.0060829544 -371.833
0.0060831544 -371.034
0.0060833544 -371.833
0.0060835544 -372.233
0.0060837544 -370.234
0.0060839544 -369.434
0.0060841544 -370.234
0.0060843544 -370.634
0.0060845544 -371.434
0.0060847544 -373.033
0.0060849544 -368.635
0.0060851544 -371.034
0.0060853544 -374.232
0.0060855544 -371.833
0.0060857544 -368.635
0.0060859544 -370.634
0.0060861544 -370.634
0.0060863544 -371.034
0.0060865544 -370.234
0.0060867544 -371.434
0.0060869544 -369.035
0.0060871544 -369.834
0.0060873544 -371.833
0.0060875544 -370.234
0.0060877544 -370.234
0.0060879544 -371.034
0.0060881544 -370.634
0.0060883544 -369.434
0.0060885544 -370.634
0.0060887544 -370.234
0.0060889544 -371.434
0.0060891544 -367.435
0.0060893544 -371.434
0.0060895544 -370.234
0.0060897544 -370.234
0.0060899544 -371.434
0.0060901544 -367.835
0.0060903544 -368.235
0.0060905544 -368.635
0.0060907544 -367.835
0.0060909544 -369.834
0.0060911544 -371.434
0.0060913544 -370.634
0.0060915544 -369.035
0.0060917544 -370.234
0.0060919544 -367.435
0.0060921544 -369.834
0.0060923544 -371.434
0.0060925544 -370.634
0.0060927544 -369.035
0.0060929544 -368.635
0.0060931544 -368.235
0.0060933544 -370.234
0.0060935544 -371.434
0.0060937544 -369.035
0.0060939544 -366.636
0.0060941544 -371.034
0.0060943544 -366.636
0.0060945544 -368.235
0.0060947544 -368.635
0.0060949544 -370.234
0.0060951544 -366.636
0.0060953544 -366.636
0.0060955544 -363.837
0.0060957544 -367.036
0.0060959544 -367.036
0.0060961544 -369.434
0.0060963544 -367.835
0.0060965544 -368.235
0.0060967544 -367.835
0.0060969544 -367.036
0.0060971544 -369.834
0.0060973544 -368.635
0.0060975544 -369.035
0.0060977544 -368.635
0.0060979544 -367.435
0.0060981544 -368.635
0.0060983544 -368.235
0.0060985544 -369.434
0.0060987544 -367.036
0.0060989544 -365.836
0.0060991544 -367.835
0.0060993544 -367.036
0.0060995544 -365.436
0.0060997544 -367.435
0.0060999544 -367.036
0.0061001544 -368.635
0.0061003544 -368.635
0.0061005544 -365.836
0.0061007544 -365.036
0.0061009544 -367.835
0.0061011544 -363.837
0.0061013544 -366.636
0.0061015544 -367.036
0.0061017544 -365.036
0.0061019544 -364.637
0.0061021544 -363.837
0.0061023544 -365.836
0.0061025544 -366.636
0.0061027544 -367.835
0.0061029544 -368.235
0.0061031544 -365.036
0.0061033544 -363.837
0.0061035544 -365.036
0.0061037544 -367.435
0.0061039544 -366.236
0.0061041544 -365.436
0.0061043544 -367.036
0.0061045544 -362.238
0.0061047544 -365.836
0.0061049544 -364.637
0.0061051544 -361.038
0.0061053544 -363.837
0.0061055544 -366.636
0.0061057544 -366.636
0.0061059544 -365.036
0.0061061544 -367.435
0.0061063544 -367.835
0.0061065544 -363.837
0.0061067544 -367.036
0.0061069544 -365.036
0.0061071544 -362.238
0.0061073544 -362.638
0.0061075544 -362.638
0.0061077544 -362.238
0.0061079544 -363.437
0.0061081544 -364.237
0.0061083544 -364.637
0.0061085544 -363.037
0.0061087544 -362.638
0.0061089544 -365.836
0.0061091544 -365.036
0.0061093544 -362.638
0.0061095544 -365.436
0.0061097544 -363.437
0.0061099544 -364.237
0.0061101544 -364.237
0.0061103544 -364.237
0.0061105544 -363.437
0.0061107544 -363.037
0.0061109544 -363.837
0.0061111544 -365.436
0.0061113544 -364.637
0.0061115544 -364.637
0.0061117544 -367.435
0.0061119544 -363.037
0.0061121544 -365.836
0.0061123544 -362.638
0.0061125544 -363.837
0.0061127544 -363.837
0.0061129544 -363.037
0.0061131544 -361.838
0.0061133544 -362.638
0.0061135544 -364.237
0.0061137544 -361.838
0.0061139544 -361.438
0.0061141544 -359.439
0.0061143544 -362.638
0.0061145544 -361.838
0.0061147544 -364.237
0.0061149544 -363.437
0.0061151544 -362.638
0.0061153544 -365.036
0.0061155544 -363.037
0.0061157544 -362.638
0.0061159544 -361.438
0.0061161544 -365.436
0.0061163544 -361.438
0.0061165544 -365.036
0.0061167544 -362.238
0.0061169544 -361.438
0.0061171544 -360.638
0.0061173544 -365.436
0.0061175544 -363.037
0.0061177544 -363.437
0.0061179544 -363.837
0.0061181544 -365.036
0.0061183544 -362.238
0.0061185544 -360.239
0.0061187544 -362.238
0.0061189544 -363.437
0.0061191544 -361.838
0.0061193544 -363.437
0.0061195544 -361.038
0.0061197544 -363.437
0.0061199544 -362.238
0.0061201544 -362.238
0.0061203544 -362.238
0.0061205544 -358.639
0.0061207544 -361.838
0.0061209544 -361.838
0.0061211544 -361.838
0.0061213544 -360.239
0.0061215544 -364.237
0.0061217544 -361.438
0.0061219544 -362.238
0.0061221544 -361.838
0.0061223544 -363.437
0.0061225544 -362.638
0.0061227544 -361.838
0.0061229544 -362.238
0.0061231544 -362.638
0.0061233544 -359.839
0.0061235544 -360.239
0.0061237544 -363.437
0.0061239544 -363.037
0.0061241544 -361.838
0.0061243544 -361.438
0.0061245544 -359.839
0.0061247544 -362.638
0.0061249544 -360.638
0.0061251544 -362.638
0.0061253544 -363.437
0.0061255544 -360.638
0.0061257544 -359.839
0.0061259544 -360.638
0.0061261544 -361.838
0.0061263544 -362.638
0.0061265544 -359.839
0.0061267544 -362.638
0.0061269544 -360.638
0.0061271544 -361.438
0.0061273544 -359.839
0.0061275544 -359.039
0.0061277544 -361.438
0.0061279544 -360.239
0.0061281544 -361.438
0.0061283544 -361.838
0.0061285544 -360.239
0.0061287544 -360.638
0.0061289544 -359.839
0.0061291544 -362.638
0.0061293544 -361.038
0.0061295544 -361.038
0.0061297544 -361.438
0.0061299544 -359.039
0.0061301544 -361.438
0.0061303544 -360.239
0.0061305544 -362.238
0.0061307544 -360.638
0.0061309544 -358.639
0.0061311544 -360.239
0.0061313544 -361.838
0.0061315544 -359.839
0.0061317544 -359.039
0.0061319544 -359.439
0.0061321544 -360.239
0.0061323544 -360.638
0.0061325544 -362.638
0.0061327544 -360.638
0.0061329544 -359.839
0.0061331544 -362.238
0.0061333544 -359.839
0.0061335544 -361.838
0.0061337544 -359.039
0.0061339544 -358.639
0.0061341544 -359.839
0.0061343544 -359.039
0.0061345544 -359.439
0.0061347544 -361.038
0.0061349544 -359.839
0.0061351544 -361.038
0.0061353544 -359.039
0.0061355544 -361.038
0.0061357544 -357.44
0.0061359544 -359.439
0.0061361544 -360.239
0.0061363544 -359.839
0.0061365544 -361.438
0.0061367544 -361.038
0.0061369544 -357.84
0.0061371544 -359.839
0.0061373544 -360.239
0.0061375544 -359.039
0.0061377544 -358.24
0.0061379544 -359.439
0.0061381544 -358.639
0.0061383544 -360.239
0.0061385544 -360.239
0.0061387544 -359.439
0.0061389544 -358.24
0.0061391544 -358.639
0.0061393544 -357.04
0.0061395544 -358.24
0.0061397544 -357.84
0.0061399544 -358.24
0.0061401544 -358.24
0.0061403544 -359.439
0.0061405544 -358.24
0.0061407544 -359.439
0.0061409544 -358.639
0.0061411544 -357.84
0.0061413544 -359.039
0.0061415544 -359.039
0.0061417544 -359.439
0.0061419544 -359.839
0.0061421544 -356.64
0.0061423544 -357.84
0.0061425544 -357.84
0.0061427544 -358.24
0.0061429544 -359.839
0.0061431544 -358.24
0.0061433544 -358.24
0.0061435544 -357.84
0.0061437544 -361.038
0.0061439544 -360.239
0.0061441544 -356.64
0.0061443544 -358.639
0.0061445544 -356.64
0.0061447544 -357.44
0.0061449544 -358.639
0.0061451544 -362.238
0.0061453544 -358.24
0.0061455544 -355.041
0.0061457544 -356.64
0.0061459544 -358.24
0.0061461544 -359.439
0.0061463544 -357.04
0.0061465544 -360.239
0.0061467544 -358.639
0.0061469544 -359.839
0.0061471544 -360.638
0.0061473544 -356.64
0.0061475544 -357.84
0.0061477544 -356.64
0.0061479544 -357.44
0.0061481544 -359.439
0.0061483544 -359.439
0.0061485544 -357.44
0.0061487544 -357.84
0.0061489544 -358.24
0.0061491544 -358.24
0.0061493544 -357.04
0.0061495544 -359.439
0.0061497544 -357.84
0.0061499544 -359.039
0.0061501544 -356.64
0.0061503544 -358.639
0.0061505544 -359.039
0.0061507544 -355.441
0.0061509544 -358.24
0.0061511544 -358.24
0.0061513544 -354.641
0.0061515544 -356.64
0.0061517544 -356.24
0.0061519544 -356.64
0.0061521544 -357.84
0.0061523544 -356.64
0.0061525544 -356.64
0.0061527544 -358.24
0.0061529544 -357.04
0.0061531544 -357.04
0.0061533544 -355.441
0.0061535544 -356.24
0.0061537544 -357.44
0.0061539544 -357.44
0.0061541544 -357.04
0.0061543544 -357.44
0.0061545544 -355.441
0.0061547544 -357.04
0.0061549544 -357.84
0.0061551544 -355.441
0.0061553544 -357.84
0.0061555544 -356.24
0.0061557544 -357.84
0.0061559544 -355.441
0.0061561544 -357.04
0.0061563544 -358.639
0.0061565544 -357.04
0.0061567544 -356.24
0.0061569544 -354.641
0.0061571544 -355.041
0.0061573544 -355.041
0.0061575544 -355.841
0.0061577544 -357.84
0.0061579544 -354.241
0.0061581544 -355.441
0.0061583544 -356.24
0.0061585544 -355.041
0.0061587544 -357.04
0.0061589544 -355.041
0.0061591544 -353.042
0.0061593544 -355.841
0.0061595544 -358.639
0.0061597544 -353.841
0.0061599544 -354.641
0.0061601544 -356.64
0.0061603544 -355.441
0.0061605544 -355.041
0.0061607544 -354.641
0.0061609544 -355.041
0.0061611544 -354.241
0.0061613544 -354.241
0.0061615544 -352.242
0.0061617544 -353.442
0.0061619544 -353.042
0.0061621544 -358.24
0.0061623544 -355.041
0.0061625544 -355.041
0.0061627544 -356.64
0.0061629544 -354.641
0.0061631544 -356.24
0.0061633544 -355.841
0.0061635544 -353.442
0.0061637544 -355.441
0.0061639544 -356.64
0.0061641544 -355.441
0.0061643544 -354.641
0.0061645544 -354.641
0.0061647544 -352.642
0.0061649544 -356.24
0.0061651544 -356.24
0.0061653544 -353.442
0.0061655544 -356.64
0.0061657544 -354.641
0.0061659544 -355.841
0.0061661544 -355.041
0.0061663544 -355.841
0.0061665544 -353.841
0.0061667544 -353.442
0.0061669544 -351.443
0.0061671544 -354.641
0.0061673544 -356.24
0.0061675544 -353.042
0.0061677544 -353.042
0.0061679544 -352.242
0.0061681544 -352.242
0.0061683544 -352.242
0.0061685544 -352.242
0.0061687544 -352.242
0.0061689544 -352.242
0.0061691544 -353.442
0.0061693544 -354.641
0.0061695544 -354.241
0.0061697544 -354.641
0.0061699544 -354.641
0.0061701544 -354.641
0.0061703544 -354.241
0.0061705544 -354.241
0.0061707544 -353.442
0.0061709544 -351.842
0.0061711544 -351.443
0.0061713544 -352.642
0.0061715544 -355.441
0.0061717544 -351.842
0.0061719544 -355.841
0.0061721544 -352.242
0.0061723544 -353.042
0.0061725544 -357.44
0.0061727544 -354.241
0.0061729544 -353.442
0.0061731544 -354.641
0.0061733544 -352.242
0.0061735544 -353.841
0.0061737544 -354.241
0.0061739544 -354.241
0.0061741544 -353.442
0.0061743544 -353.841
0.0061745544 -352.242
0.0061747544 -350.643
0.0061749544 -352.642
0.0061751544 -352.642
0.0061753544 -351.443
0.0061755544 -353.841
0.0061757544 -355.441
0.0061759544 -354.641
0.0061761544 -354.641
0.0061763544 -354.641
0.0061765544 -354.641
0.0061767544 -353.042
0.0061769544 -351.043
0.0061771544 -351.043
0.0061773544 -353.442
0.0061775544 -351.443
0.0061777544 -353.042
0.0061779544 -353.442
0.0061781544 -353.442
0.0061783544 -351.842
0.0061785544 -353.042
0.0061787544 -353.841
0.0061789544 -352.642
0.0061791544 -351.842
0.0061793544 -351.043
0.0061795544 -352.642
0.0061797544 -352.242
0.0061799544 -351.842
0.0061801544 -351.043
0.0061803544 -351.043
0.0061805544 -350.643
0.0061807544 -353.042
0.0061809544 -352.642
0.0061811544 -351.043
0.0061813544 -354.241
0.0061815544 -354.241
0.0061817544 -351.842
0.0061819544 -350.643
0.0061821544 -351.043
0.0061823544 -353.042
0.0061825544 -352.642
0.0061827544 -351.443
0.0061829544 -349.843
0.0061831544 -353.442
0.0061833544 -348.644
0.0061835544 -352.242
0.0061837544 -350.243
0.0061839544 -351.842
0.0061841544 -350.243
0.0061843544 -351.043
0.0061845544 -350.643
0.0061847544 -352.642
0.0061849544 -351.443
0.0061851544 -353.841
0.0061853544 -351.043
0.0061855544 -352.242
0.0061857544 -351.043
0.0061859544 -349.044
0.0061861544 -350.643
0.0061863544 -349.044
0.0061865544 -351.443
0.0061867544 -350.643
0.0061869544 -350.643
0.0061871544 -349.843
0.0061873544 -352.642
0.0061875544 -351.443
0.0061877544 -351.043
0.0061879544 -353.442
0.0061881544 -350.643
0.0061883544 -353.442
0.0061885544 -349.443
0.0061887544 -349.443
0.0061889544 -349.843
0.0061891544 -349.443
0.0061893544 -353.042
0.0061895544 -349.443
0.0061897544 -353.042
0.0061899544 -351.443
0.0061901544 -353.442
0.0061903544 -351.842
0.0061905544 -351.842
0.0061907544 -347.844
0.0061909544 -351.043
0.0061911544 -351.043
0.0061913544 -348.244
0.0061915544 -351.842
0.0061917544 -351.043
0.0061919544 -349.044
0.0061921544 -350.643
0.0061923544 -349.443
0.0061925544 -351.443
0.0061927544 -351.842
0.0061929544 -351.842
0.0061931544 -348.644
0.0061933544 -348.244
0.0061935544 -347.444
0.0061937544 -349.044
0.0061939544 -348.644
0.0061941544 -349.443
0.0061943544 -347.844
0.0061945544 -347.844
0.0061947544 -349.044
0.0061949544 -351.043
0.0061951544 -348.244
0.0061953544 -347.844
0.0061955544 -349.044
0.0061957544 -350.643
0.0061959544 -347.844
0.0061961544 -350.643
0.0061963544 -348.244
0.0061965544 -349.443
0.0061967544 -346.645
0.0061969544 -351.043
0.0061971544 -349.443
0.0061973544 -348.244
0.0061975544 -348.244
0.0061977544 -351.443
0.0061979544 -346.245
0.0061981544 -349.044
0.0061983544 -350.643
0.0061985544 -347.844
0.0061987544 -348.644
0.0061989544 -350.643
0.0061991544 -349.443
0.0061993544 -350.243
0.0061995544 -349.044
0.0061997544 -351.043
0.0061999544 -346.645
0.0062001544 -348.644
0.0062003544 -349.843
0.0062005544 -348.244
0.0062007544 -348.644
0.0062009544 -347.844
0.0062011544 -347.844
0.0062013544 -349.843
0.0062015544 -347.444
0.0062017544 -349.843
0.0062019544 -349.843
0.0062021544 -349.843
0.0062023544 -347.444
0.0062025544 -349.443
0.0062027544 -345.845
0.0062029544 -346.645
0.0062031544 -347.844
0.0062033544 -345.445
0.0062035544 -347.045
0.0062037544 -345.445
0.0062039544 -349.044
0.0062041544 -348.644
0.0062043544 -346.245
0.0062045544 -347.844
0.0062047544 -347.844
0.0062049544 -348.644
0.0062051544 -346.645
0.0062053544 -346.645
0.0062055544 -348.244
0.0062057544 -345.445
0.0062059544 -349.443
0.0062061544 -348.644
0.0062063544 -346.245
0.0062065544 -346.245
0.0062067544 -348.644
0.0062069544 -346.245
0.0062071544 -347.444
0.0062073544 -347.844
0.0062075544 -348.244
0.0062077544 -345.845
0.0062079544 -346.645
0.0062081544 -347.444
0.0062083544 -347.045
0.0062085544 -347.844
0.0062087544 -345.445
0.0062089544 -347.444
0.0062091544 -346.245
0.0062093544 -346.245
0.0062095544 -347.045
0.0062097544 -345.845
0.0062099544 -347.045
0.0062101544 -343.846
0.0062103544 -346.645
0.0062105544 -346.645
0.0062107544 -347.444
0.0062109544 -346.645
0.0062111544 -347.844
0.0062113544 -347.844
0.0062115544 -346.645
0.0062117544 -347.844
0.0062119544 -348.644
0.0062121544 -347.045
0.0062123544 -349.044
0.0062125544 -347.444
0.0062127544 -345.845
0.0062129544 -345.045
0.0062131544 -343.846
0.0062133544 -343.046
0.0062135544 -347.444
0.0062137544 -343.446
0.0062139544 -347.045
0.0062141544 -346.245
0.0062143544 -345.445
0.0062145544 -345.845
0.0062147544 -346.245
0.0062149544 -346.245
0.0062151544 -346.245
0.0062153544 -345.845
0.0062155544 -347.045
0.0062157544 -348.644
0.0062159544 -348.644
0.0062161544 -345.845
0.0062163544 -345.845
0.0062165544 -347.045
0.0062167544 -347.444
0.0062169544 -346.645
0.0062171544 -347.444
0.0062173544 -347.045
0.0062175544 -344.646
0.0062177544 -346.245
0.0062179544 -345.045
0.0062181544 -344.646
0.0062183544 -345.445
0.0062185544 -346.245
0.0062187544 -342.646
0.0062189544 -344.246
0.0062191544 -345.045
0.0062193544 -345.845
0.0062195544 -346.645
0.0062197544 -343.846
0.0062199544 -343.446
0.0062201544 -344.246
0.0062203544 -344.246
0.0062205544 -345.045
0.0062207544 -344.646
0.0062209544 -345.445
0.0062211544 -345.445
0.0062213544 -345.845
0.0062215544 -347.444
0.0062217544 -345.045
0.0062219544 -347.844
0.0062221544 -345.445
0.0062223544 -345.445
0.0062225544 -345.045
0.0062227544 -347.444
0.0062229544 -344.246
0.0062231544 -345.845
0.0062233544 -347.444
0.0062235544 -343.046
0.0062237544 -344.246
0.0062239544 -347.844
0.0062241544 -345.845
0.0062243544 -346.245
0.0062245544 -345.445
0.0062247544 -345.845
0.0062249544 -344.646
0.0062251544 -347.444
0.0062253544 -344.246
0.0062255544 -345.445
0.0062257544 -343.846
0.0062259544 -343.046
0.0062261544 -347.045
0.0062263544 -346.245
0.0062265544 -343.846
0.0062267544 -347.844
0.0062269544 -345.445
0.0062271544 -343.846
0.0062273544 -343.846
0.0062275544 -345.845
0.0062277544 -347.045
0.0062279544 -344.646
0.0062281544 -346.245
0.0062283544 -346.645
0.0062285544 -343.446
0.0062287544 -345.445
0.0062289544 -344.646
0.0062291544 -346.245
0.0062293544 -344.646
0.0062295544 -342.646
0.0062297544 -344.646
0.0062299544 -347.045
0.0062301544 -345.445
0.0062303544 -343.446
0.0062305544 -345.045
0.0062307544 -344.246
0.0062309544 -344.246
0.0062311544 -344.646
0.0062313544 -344.646
0.0062315544 -345.045
0.0062317544 -343.846
0.0062319544 -347.444
0.0062321544 -345.045
0.0062323544 -343.846
0.0062325544 -346.245
0.0062327544 -345.045
0.0062329544 -345.045
0.0062331544 -345.845
0.0062333544 -345.445
0.0062335544 -346.245
0.0062337544 -344.246
0.0062339544 -341.847
0.0062341544 -345.445
0.0062343544 -343.846
0.0062345544 -344.646
0.0062347544 -344.246
0.0062349544 -342.247
0.0062351544 -343.446
0.0062353544 -343.446
0.0062355544 -343.046
0.0062357544 -341.047
0.0062359544 -341.847
0.0062361544 -343.446
0.0062363544 -343.846
0.0062365544 -342.247
0.0062367544 -342.247
0.0062369544 -342.646
0.0062371544 -340.647
0.0062373544 -342.646
0.0062375544 -343.446
0.0062377544 -343.046
0.0062379544 -344.246
0.0062381544 -344.646
0.0062383544 -343.046
0.0062385544 -344.646
0.0062387544 -343.046
0.0062389544 -341.847
0.0062391544 -343.046
0.0062393544 -345.845
0.0062395544 -342.646
0.0062397544 -342.247
0.0062399544 -343.446
0.0062401544 -344.246
0.0062403544 -342.247
0.0062405544 -346.245
0.0062407544 -343.446
0.0062409544 -343.046
0.0062411544 -343.846
0.0062413544 -343.446
0.0062415544 -345.445
0.0062417544 -343.046
0.0062419544 -344.246
0.0062421544 -342.247
0.0062423544 -345.045
0.0062425544 -343.046
0.0062427544 -344.246
0.0062429544 -343.846
0.0062431544 -341.047
0.0062433544 -343.446
0.0062435544 -343.846
0.0062437544 -341.847
0.0062439544 -343.846
0.0062441544 -345.045
0.0062443544 -344.246
0.0062445544 -342.646
0.0062447544 -342.646
0.0062449544 -342.646
0.0062451544 -342.646
0.0062453544 -341.047
0.0062455544 -341.447
0.0062457544 -343.046
0.0062459544 -343.046
0.0062461544 -342.646
0.0062463544 -340.248
0.0062465544 -342.646
0.0062467544 -339.448
0.0062469544 -339.848
0.0062471544 -342.247
0.0062473544 -342.247
0.0062475544 -341.047
0.0062477544 -342.247
0.0062479544 -342.646
0.0062481544 -340.647
0.0062483544 -341.447
0.0062485544 -341.847
0.0062487544 -342.646
0.0062489544 -341.447
0.0062491544 -338.648
0.0062493544 -339.848
0.0062495544 -336.649
0.0062497544 -342.646
0.0062499544 -341.447
0.0062501544 -339.848
0.0062503544 -339.848
0.0062505544 -341.047
0.0062507544 -339.048
0.0062509544 -341.847
0.0062511544 -338.648
0.0062513544 -341.447
0.0062515544 -341.447
0.0062517544 -343.846
0.0062519544 -337.849
0.0062521544 -340.647
0.0062523544 -344.246
0.0062525544 -338.648
0.0062527544 -340.647
0.0062529544 -339.848
0.0062531544 -339.448
0.0062533544 -339.848
0.0062535544 -339.448
0.0062537544 -339.848
0.0062539544 -341.047
0.0062541544 -341.047
0.0062543544 -340.248
0.0062545544 -339.848
0.0062547544 -338.248
0.0062549544 -339.848
0.0062551544 -340.248
0.0062553544 -341.447
0.0062555544 -339.448
0.0062557544 -340.647
0.0062559544 -337.449
0.0062561544 -339.848
0.0062563544 -336.249
0.0062565544 -338.648
0.0062567544 -339.048
0.0062569544 -339.848
0.0062571544 -339.448
0.0062573544 -338.648
0.0062575544 -336.249
0.0062577544 -339.848
0.0062579544 -340.647
0.0062581544 -338.248
0.0062583544 -339.048
0.0062585544 -337.849
0.0062587544 -337.049
0.0062589544 -339.048
0.0062591544 -337.049
0.0062593544 -339.448
0.0062595544 -338.648
0.0062597544 -339.848
0.0062599544 -339.848
0.0062601544 -337.849
0.0062603544 -337.849
0.0062605544 -339.048
0.0062607544 -338.248
0.0062609544 -337.849
0.0062611544 -336.649
0.0062613544 -338.648
0.0062615544 -337.849
0.0062617544 -337.849
0.0062619544 -338.248
0.0062621544 -337.449
0.0062623544 -339.448
0.0062625544 -337.449
0.0062627544 -338.248
0.0062629544 -339.448
0.0062631544 -339.048
0.0062633544 -337.849
0.0062635544 -337.449
0.0062637544 -339.048
0.0062639544 -338.648
0.0062641544 -338.648
0.0062643544 -339.848
0.0062645544 -339.848
0.0062647544 -339.048
0.0062649544 -336.249
0.0062651544 -338.648
0.0062653544 -339.048
0.0062655544 -338.648
0.0062657544 -337.049
0.0062659544 -338.648
0.0062661544 -337.449
0.0062663544 -339.048
0.0062665544 -335.45
0.0062667544 -337.849
0.0062669544 -337.049
0.0062671544 -337.849
0.0062673544 -339.048
0.0062675544 -336.649
0.0062677544 -339.848
0.0062679544 -338.248
0.0062681544 -339.048
0.0062683544 -338.648
0.0062685544 -337.049
0.0062687544 -338.648
0.0062689544 -337.449
0.0062691544 -335.85
0.0062693544 -338.248
0.0062695544 -338.248
0.0062697544 -339.448
0.0062699544 -341.047
0.0062701544 -336.249
0.0062703544 -337.049
0.0062705544 -335.45
0.0062707544 -335.45
0.0062709544 -337.049
0.0062711544 -335.45
0.0062713544 -336.249
0.0062715544 -339.848
0.0062717544 -335.85
0.0062719544 -338.248
0.0062721544 -339.848
0.0062723544 -334.25
0.0062725544 -336.249
0.0062727544 -338.248
0.0062729544 -336.649
0.0062731544 -333.85
0.0062733544 -337.049
0.0062735544 -337.849
0.0062737544 -335.05
0.0062739544 -335.85
0.0062741544 -334.65
0.0062743544 -337.049
0.0062745544 -335.45
0.0062747544 -337.449
0.0062749544 -338.248
0.0062751544 -337.049
0.0062753544 -337.049
0.0062755544 -336.649
0.0062757544 -333.451
0.0062759544 -337.449
0.0062761544 -334.25
0.0062763544 -337.049
0.0062765544 -338.648
0.0062767544 -336.249
0.0062769544 -337.849
0.0062771544 -339.448
0.0062773544 -334.65
0.0062775544 -336.649
0.0062777544 -335.05
0.0062779544 -334.65
0.0062781544 -337.049
0.0062783544 -337.449
0.0062785544 -336.249
0.0062787544 -337.449
0.0062789544 -333.051
0.0062791544 -335.05
0.0062793544 -334.25
0.0062795544 -333.451
0.0062797544 -336.649
0.0062799544 -332.251
0.0062801544 -336.249
0.0062803544 -335.05
0.0062805544 -336.249
0.0062807544 -336.249
0.0062809544 -335.05
0.0062811544 -336.649
0.0062813544 -335.05
0.0062815544 -335.85
0.0062817544 -336.249
0.0062819544 -335.85
0.0062821544 -335.05
0.0062823544 -335.05
0.0062825544 -332.651
0.0062827544 -336.249
0.0062829544 -334.65
0.0062831544 -335.85
0.0062833544 -333.451
0.0062835544 -334.65
0.0062837544 -335.05
0.0062839544 -334.25
0.0062841544 -333.451
0.0062843544 -336.249
0.0062845544 -336.249
0.0062847544 -335.45
0.0062849544 -336.649
0.0062851544 -332.251
0.0062853544 -336.649
0.0062855544 -333.051
0.0062857544 -333.051
0.0062859544 -335.45
0.0062861544 -335.45
0.0062863544 -332.251
0.0062865544 -334.65
0.0062867544 -334.65
0.0062869544 -332.651
0.0062871544 -335.85
0.0062873544 -333.451
0.0062875544 -333.451
0.0062877544 -334.65
0.0062879544 -333.451
0.0062881544 -333.85
0.0062883544 -334.25
0.0062885544 -334.25
0.0062887544 -333.85
0.0062889544 -334.65
0.0062891544 -332.251
0.0062893544 -333.451
0.0062895544 -333.85
0.0062897544 -335.05
0.0062899544 -332.251
0.0062901544 -335.05
0.0062903544 -334.65
0.0062905544 -332.251
0.0062907544 -333.051
0.0062909544 -335.05
0.0062911544 -334.25
0.0062913544 -333.051
0.0062915544 -333.051
0.0062917544 -333.85
0.0062919544 -333.451
0.0062921544 -332.651
0.0062923544 -334.65
0.0062925544 -335.45
0.0062927544 -333.051
0.0062929544 -334.25
0.0062931544 -332.251
0.0062933544 -335.05
0.0062935544 -331.452
0.0062937544 -333.451
0.0062939544 -333.451
0.0062941544 -333.85
0.0062943544 -331.851
0.0062945544 -331.851
0.0062947544 -331.851
0.0062949544 -332.251
0.0062951544 -333.051
0.0062953544 -333.85
0.0062955544 -333.051
0.0062957544 -329.852
0.0062959544 -331.851
0.0062961544 -333.451
0.0062963544 -332.251
0.0062965544 -333.451
0.0062967544 -332.651
0.0062969544 -332.651
0.0062971544 -333.051
0.0062973544 -331.452
0.0062975544 -331.851
0.0062977544 -333.451
0.0062979544 -333.051
0.0062981544 -332.651
0.0062983544 -333.051
0.0062985544 -332.651
0.0062987544 -333.451
0.0062989544 -332.651
0.0062991544 -332.251
0.0062993544 -332.651
0.0062995544 -332.651
0.0062997544 -330.652
0.0062999544 -332.251
0.0063001544 -331.452
0.0063003544 -331.052
0.0063005544 -332.651
0.0063007544 -332.651
0.0063009544 -331.452
0.0063011544 -331.452
0.0063013544 -331.452
0.0063015544 -333.051
0.0063017544 -330.252
0.0063019544 -332.251
0.0063021544 -329.852
0.0063023544 -331.052
0.0063025544 -332.251
0.0063027544 -332.651
0.0063029544 -333.451
0.0063031544 -328.653
0.0063033544 -332.651
0.0063035544 -332.651
0.0063037544 -331.452
0.0063039544 -329.852
0.0063041544 -332.251
0.0063043544 -330.252
0.0063045544 -331.452
0.0063047544 -328.653
0.0063049544 -331.452
0.0063051544 -330.252
0.0063053544 -329.852
0.0063055544 -330.252
0.0063057544 -331.851
0.0063059544 -331.851
0.0063061544 -327.853
0.0063063544 -329.852
0.0063065544 -331.452
0.0063067544 -329.452
0.0063069544 -330.252
0.0063071544 -331.052
0.0063073544 -331.452
0.0063075544 -330.652
0.0063077544 -329.852
0.0063079544 -329.452
0.0063081544 -328.653
0.0063083544 -329.852
0.0063085544 -329.852
0.0063087544 -328.653
0.0063089544 -331.452
0.0063091544 -329.852
0.0063093544 -327.453
0.0063095544 -328.653
0.0063097544 -330.652
0.0063099544 -328.653
0.0063101544 -329.452
0.0063103544 -329.852
0.0063105544 -329.053
0.0063107544 -327.053
0.0063109544 -328.653
0.0063111544 -327.853
0.0063113544 -327.053
0.0063115544 -329.852
0.0063117544 -331.052
0.0063119544 -328.253
0.0063121544 -327.453
0.0063123544 -327.053
0.0063125544 -329.053
0.0063127544 -327.853
0.0063129544 -327.053
0.0063131544 -326.654
0.0063133544 -329.852
0.0063135544 -327.453
0.0063137544 -327.853
0.0063139544 -324.655
0.0063141544 -329.852
0.0063143544 -327.453
0.0063145544 -327.453
0.0063147544 -329.452
0.0063149544 -327.053
0.0063151544 -328.653
0.0063153544 -326.654
0.0063155544 -328.253
0.0063157544 -328.653
0.0063159544 -327.853
0.0063161544 -328.653
0.0063163544 -327.053
0.0063165544 -328.253
0.0063167544 -326.654
0.0063169544 -328.253
0.0063171544 -328.653
0.0063173544 -326.654
0.0063175544 -329.053
0.0063177544 -324.255
0.0063179544 -325.054
0.0063181544 -326.254
0.0063183544 -326.654
0.0063185544 -325.854
0.0063187544 -327.453
0.0063189544 -326.654
0.0063191544 -328.253
0.0063193544 -326.254
0.0063195544 -325.054
0.0063197544 -325.054
0.0063199544 -325.854
0.0063201544 -324.655
0.0063203544 -329.852
0.0063205544 -326.254
0.0063207544 -323.855
0.0063209544 -328.253
0.0063211544 -327.853
0.0063213544 -325.054
0.0063215544 -326.654
0.0063217544 -327.053
0.0063219544 -327.453
0.0063221544 -323.455
0.0063223544 -324.655
0.0063225544 -327.053
0.0063227544 -326.654
0.0063229544 -325.454
0.0063231544 -325.054
0.0063233544 -325.854
0.0063235544 -324.655
0.0063237544 -326.254
0.0063239544 -326.654
0.0063241544 -325.854
0.0063243544 -323.855
0.0063245544 -322.655
0.0063247544 -326.254
0.0063249544 -324.255
0.0063251544 -321.856
0.0063253544 -321.456
0.0063255544 -326.254
0.0063257544 -326.254
0.0063259544 -325.854
0.0063261544 -321.056
0.0063263544 -321.456
0.0063265544 -323.055
0.0063267544 -323.455
0.0063269544 -325.454
0.0063271544 -322.655
0.0063273544 -323.055
0.0063275544 -324.255
0.0063277544 -321.856
0.0063279544 -321.856
0.0063281544 -322.256
0.0063283544 -323.855
0.0063285544 -327.853
0.0063287544 -324.655
0.0063289544 -324.255
0.0063291544 -322.256
0.0063293544 -324.255
0.0063295544 -322.256
0.0063297544 -320.656
0.0063299544 -325.454
0.0063301544 -324.255
0.0063303544 -322.256
0.0063305544 -320.656
0.0063307544 -323.455
0.0063309544 -323.455
0.0063311544 -325.854
0.0063313544 -324.655
0.0063315544 -325.054
0.0063317544 -324.255
0.0063319544 -324.255
0.0063321544 -320.257
0.0063323544 -323.055
0.0063325544 -323.455
0.0063327544 -319.457
0.0063329544 -321.856
0.0063331544 -323.455
0.0063333544 -321.456
0.0063335544 -321.856
0.0063337544 -320.656
0.0063339544 -320.656
0.0063341544 -318.657
0.0063343544 -323.455
0.0063345544 -323.055
0.0063347544 -321.456
0.0063349544 -321.856
0.0063351544 -321.456
0.0063353544 -320.257
0.0063355544 -323.055
0.0063357544 -323.055
0.0063359544 -320.656
0.0063361544 -320.656
0.0063363544 -319.457
0.0063365544 -320.257
0.0063367544 -319.857
0.0063369544 -323.055
0.0063371544 -320.656
0.0063373544 -319.057
0.0063375544 -320.656
0.0063377544 -318.257
0.0063379544 -321.456
0.0063381544 -319.457
0.0063383544 -321.456
0.0063385544 -321.856
0.0063387544 -317.458
0.0063389544 -321.856
0.0063391544 -319.057
0.0063393544 -319.457
0.0063395544 -321.856
0.0063397544 -321.856
0.0063399544 -319.057
0.0063401544 -321.456
0.0063403544 -323.455
0.0063405544 -321.056
0.0063407544 -321.056
0.0063409544 -320.656
0.0063411544 -320.257
0.0063413544 -321.456
0.0063415544 -321.056
0.0063417544 -319.457
0.0063419544 -320.257
0.0063421544 -320.257
0.0063423544 -315.858
0.0063425544 -319.057
0.0063427544 -319.057
0.0063429544 -319.457
0.0063431544 -320.656
0.0063433544 -318.257
0.0063435544 -321.056
0.0063437544 -319.057
0.0063439544 -320.257
0.0063441544 -319.057
0.0063443544 -321.056
0.0063445544 -317.058
0.0063447544 -316.658
0.0063449544 -317.858
0.0063451544 -319.057
0.0063453544 -321.056
0.0063455544 -319.857
0.0063457544 -316.658
0.0063459544 -319.057
0.0063461544 -315.858
0.0063463544 -320.257
0.0063465544 -317.058
0.0063467544 -318.657
0.0063469544 -316.658
0.0063471544 -317.458
0.0063473544 -318.657
0.0063475544 -318.657
0.0063477544 -318.657
0.0063479544 -315.059
0.0063481544 -316.258
0.0063483544 -315.858
0.0063485544 -315.858
0.0063487544 -316.258
0.0063489544 -318.257
0.0063491544 -314.259
0.0063493544 -316.658
0.0063495544 -313.859
0.0063497544 -319.057
0.0063499544 -313.859
0.0063501544 -316.658
0.0063503544 -315.059
0.0063505544 -315.059
0.0063507544 -315.459
0.0063509544 -313.859
0.0063511544 -317.458
0.0063513544 -312.26
0.0063515544 -313.46
0.0063517544 -313.06
0.0063519544 -312.66
0.0063521544 -314.659
0.0063523544 -314.259
0.0063525544 -315.858
0.0063527544 -315.059
0.0063529544 -313.859
0.0063531544 -316.258
0.0063533544 -311.86
0.0063535544 -312.26
0.0063537544 -315.459
0.0063539544 -313.46
0.0063541544 -312.66
0.0063543544 -311.46
0.0063545544 -313.46
0.0063547544 -311.46
0.0063549544 -311.061
0.0063551544 -312.66
0.0063553544 -313.859
0.0063555544 -312.26
0.0063557544 -311.86
0.0063559544 -312.66
0.0063561544 -310.661
0.0063563544 -311.86
0.0063565544 -311.86
0.0063567544 -313.46
0.0063569544 -311.46
0.0063571544 -309.861
0.0063573544 -309.461
0.0063575544 -311.46
0.0063577544 -310.661
0.0063579544 -311.46
0.0063581544 -309.461
0.0063583544 -311.86
0.0063585544 -311.061
0.0063587544 -311.86
0.0063589544 -312.26
0.0063591544 -309.461
0.0063593544 -310.661
0.0063595544 -308.662
0.0063597544 -308.662
0.0063599544 -310.661
0.0063601544 -308.262
0.0063603544 -309.861
0.0063605544 -308.262
0.0063607544 -309.062
0.0063609544 -307.462
0.0063611544 -307.862
0.0063613544 -310.261
0.0063615544 -310.261
0.0063617544 -308.662
0.0063619544 -309.461
0.0063621544 -305.863
0.0063623544 -307.862
0.0063625544 -308.662
0.0063627544 -309.062
0.0063629544 -308.262
0.0063631544 -306.263
0.0063633544 -309.461
0.0063635544 -309.861
0.0063637544 -306.263
0.0063639544 -304.664
0.0063641544 -308.662
0.0063643544 -308.662
0.0063645544 -307.862
0.0063647544 -306.263
0.0063649544 -306.263
0.0063651544 -307.062
0.0063653544 -306.663
0.0063655544 -306.263
0.0063657544 -307.862
0.0063659544 -307.062
0.0063661544 -304.264
0.0063663544 -307.462
0.0063665544 -306.263
0.0063667544 -306.663
0.0063669544 -306.663
0.0063671544 -306.663
0.0063673544 -308.262
0.0063675544 -307.062
0.0063677544 -305.063
0.0063679544 -307.062
0.0063681544 -304.664
0.0063683544 -306.663
0.0063685544 -305.863
0.0063687544 -304.264
0.0063689544 -305.863
0.0063691544 -308.662
0.0063693544 -306.663
0.0063695544 -304.264
0.0063697544 -304.664
0.0063699544 -304.264
0.0063701544 -304.664
0.0063703544 -304.264
0.0063705544 -303.864
0.0063707544 -304.664
0.0063709544 -304.264
0.0063711544 -305.063
0.0063713544 -305.063
0.0063715544 -304.264
0.0063717544 -304.264
0.0063719544 -304.264
0.0063721544 -305.063
0.0063723544 -304.264
0.0063725544 -304.264
0.0063727544 -303.464
0.0063729544 -305.063
0.0063731544 -304.264
0.0063733544 -302.664
0.0063735544 -303.864
0.0063737544 -302.664
0.0063739544 -303.464
0.0063741544 -303.464
0.0063743544 -303.464
0.0063745544 -303.864
0.0063747544 -302.664
0.0063749544 -303.464
0.0063751544 -303.464
0.0063753544 -302.664
0.0063755544 -304.264
0.0063757544 -303.864
0.0063759544 -302.265
0.0063761544 -303.064
0.0063763544 -301.465
0.0063765544 -303.864
0.0063767544 -305.863
0.0063769544 -302.265
0.0063771544 -303.864
0.0063773544 -301.465
0.0063775544 -305.063
0.0063777544 -300.265
0.0063779544 -302.664
0.0063781544 -301.865
0.0063783544 -299.866
0.0063785544 -301.065
0.0063787544 -301.865
0.0063789544 -301.065
0.0063791544 -302.664
0.0063793544 -303.464
0.0063795544 -300.665
0.0063797544 -302.265
0.0063799544 -299.866
0.0063801544 -299.866
0.0063803544 -302.664
0.0063805544 -301.865
0.0063807544 -301.065
0.0063809544 -302.265
0.0063811544 -299.866
0.0063813544 -298.266
0.0063815544 -299.866
0.0063817544 -299.866
0.0063819544 -304.664
0.0063821544 -304.264
0.0063823544 -300.665
0.0063825544 -299.466
0.0063827544 -301.465
0.0063829544 -298.266
0.0063831544 -300.665
0.0063833544 -299.066
0.0063835544 -299.466
0.0063837544 -301.065
0.0063839544 -301.465
0.0063841544 -300.665
0.0063843544 -299.866
0.0063845544 -300.265
0.0063847544 -301.465
0.0063849544 -300.265
0.0063851544 -300.265
0.0063853544 -300.665
0.0063855544 -301.065
0.0063857544 -299.466
0.0063859544 -300.665
0.0063861544 -300.265
0.0063863544 -299.466
0.0063865544 -298.266
0.0063867544 -299.066
0.0063869544 -301.465
0.0063871544 -297.867
0.0063873544 -298.666
0.0063875544 -299.066
0.0063877544 -298.266
0.0063879544 -296.667
0.0063881544 -297.067
0.0063883544 -297.867
0.0063885544 -299.066
0.0063887544 -300.265
0.0063889544 -297.867
0.0063891544 -294.668
0.0063893544 -295.867
0.0063895544 -294.668
0.0063897544 -299.466
0.0063899544 -296.667
0.0063901544 -301.065
0.0063903544 -296.267
0.0063905544 -301.065
0.0063907544 -299.466
0.0063909544 -297.467
0.0063911544 -297.867
0.0063913544 -295.068
0.0063915544 -294.668
0.0063917544 -294.668
0.0063919544 -294.668
0.0063921544 -295.867
0.0063923544 -293.069
0.0063925544 -296.667
0.0063927544 -296.667
0.0063929544 -295.867
0.0063931544 -297.067
0.0063933544 -298.666
0.0063935544 -294.268
0.0063937544 -293.868
0.0063939544 -294.268
0.0063941544 -293.868
0.0063943544 -294.668
0.0063945544 -294.268
0.0063947544 -295.068
0.0063949544 -291.07
0.0063951544 -292.669
0.0063953544 -295.468
0.0063955544 -294.668
0.0063957544 -292.269
0.0063959544 -291.869
0.0063961544 -295.468
0.0063963544 -293.868
0.0063965544 -293.868
0.0063967544 -292.269
0.0063969544 -291.07
0.0063971544 -294.268
0.0063973544 -293.469
0.0063975544 -290.67
0.0063977544 -291.07
0.0063979544 -292.269
0.0063981544 -292.269
0.0063983544 -293.069
0.0063985544 -294.668
0.0063987544 -291.869
0.0063989544 -291.469
0.0063991544 -289.87
0.0063993544 -292.669
0.0063995544 -289.87
0.0063997544 -291.469
0.0063999544 -292.669
0.0064001544 -293.069
0.0064003544 -292.269
0.0064005544 -293.069
0.0064007544 -291.869
0.0064009544 -291.469
0.0064011544 -291.869
0.0064013544 -293.069
0.0064015544 -291.469
0.0064017544 -288.671
0.0064019544 -290.67
0.0064021544 -293.469
0.0064023544 -292.669
0.0064025544 -289.47
0.0064027544 -289.87
0.0064029544 -289.87
0.0064031544 -288.671
0.0064033544 -291.869
0.0064035544 -286.672
0.0064037544 -288.671
0.0064039544 -291.07
0.0064041544 -287.471
0.0064043544 -290.67
0.0064045544 -288.271
0.0064047544 -288.271
0.0064049544 -287.871
0.0064051544 -289.07
0.0064053544 -287.871
0.0064055544 -288.271
0.0064057544 -289.07
0.0064059544 -289.87
0.0064061544 -290.27
0.0064063544 -288.271
0.0064065544 -286.272
0.0064067544 -287.471
0.0064069544 -286.272
0.0064071544 -287.471
0.0064073544 -286.272
0.0064075544 -286.672
0.0064077544 -288.671
0.0064079544 -289.07
0.0064081544 -287.471
0.0064083544 -283.873
0.0064085544 -287.471
0.0064087544 -285.472
0.0064089544 -285.872
0.0064091544 -286.272
0.0064093544 -285.072
0.0064095544 -285.872
0.0064097544 -282.673
0.0064099544 -287.471
0.0064101544 -289.07
0.0064103544 -287.071
0.0064105544 -284.672
0.0064107544 -283.873
0.0064109544 -287.471
0.0064111544 -286.672
0.0064113544 -284.273
0.0064115544 -284.273
0.0064117544 -282.673
0.0064119544 -283.473
0.0064121544 -286.272
0.0064123544 -286.272
0.0064125544 -284.273
0.0064127544 -283.073
0.0064129544 -285.472
0.0064131544 -283.473
0.0064133544 -284.672
0.0064135544 -284.672
0.0064137544 -285.072
0.0064139544 -283.873
0.0064141544 -283.473
0.0064143544 -285.072
0.0064145544 -281.074
0.0064147544 -283.073
0.0064149544 -282.673
0.0064151544 -283.873
0.0064153544 -283.473
0.0064155544 -282.673
0.0064157544 -283.473
0.0064159544 -281.074
0.0064161544 -285.072
0.0064163544 -280.274
0.0064165544 -281.074
0.0064167544 -281.074
0.0064169544 -281.874
0.0064171544 -281.074
0.0064173544 -283.873
0.0064175544 -279.475
0.0064177544 -285.472
0.0064179544 -282.673
0.0064181544 -281.874
0.0064183544 -282.673
0.0064185544 -280.274
0.0064187544 -281.874
0.0064189544 -280.274
0.0064191544 -279.875
0.0064193544 -280.674
0.0064195544 -279.875
0.0064197544 -283.873
0.0064199544 -281.874
0.0064201544 -281.074
0.0064203544 -284.273
0.0064205544 -283.073
0.0064207544 -280.274
0.0064209544 -280.674
0.0064211544 -281.074
0.0064213544 -282.673
0.0064215544 -280.274
0.0064217544 -278.675
0.0064219544 -279.475
0.0064221544 -278.275
0.0064223544 -279.875
0.0064225544 -279.875
0.0064227544 -280.674
0.0064229544 -280.274
0.0064231544 -280.674
0.0064233544 -280.674
0.0064235544 -279.075
0.0064237544 -280.274
0.0064239544 -277.076
0.0064241544 -276.276
0.0064243544 -281.874
0.0064245544 -276.676
0.0064247544 -281.074
0.0064249544 -279.075
0.0064251544 -278.275
0.0064253544 -277.476
0.0064255544 -282.274
0.0064257544 -280.674
0.0064259544 -279.475
0.0064261544 -278.675
0.0064263544 -276.676
0.0064265544 -275.477
0.0064267544 -278.275
0.0064269544 -276.276
0.0064271544 -279.075
0.0064273544 -278.275
0.0064275544 -277.476
0.0064277544 -278.675
0.0064279544 -276.276
0.0064281544 -277.876
0.0064283544 -278.275
0.0064285544 -278.275
0.0064287544 -277.476
0.0064289544 -275.876
0.0064291544 -274.677
0.0064293544 -275.077
0.0064295544 -275.876
0.0064297544 -277.476
0.0064299544 -277.476
0.0064301544 -277.476
0.0064303544 -277.076
0.0064305544 -276.676
0.0064307544 -276.676
0.0064309544 -274.277
0.0064311544 -272.678
0.0064313544 -274.277
0.0064315544 -275.477
0.0064317544 -273.078
0.0064319544 -276.676
0.0064321544 -273.877
0.0064323544 -275.477
0.0064325544 -275.876
0.0064327544 -270.679
0.0064329544 -275.077
0.0064331544 -275.876
0.0064333544 -275.477
0.0064335544 -273.877
0.0064337544 -275.077
0.0064339544 -276.276
0.0064341544 -275.077
0.0064343544 -272.678
0.0064345544 -273.877
0.0064347544 -274.677
0.0064349544 -274.677
0.0064351544 -272.278
0.0064353544 -274.277
0.0064355544 -272.678
0.0064357544 -273.477
0.0064359544 -271.478
0.0064361544 -271.079
0.0064363544 -275.077
0.0064365544 -272.278
0.0064367544 -275.077
0.0064369544 -273.078
0.0064371544 -274.277
0.0064373544 -274.677
0.0064375544 -276.276
0.0064377544 -273.477
0.0064379544 -272.678
0.0064381544 -273.078
0.0064383544 -274.277
0.0064385544 -273.477
0.0064387544 -271.878
0.0064389544 -273.877
0.0064391544 -273.877
0.0064393544 -272.278
0.0064395544 -273.078
0.0064397544 -272.278
0.0064399544 -271.079
0.0064401544 -271.478
0.0064403544 -271.079
0.0064405544 -273.877
0.0064407544 -274.277
0.0064409544 -271.878
0.0064411544 -274.277
0.0064413544 -272.278
0.0064415544 -271.878
0.0064417544 -272.678
0.0064419544 -271.478
0.0064421544 -271.079
0.0064423544 -271.079
0.0064425544 -273.877
0.0064427544 -272.278
0.0064429544 -271.079
0.0064431544 -269.479
0.0064433544 -272.278
0.0064435544 -271.079
0.0064437544 -271.878
0.0064439544 -271.878
0.0064441544 -273.078
0.0064443544 -271.478
0.0064445544 -271.079
0.0064447544 -271.878
0.0064449544 -271.478
0.0064451544 -269.079
0.0064453544 -272.678
0.0064455544 -272.278
0.0064457544 -271.878
0.0064459544 -269.479
0.0064461544 -271.878
0.0064463544 -270.279
0.0064465544 -273.477
0.0064467544 -271.878
0.0064469544 -269.879
0.0064471544 -271.079
0.0064473544 -271.478
0.0064475544 -271.878
0.0064477544 -271.878
0.0064479544 -267.88
0.0064481544 -271.478
0.0064483544 -272.278
0.0064485544 -270.279
0.0064487544 -272.678
0.0064489544 -270.279
0.0064491544 -268.28
0.0064493544 -270.279
0.0064495544 -268.68
0.0064497544 -269.479
0.0064499544 -271.878
0.0064501544 -269.079
0.0064503544 -271.478
0.0064505544 -266.681
0.0064507544 -272.278
0.0064509544 -269.479
0.0064511544 -271.079
0.0064513544 -267.08
0.0064515544 -268.68
0.0064517544 -269.879
0.0064519544 -271.878
0.0064521544 -267.88
0.0064523544 -269.079
0.0064525544 -267.48
0.0064527544 -269.079
0.0064529544 -269.079
0.0064531544 -267.48
0.0064533544 -267.88
0.0064535544 -269.079
0.0064537544 -268.28
0.0064539544 -267.08
0.0064541544 -269.079
0.0064543544 -266.681
0.0064545544 -265.081
0.0064547544 -267.08
0.0064549544 -263.482
0.0064551544 -266.281
0.0064553544 -268.68
0.0064555544 -266.281
0.0064557544 -266.681
0.0064559544 -265.481
0.0064561544 -264.282
0.0064563544 -268.28
0.0064565544 -266.281
0.0064567544 -263.082
0.0064569544 -267.48
0.0064571544 -266.281
0.0064573544 -266.281
0.0064575544 -267.48
0.0064577544 -265.481
0.0064579544 -266.681
0.0064581544 -265.481
0.0064583544 -265.481
0.0064585544 -269.079
0.0064587544 -264.681
0.0064589544 -267.48
0.0064591544 -266.281
0.0064593544 -265.081
0.0064595544 -265.481
0.0064597544 -266.681
0.0064599544 -264.681
0.0064601544 -266.681
0.0064603544 -266.281
0.0064605544 -263.482
0.0064607544 -263.082
0.0064609544 -264.681
0.0064611544 -265.081
0.0064613544 -265.481
0.0064615544 -263.882
0.0064617544 -265.481
0.0064619544 -264.282
0.0064621544 -266.281
0.0064623544 -261.883
0.0064625544 -264.282
0.0064627544 -261.483
0.0064629544 -264.282
0.0064631544 -264.681
0.0064633544 -265.881
0.0064635544 -263.482
0.0064637544 -264.681
0.0064639544 -267.08
0.0064641544 -263.482
0.0064643544 -261.883
0.0064645544 -263.082
0.0064647544 -265.481
0.0064649544 -262.282
0.0064651544 -263.082
0.0064653544 -263.082
0.0064655544 -260.683
0.0064657544 -263.082
0.0064659544 -263.482
0.0064661544 -261.483
0.0064663544 -263.082
0.0064665544 -262.282
0.0064667544 -262.282
0.0064669544 -262.282
0.0064671544 -261.883
0.0064673544 -262.682
0.0064675544 -262.682
0.0064677544 -261.083
0.0064679544 -262.682
0.0064681544 -261.483
0.0064683544 -263.882
0.0064685544 -260.683
0.0064687544 -263.482
0.0064689544 -261.483
0.0064691544 -260.283
0.0064693544 -261.483
0.0064695544 -260.283
0.0064697544 -262.282
0.0064699544 -259.884
0.0064701544 -261.483
0.0064703544 -261.883
0.0064705544 -260.283
0.0064707544 -261.883
0.0064709544 -261.483
0.0064711544 -260.283
0.0064713544 -259.884
0.0064715544 -261.083
0.0064717544 -261.483
0.0064719544 -259.884
0.0064721544 -260.683
0.0064723544 -261.883
0.0064725544 -259.084
0.0064727544 -259.884
0.0064729544 -261.083
0.0064731544 -260.283
0.0064733544 -261.883
0.0064735544 -260.283
0.0064737544 -261.483
0.0064739544 -262.282
0.0064741544 -259.884
0.0064743544 -259.084
0.0064745544 -259.484
0.0064747544 -258.284
0.0064749544 -258.684
0.0064751544 -259.884
0.0064753544 -259.884
0.0064755544 -259.484
0.0064757544 -257.085
0.0064759544 -260.683
0.0064761544 -260.283
0.0064763544 -263.082
0.0064765544 -258.684
0.0064767544 -257.884
0.0064769544 -260.283
0.0064771544 -258.284
0.0064773544 -259.884
0.0064775544 -257.485
0.0064777544 -258.284
0.0064779544 -257.485
0.0064781544 -261.083
0.0064783544 -258.684
0.0064785544 -260.283
0.0064787544 -259.084
0.0064789544 -258.284
0.0064791544 -257.884
0.0064793544 -259.484
0.0064795544 -256.685
0.0064797544 -255.885
0.0064799544 -256.285
0.0064801544 -258.684
0.0064803544 -255.086
0.0064805544 -259.084
0.0064807544 -258.684
0.0064809544 -257.884
0.0064811544 -257.485
0.0064813544 -257.085
0.0064815544 -256.285
0.0064817544 -257.485
0.0064819544 -257.884
0.0064821544 -258.284
0.0064823544 -256.685
0.0064825544 -256.685
0.0064827544 -256.285
0.0064829544 -257.085
0.0064831544 -256.685
0.0064833544 -256.685
0.0064835544 -257.085
0.0064837544 -257.085
0.0064839544 -253.486
0.0064841544 -256.285
0.0064843544 -257.085
0.0064845544 -256.285
0.0064847544 -254.686
0.0064849544 -255.885
0.0064851544 -257.085
0.0064853544 -255.086
0.0064855544 -257.884
0.0064857544 -255.885
0.0064859544 -255.086
0.0064861544 -254.686
0.0064863544 -257.884
0.0064865544 -256.685
0.0064867544 -259.084
0.0064869544 -254.286
0.0064871544 -255.486
0.0064873544 -254.686
0.0064875544 -255.086
0.0064877544 -255.486
0.0064879544 -255.486
0.0064881544 -254.686
0.0064883544 -255.086
0.0064885544 -255.486
0.0064887544 -253.486
0.0064889544 -256.285
0.0064891544 -254.286
0.0064893544 -251.487
0.0064895544 -255.885
0.0064897544 -257.085
0.0064899544 -255.486
0.0064901544 -255.486
0.0064903544 -253.486
0.0064905544 -254.286
0.0064907544 -252.287
0.0064909544 -256.285
0.0064911544 -254.686
0.0064913544 -254.686
0.0064915544 -254.686
0.0064917544 -253.886
0.0064919544 -253.886
0.0064921544 -254.286
0.0064923544 -255.885
0.0064925544 -254.286
0.0064927544 -255.486
0.0064929544 -255.086
0.0064931544 -255.885
0.0064933544 -252.287
0.0064935544 -255.086
0.0064937544 -253.886
0.0064939544 -255.486
0.0064941544 -255.486
0.0064943544 -252.687
0.0064945544 -251.887
0.0064947544 -253.486
0.0064949544 -253.886
0.0064951544 -253.486
0.0064953544 -254.686
0.0064955544 -253.087
0.0064957544 -253.486
0.0064959544 -251.088
0.0064961544 -253.486
0.0064963544 -251.887
0.0064965544 -251.088
0.0064967544 -253.087
0.0064969544 -255.486
0.0064971544 -255.086
0.0064973544 -251.487
0.0064975544 -252.287
0.0064977544 -251.487
0.0064979544 -252.687
0.0064981544 -250.288
0.0064983544 -253.087
0.0064985544 -251.088
0.0064987544 -253.486
0.0064989544 -254.686
0.0064991544 -251.487
0.0064993544 -252.287
0.0064995544 -253.886
0.0064997544 -253.087
0.0064999544 -254.686
0.0065001544 -252.287
0.0065003544 -251.887
0.0065005544 -251.487
0.0065007544 -251.487
0.0065009544 -250.288
0.0065011544 -251.088
0.0065013544 -252.287
0.0065015544 -249.088
0.0065017544 -250.688
0.0065019544 -252.687
0.0065021544 -248.689
0.0065023544 -251.088
0.0065025544 -251.487
0.0065027544 -251.487
0.0065029544 -250.688
0.0065031544 -251.487
0.0065033544 -247.489
0.0065035544 -249.488
0.0065037544 -252.287
0.0065039544 -252.287
0.0065041544 -249.488
0.0065043544 -248.289
0.0065045544 -249.888
0.0065047544 -250.688
0.0065049544 -250.288
0.0065051544 -247.889
0.0065053544 -249.488
0.0065055544 -250.688
0.0065057544 -247.889
0.0065059544 -250.688
0.0065061544 -250.288
0.0065063544 -247.489
0.0065065544 -250.688
0.0065067544 -249.488
0.0065069544 -253.486
0.0065071544 -249.088
0.0065073544 -248.689
0.0065075544 -246.29
0.0065077544 -248.689
0.0065079544 -246.689
0.0065081544 -250.688
0.0065083544 -251.887
0.0065085544 -249.088
0.0065087544 -249.088
0.0065089544 -249.088
0.0065091544 -249.088
0.0065093544 -249.088
0.0065095544 -245.89
0.0065097544 -249.088
0.0065099544 -245.09
0.0065101544 -247.089
0.0065103544 -249.488
0.0065105544 -248.689
0.0065107544 -252.287
0.0065109544 -247.889
0.0065111544 -247.889
0.0065113544 -246.689
0.0065115544 -247.889
0.0065117544 -248.289
0.0065119544 -248.689
0.0065121544 -245.89
0.0065123544 -249.488
0.0065125544 -245.49
0.0065127544 -247.489
0.0065129544 -245.09
0.0065131544 -245.09
0.0065133544 -245.89
0.0065135544 -244.291
0.0065137544 -245.09
0.0065139544 -247.089
0.0065141544 -246.689
0.0065143544 -248.689
0.0065145544 -248.689
0.0065147544 -248.289
0.0065149544 -245.89
0.0065151544 -245.89
0.0065153544 -244.291
0.0065155544 -245.49
0.0065157544 -245.09
0.0065159544 -247.489
0.0065161544 -249.088
0.0065163544 -247.489
0.0065165544 -248.689
0.0065167544 -249.088
0.0065169544 -244.69
0.0065171544 -247.089
0.0065173544 -248.289
0.0065175544 -244.291
0.0065177544 -245.49
0.0065179544 -246.29
0.0065181544 -244.69
0.0065183544 -245.49
0.0065185544 -245.89
0.0065187544 -246.29
0.0065189544 -245.49
0.0065191544 -245.49
0.0065193544 -245.49
0.0065195544 -246.29
0.0065197544 -243.491
0.0065199544 -241.892
0.0065201544 -244.69
0.0065203544 -244.291
0.0065205544 -245.49
0.0065207544 -244.69
0.0065209544 -246.689
0.0065211544 -245.09
0.0065213544 -244.291
0.0065215544 -245.49
0.0065217544 -243.491
0.0065219544 -244.291
0.0065221544 -245.09
0.0065223544 -245.49
0.0065225544 -244.291
0.0065227544 -248.689
0.0065229544 -244.69
0.0065231544 -244.291
0.0065233544 -247.489
0.0065235544 -246.689
0.0065237544 -245.09
0.0065239544 -245.89
0.0065241544 -244.291
0.0065243544 -247.889
0.0065245544 -245.89
0.0065247544 -243.491
0.0065249544 -243.091
0.0065251544 -245.89
0.0065253544 -246.29
0.0065255544 -245.89
0.0065257544 -246.29
0.0065259544 -242.291
0.0065261544 -244.69
0.0065263544 -245.09
0.0065265544 -239.493
0.0065267544 -243.491
0.0065269544 -246.689
0.0065271544 -246.29
0.0065273544 -244.291
0.0065275544 -243.491
0.0065277544 -244.69
0.0065279544 -241.892
0.0065281544 -243.491
0.0065283544 -243.491
0.0065285544 -243.091
0.0065287544 -243.491
0.0065289544 -242.691
0.0065291544 -243.491
0.0065293544 -245.49
0.0065295544 -243.491
0.0065297544 -242.691
0.0065299544 -247.489
0.0065301544 -243.891
0.0065303544 -242.291
0.0065305544 -242.691
0.0065307544 -241.492
0.0065309544 -244.291
0.0065311544 -241.892
0.0065313544 -242.691
0.0065315544 -241.492
0.0065317544 -241.092
0.0065319544 -242.691
0.0065321544 -241.092
0.0065323544 -240.692
0.0065325544 -242.291
0.0065327544 -242.291
0.0065329544 -241.092
0.0065331544 -241.092
0.0065333544 -243.491
0.0065335544 -241.492
0.0065337544 -240.692
0.0065339544 -240.292
0.0065341544 -241.492
0.0065343544 -241.892
0.0065345544 -242.691
0.0065347544 -243.891
0.0065349544 -242.291
0.0065351544 -240.692
0.0065353544 -241.092
0.0065355544 -242.691
0.0065357544 -242.291
0.0065359544 -243.491
0.0065361544 -239.893
0.0065363544 -240.292
0.0065365544 -240.692
0.0065367544 -241.492
0.0065369544 -239.893
0.0065371544 -240.692
0.0065373544 -240.292
0.0065375544 -241.092
0.0065377544 -241.492
0.0065379544 -241.492
0.0065381544 -241.092
0.0065383544 -239.493
0.0065385544 -240.692
0.0065387544 -240.292
0.0065389544 -238.293
0.0065391544 -243.091
0.0065393544 -239.493
0.0065395544 -237.893
0.0065397544 -238.693
0.0065399544 -238.693
0.0065401544 -243.091
0.0065403544 -241.092
0.0065405544 -240.692
0.0065407544 -239.093
0.0065409544 -241.492
0.0065411544 -241.492
0.0065413544 -240.692
0.0065415544 -237.893
0.0065417544 -240.292
0.0065419544 -241.092
0.0065421544 -240.292
0.0065423544 -241.892
0.0065425544 -241.092
0.0065427544 -237.893
0.0065429544 -238.693
0.0065431544 -241.092
0.0065433544 -239.893
0.0065435544 -239.893
0.0065437544 -238.293
0.0065439544 -241.892
0.0065441544 -238.693
0.0065443544 -239.493
0.0065445544 -238.693
0.0065447544 -237.494
0.0065449544 -239.093
0.0065451544 -240.292
0.0065453544 -238.293
0.0065455544 -239.893
0.0065457544 -241.092
0.0065459544 -239.093
0.0065461544 -237.893
0.0065463544 -239.093
0.0065465544 -239.093
0.0065467544 -240.692
0.0065469544 -239.493
0.0065471544 -238.293
0.0065473544 -239.893
0.0065475544 -237.494
0.0065477544 -237.893
0.0065479544 -242.691
0.0065481544 -235.894
0.0065483544 -237.494
0.0065485544 -238.693
0.0065487544 -238.693
0.0065489544 -238.293
0.0065491544 -237.893
0.0065493544 -237.494
0.0065495544 -238.693
0.0065497544 -238.293
0.0065499544 -237.094
0.0065501544 -238.693
0.0065503544 -235.494
0.0065505544 -236.694
0.0065507544 -235.894
0.0065509544 -236.694
0.0065511544 -237.893
0.0065513544 -236.694
0.0065515544 -237.494
0.0065517544 -237.893
0.0065519544 -235.894
0.0065521544 -236.294
0.0065523544 -237.893
0.0065525544 -236.294
0.0065527544 -237.893
0.0065529544 -235.095
0.0065531544 -237.094
0.0065533544 -239.893
0.0065535544 -238.693
0.0065537544 -237.094
0.0065539544 -237.494
0.0065541544 -237.094
0.0065543544 -235.894
0.0065545544 -236.694
0.0065547544 -239.093
0.0065549544 -235.894
0.0065551544 -233.895
0.0065553544 -234.695
0.0065555544 -237.494
0.0065557544 -236.294
0.0065559544 -235.894
0.0065561544 -235.095
0.0065563544 -234.695
0.0065565544 -235.894
0.0065567544 -235.494
0.0065569544 -233.895
0.0065571544 -235.494
0.0065573544 -233.495
0.0065575544 -237.094
0.0065577544 -233.895
0.0065579544 -233.895
0.0065581544 -237.094
0.0065583544 -235.095
0.0065585544 -235.095
0.0065587544 -235.494
0.0065589544 -233.096
0.0065591544 -234.695
0.0065593544 -233.895
0.0065595544 -235.894
0.0065597544 -234.295
0.0065599544 -233.495
0.0065601544 -232.696
0.0065603544 -234.295
0.0065605544 -233.495
0.0065607544 -235.095
0.0065609544 -234.295
0.0065611544 -234.695
0.0065613544 -233.895
0.0065615544 -234.295
0.0065617544 -232.296
0.0065619544 -233.096
0.0065621544 -233.096
0.0065623544 -235.894
0.0065625544 -235.095
0.0065627544 -231.496
0.0065629544 -235.095
0.0065631544 -232.696
0.0065633544 -235.095
0.0065635544 -235.095
0.0065637544 -236.694
0.0065639544 -231.496
0.0065641544 -233.096
0.0065643544 -232.696
0.0065645544 -233.895
0.0065647544 -233.495
0.0065649544 -233.096
0.0065651544 -233.895
0.0065653544 -234.295
0.0065655544 -234.695
0.0065657544 -232.296
0.0065659544 -233.096
0.0065661544 -232.296
0.0065663544 -231.896
0.0065665544 -233.096
0.0065667544 -231.896
0.0065669544 -232.696
0.0065671544 -232.696
0.0065673544 -232.296
0.0065675544 -232.696
0.0065677544 -233.495
0.0065679544 -233.495
0.0065681544 -234.695
0.0065683544 -232.696
0.0065685544 -231.896
0.0065687544 -231.896
0.0065689544 -233.495
0.0065691544 -232.696
0.0065693544 -233.895
0.0065695544 -231.896
0.0065697544 -234.295
0.0065699544 -231.496
0.0065701544 -231.896
0.0065703544 -231.896
0.0065705544 -231.896
0.0065707544 -233.096
0.0065709544 -229.497
0.0065711544 -232.296
0.0065713544 -233.895
0.0065715544 -232.696
0.0065717544 -233.895
0.0065719544 -232.296
0.0065721544 -233.096
0.0065723544 -232.296
0.0065725544 -235.494
0.0065727544 -229.897
0.0065729544 -235.894
0.0065731544 -231.896
0.0065733544 -232.296
0.0065735544 -233.096
0.0065737544 -229.897
0.0065739544 -232.296
0.0065741544 -232.696
0.0065743544 -229.497
0.0065745544 -234.295
0.0065747544 -231.496
0.0065749544 -230.697
0.0065751544 -229.897
0.0065753544 -230.297
0.0065755544 -231.896
0.0065757544 -231.896
0.0065759544 -230.297
0.0065761544 -233.495
0.0065763544 -229.097
0.0065765544 -230.697
0.0065767544 -229.897
0.0065769544 -229.097
0.0065771544 -230.297
0.0065773544 -229.497
0.0065775544 -231.096
0.0065777544 -228.298
0.0065779544 -230.297
0.0065781544 -232.696
0.0065783544 -227.098
0.0065785544 -229.897
0.0065787544 -229.497
0.0065789544 -229.097
0.0065791544 -229.097
0.0065793544 -231.896
0.0065795544 -230.297
0.0065797544 -229.097
0.0065799544 -228.698
0.0065801544 -228.698
0.0065803544 -231.096
0.0065805544 -231.896
0.0065807544 -231.496
0.0065809544 -228.698
0.0065811544 -228.698
0.0065813544 -229.097
0.0065815544 -229.897
0.0065817544 -229.097
0.0065819544 -230.297
0.0065821544 -230.297
0.0065823544 -230.697
0.0065825544 -231.896
0.0065827544 -229.497
0.0065829544 -229.497
0.0065831544 -229.897
0.0065833544 -229.497
0.0065835544 -229.897
0.0065837544 -230.297
0.0065839544 -230.697
0.0065841544 -231.496
0.0065843544 -229.897
0.0065845544 -230.297
0.0065847544 -228.698
0.0065849544 -227.498
0.0065851544 -229.497
0.0065853544 -228.298
0.0065855544 -229.097
0.0065857544 -227.898
0.0065859544 -229.497
0.0065861544 -232.296
0.0065863544 -227.898
0.0065865544 -229.497
0.0065867544 -228.698
0.0065869544 -227.498
0.0065871544 -227.898
0.0065873544 -230.697
0.0065875544 -229.897
0.0065877544 -228.298
0.0065879544 -229.497
0.0065881544 -227.498
0.0065883544 -228.698
0.0065885544 -228.298
0.0065887544 -227.898
0.0065889544 -227.498
0.0065891544 -227.498
0.0065893544 -229.097
0.0065895544 -228.298
0.0065897544 -227.898
0.0065899544 -229.097
0.0065901544 -228.298
0.0065903544 -228.698
0.0065905544 -227.098
0.0065907544 -229.097
0.0065909544 -228.698
0.0065911544 -228.698
0.0065913544 -229.497
0.0065915544 -230.697
0.0065917544 -227.898
0.0065919544 -226.299
0.0065921544 -227.498
0.0065923544 -226.299
0.0065925544 -228.298
0.0065927544 -228.298
0.0065929544 -226.299
0.0065931544 -227.498
0.0065933544 -229.497
0.0065935544 -228.298
0.0065937544 -228.298
0.0065939544 -225.899
0.0065941544 -229.097
0.0065943544 -227.498
0.0065945544 -229.097
0.0065947544 -228.298
0.0065949544 -229.097
0.0065951544 -226.299
0.0065953544 -228.298
0.0065955544 -224.699
0.0065957544 -227.898
0.0065959544 -225.499
0.0065961544 -227.498
0.0065963544 -227.098
0.0065965544 -227.898
0.0065967544 -227.498
0.0065969544 -228.698
0.0065971544 -227.498
0.0065973544 -226.299
0.0065975544 -228.298
0.0065977544 -225.099
0.0065979544 -227.498
0.0065981544 -225.899
0.0065983544 -226.698
0.0065985544 -228.298
0.0065987544 -227.898
0.0065989544 -224.699
0.0065991544 -228.298
0.0065993544 -223.9
0.0065995544 -226.698
0.0065997544 -224.699
0.0065999544 -227.498
0.0066001544 -228.698
0.0066003544 -226.698
0.0066005544 -226.299
0.0066007544 -227.098
0.0066009544 -227.498
0.0066011544 -225.899
0.0066013544 -227.098
0.0066015544 -227.498
0.0066017544 -226.299
0.0066019544 -227.098
0.0066021544 -224.699
0.0066023544 -224.699
0.0066025544 -227.098
0.0066027544 -227.898
0.0066029544 -226.299
0.0066031544 -227.498
0.0066033544 -225.899
0.0066035544 -226.299
0.0066037544 -223.9
0.0066039544 -223.9
0.0066041544 -224.699
0.0066043544 -223.5
0.0066045544 -225.899
0.0066047544 -225.099
0.0066049544 -224.699
0.0066051544 -224.3
0.0066053544 -227.098
0.0066055544 -223.9
0.0066057544 -226.698
0.0066059544 -226.299
0.0066061544 -225.099
0.0066063544 -221.901
0.0066065544 -222.3
0.0066067544 -223.1
0.0066069544 -226.299
0.0066071544 -225.899
0.0066073544 -226.698
0.0066075544 -224.699
0.0066077544 -224.699
0.0066079544 -223.1
0.0066081544 -227.098
0.0066083544 -224.699
0.0066085544 -224.699
0.0066087544 -225.899
0.0066089544 -223.9
0.0066091544 -223.1
0.0066093544 -224.699
0.0066095544 -225.899
0.0066097544 -224.3
0.0066099544 -223.5
0.0066101544 -224.3
0.0066103544 -224.699
0.0066105544 -225.099
0.0066107544 -225.899
0.0066109544 -221.901
0.0066111544 -221.501
0.0066113544 -223.9
0.0066115544 -223.1
0.0066117544 -221.901
0.0066119544 -226.299
0.0066121544 -223.5
0.0066123544 -222.7
0.0066125544 -221.501
0.0066127544 -222.3
0.0066129544 -224.699
0.0066131544 -224.3
0.0066133544 -223.9
0.0066135544 -222.3
0.0066137544 -222.3
0.0066139544 -223.5
0.0066141544 -223.1
0.0066143544 -221.101
0.0066145544 -223.5
0.0066147544 -223.1
0.0066149544 -223.1
0.0066151544 -225.099
0.0066153544 -223.5
0.0066155544 -223.1
0.0066157544 -219.901
0.0066159544 -220.301
0.0066161544 -224.3
0.0066163544 -222.7
0.0066165544 -222.3
0.0066167544 -226.299
0.0066169544 -222.7
0.0066171544 -225.099
0.0066173544 -222.7
0.0066175544 -221.501
0.0066177544 -220.301
0.0066179544 -223.1
0.0066181544 -221.501
0.0066183544 -218.302
0.0066185544 -222.7
0.0066187544 -220.301
0.0066189544 -218.702
0.0066191544 -223.1
0.0066193544 -219.901
0.0066195544 -224.3
0.0066197544 -224.3
0.0066199544 -221.101
0.0066201544 -222.7
0.0066203544 -220.701
0.0066205544 -220.701
0.0066207544 -220.301
0.0066209544 -221.101
0.0066211544 -223.1
0.0066213544 -222.7
0.0066215544 -219.901
0.0066217544 -222.7
0.0066219544 -221.501
0.0066221544 -220.301
0.0066223544 -219.502
0.0066225544 -217.902
0.0066227544 -217.902
0.0066229544 -220.301
0.0066231544 -217.902
0.0066233544 -218.302
0.0066235544 -218.702
0.0066237544 -221.501
0.0066239544 -219.102
0.0066241544 -219.102
0.0066243544 -221.901
0.0066245544 -223.5
0.0066247544 -221.101
0.0066249544 -221.501
0.0066251544 -221.101
0.0066253544 -217.103
0.0066255544 -218.302
0.0066257544 -219.502
0.0066259544 -221.501
0.0066261544 -218.302
0.0066263544 -219.901
0.0066265544 -219.502
0.0066267544 -219.102
0.0066269544 -218.702
0.0066271544 -217.103
0.0066273544 -220.701
0.0066275544 -217.902
0.0066277544 -219.102
0.0066279544 -217.103
0.0066281544 -218.302
0.0066283544 -219.102
0.0066285544 -219.102
0.0066287544 -215.503
0.0066289544 -218.302
0.0066291544 -219.502
0.0066293544 -218.302
0.0066295544 -220.701
0.0066297544 -218.702
0.0066299544 -217.902
0.0066301544 -219.102
0.0066303544 -219.102
0.0066305544 -220.301
0.0066307544 -215.503
0.0066309544 -219.502
0.0066311544 -218.702
0.0066313544 -214.704
0.0066315544 -217.902
0.0066317544 -218.302
0.0066319544 -216.703
0.0066321544 -215.503
0.0066323544 -217.103
0.0066325544 -216.703
0.0066327544 -217.103
0.0066329544 -216.703
0.0066331544 -218.302
0.0066333544 -219.901
0.0066335544 -215.104
0.0066337544 -215.503
0.0066339544 -217.902
0.0066341544 -216.303
0.0066343544 -214.704
0.0066345544 -217.503
0.0066347544 -216.303
0.0066349544 -218.302
0.0066351544 -215.104
0.0066353544 -215.104
0.0066355544 -214.704
0.0066357544 -217.503
0.0066359544 -215.903
0.0066361544 -215.503
0.0066363544 -215.903
0.0066365544 -217.503
0.0066367544 -214.704
0.0066369544 -215.503
0.0066371544 -217.902
0.0066373544 -216.303
0.0066375544 -216.303
0.0066377544 -216.303
0.0066379544 -213.504
0.0066381544 -214.304
0.0066383544 -216.303
0.0066385544 -217.503
0.0066387544 -217.503
0.0066389544 -214.704
0.0066391544 -215.903
0.0066393544 -217.103
0.0066395544 -213.504
0.0066397544 -216.303
0.0066399544 -215.903
0.0066401544 -216.703
0.0066403544 -215.104
0.0066405544 -213.904
0.0066407544 -217.103
0.0066409544 -214.304
0.0066411544 -215.903
0.0066413544 -213.105
0.0066415544 -213.904
0.0066417544 -214.704
0.0066419544 -216.703
0.0066421544 -215.503
0.0066423544 -213.904
0.0066425544 -215.503
0.0066427544 -213.904
0.0066429544 -215.104
0.0066431544 -214.704
0.0066433544 -216.703
0.0066435544 -213.504
0.0066437544 -215.503
0.0066439544 -214.304
0.0066441544 -215.503
0.0066443544 -216.303
0.0066445544 -214.304
0.0066447544 -215.503
0.0066449544 -214.704
0.0066451544 -214.704
0.0066453544 -214.304
0.0066455544 -216.703
0.0066457544 -217.103
0.0066459544 -212.705
0.0066461544 -213.904
0.0066463544 -215.503
0.0066465544 -213.105
0.0066467544 -215.503
0.0066469544 -214.304
0.0066471544 -213.904
0.0066473544 -213.504
0.0066475544 -216.303
0.0066477544 -213.504
0.0066479544 -213.904
0.0066481544 -213.105
0.0066483544 -212.305
0.0066485544 -212.705
0.0066487544 -213.904
0.0066489544 -215.104
0.0066491544 -214.704
0.0066493544 -214.704
0.0066495544 -213.105
0.0066497544 -213.105
0.0066499544 -212.705
0.0066501544 -216.303
0.0066503544 -213.904
0.0066505544 -213.904
0.0066507544 -212.705
0.0066509544 -212.305
0.0066511544 -217.902
0.0066513544 -212.705
0.0066515544 -215.104
0.0066517544 -212.305
0.0066519544 -215.503
0.0066521544 -211.905
0.0066523544 -214.704
0.0066525544 -213.105
0.0066527544 -214.704
0.0066529544 -212.305
0.0066531544 -212.305
0.0066533544 -212.305
0.0066535544 -213.904
0.0066537544 -215.104
0.0066539544 -211.505
0.0066541544 -213.904
0.0066543544 -214.304
0.0066545544 -212.705
0.0066547544 -213.504
0.0066549544 -210.706
0.0066551544 -213.105
0.0066553544 -211.105
0.0066555544 -214.704
0.0066557544 -215.503
0.0066559544 -213.105
0.0066561544 -211.905
0.0066563544 -211.905
0.0066565544 -215.104
0.0066567544 -212.305
0.0066569544 -213.105
0.0066571544 -213.504
0.0066573544 -213.504
0.0066575544 -211.505
0.0066577544 -212.305
0.0066579544 -209.906
0.0066581544 -211.505
0.0066583544 -211.505
0.0066585544 -211.105
0.0066587544 -213.105
0.0066589544 -213.504
0.0066591544 -213.504
0.0066593544 -213.105
0.0066595544 -213.504
0.0066597544 -213.904
0.0066599544 -212.705
0.0066601544 -211.905
0.0066603544 -213.504
0.0066605544 -210.706
0.0066607544 -211.105
0.0066609544 -211.905
0.0066611544 -209.106
0.0066613544 -208.706
0.0066615544 -209.506
0.0066617544 -209.906
0.0066619544 -209.906
0.0066621544 -209.506
0.0066623544 -212.705
0.0066625544 -208.706
0.0066627544 -209.906
0.0066629544 -207.907
0.0066631544 -210.306
0.0066633544 -211.905
0.0066635544 -210.306
0.0066637544 -210.306
0.0066639544 -209.106
0.0066641544 -209.906
0.0066643544 -209.106
0.0066645544 -209.906
0.0066647544 -209.106
0.0066649544 -210.706
0.0066651544 -210.306
0.0066653544 -209.106
0.0066655544 -211.105
0.0066657544 -209.506
0.0066659544 -207.907
0.0066661544 -209.106
0.0066663544 -212.305
0.0066665544 -208.307
0.0066667544 -211.905
0.0066669544 -209.106
0.0066671544 -211.105
0.0066673544 -209.106
0.0066675544 -211.505
0.0066677544 -208.706
0.0066679544 -209.906
0.0066681544 -209.906
0.0066683544 -209.506
0.0066685544 -209.106
0.0066687544 -207.907
0.0066689544 -209.106
0.0066691544 -211.505
0.0066693544 -210.706
0.0066695544 -211.105
0.0066697544 -210.706
0.0066699544 -209.106
0.0066701544 -206.707
0.0066703544 -207.907
0.0066705544 -211.505
0.0066707544 -209.506
0.0066709544 -207.507
0.0066711544 -207.507
0.0066713544 -207.907
0.0066715544 -207.907
0.0066717544 -209.106
0.0066719544 -212.305
0.0066721544 -209.506
0.0066723544 -209.506
0.0066725544 -209.506
0.0066727544 -209.906
0.0066729544 -205.908
0.0066731544 -208.706
0.0066733544 -206.707
0.0066735544 -208.307
0.0066737544 -209.106
0.0066739544 -207.907
0.0066741544 -207.107
0.0066743544 -205.508
0.0066745544 -209.906
0.0066747544 -205.108
0.0066749544 -208.307
0.0066751544 -208.307
0.0066753544 -206.707
0.0066755544 -208.706
0.0066757544 -207.107
0.0066759544 -205.108
0.0066761544 -203.509
0.0066763544 -211.905
0.0066765544 -209.506
0.0066767544 -207.507
0.0066769544 -204.708
0.0066771544 -207.107
0.0066773544 -207.507
0.0066775544 -208.307
0.0066777544 -208.706
0.0066779544 -208.307
0.0066781544 -204.708
0.0066783544 -207.507
0.0066785544 -207.107
0.0066787544 -206.707
0.0066789544 -205.108
0.0066791544 -207.507
0.0066793544 -207.907
0.0066795544 -206.308
0.0066797544 -207.107
0.0066799544 -206.707
0.0066801544 -203.909
0.0066803544 -208.307
0.0066805544 -205.908
0.0066807544 -205.508
0.0066809544 -208.307
0.0066811544 -207.507
0.0066813544 -205.108
0.0066815544 -205.908
0.0066817544 -206.308
0.0066819544 -205.108
0.0066821544 -205.908
0.0066823544 -208.706
0.0066825544 -203.109
0.0066827544 -207.107
0.0066829544 -208.307
0.0066831544 -204.308
0.0066833544 -206.707
0.0066835544 -203.909
0.0066837544 -208.307
0.0066839544 -205.908
0.0066841544 -204.708
0.0066843544 -206.308
0.0066845544 -209.506
0.0066847544 -205.508
0.0066849544 -205.108
0.0066851544 -207.107
0.0066853544 -202.709
0.0066855544 -205.508
0.0066857544 -203.909
0.0066859544 -207.107
0.0066861544 -206.707
0.0066863544 -207.107
0.0066865544 -204.708
0.0066867544 -203.509
0.0066869544 -207.907
0.0066871544 -206.308
0.0066873544 -204.308
0.0066875544 -207.507
0.0066877544 -205.108
0.0066879544 -205.108
0.0066881544 -205.108
0.0066883544 -205.908
0.0066885544 -205.108
0.0066887544 -206.707
0.0066889544 -206.707
0.0066891544 -205.508
0.0066893544 -203.909
0.0066895544 -205.108
0.0066897544 -207.107
0.0066899544 -207.107
0.0066901544 -204.708
0.0066903544 -208.706
0.0066905544 -205.508
0.0066907544 -204.708
0.0066909544 -207.907
0.0066911544 -202.709
0.0066913544 -205.908
0.0066915544 -204.708
0.0066917544 -207.107
0.0066919544 -205.908
0.0066921544 -204.308
0.0066923544 -206.707
0.0066925544 -205.508
0.0066927544 -205.508
0.0066929544 -204.308
0.0066931544 -204.708
0.0066933544 -205.108
0.0066935544 -205.108
0.0066937544 -203.909
0.0066939544 -205.108
0.0066941544 -206.308
0.0066943544 -206.308
0.0066945544 -206.308
0.0066947544 -206.308
0.0066949544 -204.308
0.0066951544 -204.308
0.0066953544 -204.308
0.0066955544 -206.308
0.0066957544 -203.909
0.0066959544 -202.309
0.0066961544 -204.308
0.0066963544 -204.308
0.0066965544 -203.109
0.0066967544 -204.708
0.0066969544 -203.509
0.0066971544 -203.509
0.0066973544 -201.91
0.0066975544 -206.308
0.0066977544 -202.709
0.0066979544 -205.508
0.0066981544 -202.309
0.0066983544 -203.909
0.0066985544 -204.708
0.0066987544 -203.909
0.0066989544 -205.108
0.0066991544 -203.109
0.0066993544 -205.108
0.0066995544 -203.109
0.0066997544 -203.109
0.0066999544 -203.509
0.0067001544 -202.709
0.0067003544 -202.309
0.0067005544 -202.309
0.0067007544 -201.51
0.0067009544 -203.109
0.0067011544 -201.51
0.0067013544 -203.109
0.0067015544 -203.509
0.0067017544 -202.309
0.0067019544 -203.509
0.0067021544 -202.309
0.0067023544 -202.309
0.0067025544 -204.308
0.0067027544 -204.708
0.0067029544 -204.308
0.0067031544 -201.51
0.0067033544 -203.109
0.0067035544 -201.91
0.0067037544 -201.11
0.0067039544 -202.309
0.0067041544 -202.309
0.0067043544 -203.509
0.0067045544 -201.51
0.0067047544 -201.91
0.0067049544 -203.109
0.0067051544 -202.709
0.0067053544 -200.71
0.0067055544 -202.309
0.0067057544 -200.31
0.0067059544 -203.109
0.0067061544 -200.71
0.0067063544 -203.509
0.0067065544 -201.91
0.0067067544 -200.31
0.0067069544 -203.509
0.0067071544 -203.509
0.0067073544 -200.31
0.0067075544 -203.909
0.0067077544 -203.909
0.0067079544 -201.11
0.0067081544 -201.11
0.0067083544 -199.511
0.0067085544 -202.309
0.0067087544 -203.109
0.0067089544 -201.11
0.0067091544 -200.71
0.0067093544 -202.709
0.0067095544 -201.51
0.0067097544 -200.71
0.0067099544 -199.511
0.0067101544 -201.51
0.0067103544 -200.71
0.0067105544 -200.31
0.0067107544 -198.311
0.0067109544 -199.511
0.0067111544 -199.511
0.0067113544 -199.91
0.0067115544 -199.111
0.0067117544 -204.308
0.0067119544 -200.31
0.0067121544 -200.31
0.0067123544 -200.71
0.0067125544 -200.71
0.0067127544 -202.309
0.0067129544 -201.51
0.0067131544 -199.511
0.0067133544 -199.91
0.0067135544 -199.511
0.0067137544 -199.111
0.0067139544 -198.711
0.0067141544 -197.512
0.0067143544 -200.31
0.0067145544 -202.709
0.0067147544 -199.511
0.0067149544 -201.91
0.0067151544 -197.512
0.0067153544 -201.11
0.0067155544 -202.309
0.0067157544 -203.109
0.0067159544 -201.91
0.0067161544 -201.11
0.0067163544 -199.111
0.0067165544 -199.91
0.0067167544 -199.511
0.0067169544 -198.311
0.0067171544 -199.111
0.0067173544 -200.71
0.0067175544 -199.511
0.0067177544 -199.511
0.0067179544 -199.91
0.0067181544 -201.11
0.0067183544 -198.311
0.0067185544 -198.311
0.0067187544 -199.111
0.0067189544 -199.91
0.0067191544 -197.911
0.0067193544 -200.31
0.0067195544 -198.311
0.0067197544 -199.91
0.0067199544 -200.71
0.0067201544 -199.511
0.0067203544 -201.51
0.0067205544 -199.91
0.0067207544 -195.512
0.0067209544 -199.511
0.0067211544 -199.91
0.0067213544 -200.71
0.0067215544 -198.711
0.0067217544 -201.11
0.0067219544 -199.111
0.0067221544 -197.911
0.0067223544 -198.711
0.0067225544 -200.71
0.0067227544 -195.113
0.0067229544 -199.91
0.0067231544 -198.711
0.0067233544 -198.311
0.0067235544 -200.71
0.0067237544 -200.31
0.0067239544 -198.311
0.0067241544 -200.31
0.0067243544 -198.711
0.0067245544 -197.512
0.0067247544 -198.711
0.0067249544 -198.711
0.0067251544 -198.311
0.0067253544 -199.111
0.0067255544 -199.511
0.0067257544 -199.511
0.0067259544 -199.111
0.0067261544 -199.511
0.0067263544 -197.512
0.0067265544 -195.912
0.0067267544 -199.511
0.0067269544 -197.911
0.0067271544 -198.311
0.0067273544 -197.512
0.0067275544 -197.512
0.0067277544 -197.112
0.0067279544 -196.712
0.0067281544 -195.912
0.0067283544 -196.312
0.0067285544 -199.111
0.0067287544 -197.512
0.0067289544 -197.512
0.0067291544 -197.512
0.0067293544 -195.912
0.0067295544 -197.112
0.0067297544 -198.311
0.0067299544 -195.912
0.0067301544 -196.712
0.0067303544 -197.112
0.0067305544 -198.711
0.0067307544 -197.112
0.0067309544 -198.711
0.0067311544 -195.512
0.0067313544 -195.113
0.0067315544 -197.112
0.0067317544 -194.313
0.0067319544 -194.713
0.0067321544 -197.512
0.0067323544 -197.512
0.0067325544 -197.911
0.0067327544 -194.713
0.0067329544 -194.713
0.0067331544 -198.311
0.0067333544 -197.512
0.0067335544 -196.312
0.0067337544 -197.112
0.0067339544 -195.912
0.0067341544 -197.112
0.0067343544 -195.113
0.0067345544 -197.512
0.0067347544 -196.712
0.0067349544 -194.713
0.0067351544 -195.113
0.0067353544 -195.912
0.0067355544 -193.513
0.0067357544 -198.311
0.0067359544 -196.312
0.0067361544 -195.113
0.0067363544 -195.912
0.0067365544 -195.912
0.0067367544 -195.912
0.0067369544 -195.512
0.0067371544 -195.113
0.0067373544 -195.512
0.0067375544 -193.513
0.0067377544 -195.113
0.0067379544 -193.913
0.0067381544 -194.313
0.0067383544 -194.713
0.0067385544 -195.512
0.0067387544 -195.912
0.0067389544 -193.913
0.0067391544 -195.113
0.0067393544 -195.113
0.0067395544 -190.715
0.0067397544 -194.713
0.0067399544 -193.513
0.0067401544 -194.313
0.0067403544 -193.913
0.0067405544 -193.513
0.0067407544 -191.914
0.0067409544 -191.114
0.0067411544 -193.513
0.0067413544 -194.313
0.0067415544 -195.512
0.0067417544 -191.914
0.0067419544 -193.513
0.0067421544 -191.114
0.0067423544 -193.113
0.0067425544 -194.713
0.0067427544 -190.715
0.0067429544 -194.313
0.0067431544 -193.513
0.0067433544 -196.312
0.0067435544 -193.513
0.0067437544 -193.113
0.0067439544 -194.713
0.0067441544 -191.914
0.0067443544 -191.914
0.0067445544 -192.714
0.0067447544 -192.714
0.0067449544 -192.314
0.0067451544 -192.714
0.0067453544 -193.513
0.0067455544 -192.714
0.0067457544 -194.713
0.0067459544 -192.714
0.0067461544 -191.514
0.0067463544 -192.714
0.0067465544 -190.715
0.0067467544 -193.513
0.0067469544 -192.714
0.0067471544 -191.914
0.0067473544 -191.914
0.0067475544 -191.514
0.0067477544 -190.715
0.0067479544 -191.114
0.0067481544 -189.915
0.0067483544 -191.914
0.0067485544 -190.715
0.0067487544 -193.113
0.0067489544 -191.514
0.0067491544 -193.113
0.0067493544 -189.915
0.0067495544 -190.715
0.0067497544 -191.914
0.0067499544 -191.514
0.0067501544 -191.914
0.0067503544 -192.314
0.0067505544 -189.915
0.0067507544 -194.713
0.0067509544 -192.314
0.0067511544 -189.515
0.0067513544 -189.915
0.0067515544 -193.913
0.0067517544 -191.514
0.0067519544 -191.514
0.0067521544 -191.114
0.0067523544 -191.114
0.0067525544 -189.915
0.0067527544 -190.315
0.0067529544 -188.316
0.0067531544 -189.115
0.0067533544 -192.714
0.0067535544 -188.715
0.0067537544 -189.515
0.0067539544 -187.516
0.0067541544 -186.317
0.0067543544 -189.915
0.0067545544 -189.915
0.0067547544 -189.115
0.0067549544 -190.715
0.0067551544 -189.515
0.0067553544 -190.315
0.0067555544 -189.515
0.0067557544 -189.515
0.0067559544 -190.315
0.0067561544 -189.515
0.0067563544 -190.715
0.0067565544 -189.515
0.0067567544 -184.717
0.0067569544 -188.715
0.0067571544 -189.915
0.0067573544 -190.315
0.0067575544 -189.515
0.0067577544 -189.915
0.0067579544 -191.114
0.0067581544 -189.915
0.0067583544 -189.915
0.0067585544 -189.115
0.0067587544 -187.916
0.0067589544 -186.716
0.0067591544 -187.116
0.0067593544 -189.915
0.0067595544 -187.916
0.0067597544 -192.314
0.0067599544 -189.515
0.0067601544 -188.316
0.0067603544 -190.715
0.0067605544 -189.115
0.0067607544 -189.115
0.0067609544 -187.516
0.0067611544 -188.316
0.0067613544 -188.715
0.0067615544 -188.316
0.0067617544 -185.917
0.0067619544 -187.516
0.0067621544 -189.515
0.0067623544 -187.116
0.0067625544 -187.916
0.0067627544 -188.715
0.0067629544 -189.915
0.0067631544 -186.716
0.0067633544 -187.116
0.0067635544 -187.916
0.0067637544 -187.516
0.0067639544 -186.716
0.0067641544 -187.916
0.0067643544 -187.116
0.0067645544 -186.317
0.0067647544 -186.317
0.0067649544 -190.715
0.0067651544 -187.116
0.0067653544 -186.716
0.0067655544 -188.715
0.0067657544 -187.916
0.0067659544 -187.916
0.0067661544 -187.516
0.0067663544 -188.715
0.0067665544 -185.917
0.0067667544 -189.115
0.0067669544 -188.715
0.0067671544 -187.916
0.0067673544 -186.317
0.0067675544 -188.316
0.0067677544 -186.716
0.0067679544 -188.715
0.0067681544 -185.517
0.0067683544 -186.716
0.0067685544 -186.716
0.0067687544 -185.117
0.0067689544 -185.917
0.0067691544 -187.116
0.0067693544 -186.716
0.0067695544 -187.516
0.0067697544 -187.916
0.0067699544 -189.115
0.0067701544 -185.917
0.0067703544 -183.518
0.0067705544 -187.916
0.0067707544 -186.716
0.0067709544 -187.516
0.0067711544 -187.116
0.0067713544 -185.917
0.0067715544 -189.115
0.0067717544 -185.517
0.0067719544 -186.716
0.0067721544 -186.317
0.0067723544 -185.917
0.0067725544 -188.715
0.0067727544 -188.316
0.0067729544 -189.115
0.0067731544 -188.316
0.0067733544 -183.518
0.0067735544 -187.916
0.0067737544 -186.317
0.0067739544 -185.117
0.0067741544 -185.917
0.0067743544 -185.517
0.0067745544 -183.918
0.0067747544 -189.115
0.0067749544 -185.917
0.0067751544 -186.317
0.0067753544 -186.317
0.0067755544 -184.317
0.0067757544 -185.517
0.0067759544 -184.317
0.0067761544 -181.919
0.0067763544 -183.118
0.0067765544 -185.917
0.0067767544 -184.317
0.0067769544 -184.717
0.0067771544 -186.317
0.0067773544 -183.918
0.0067775544 -187.516
0.0067777544 -183.118
0.0067779544 -180.719
0.0067781544 -186.317
0.0067783544 -184.317
0.0067785544 -184.317
0.0067787544 -184.717
0.0067789544 -186.317
0.0067791544 -184.317
0.0067793544 -184.317
0.0067795544 -185.117
0.0067797544 -185.517
0.0067799544 -185.117
0.0067801544 -186.317
0.0067803544 -181.119
0.0067805544 -185.917
0.0067807544 -184.317
0.0067809544 -182.718
0.0067811544 -183.518
0.0067813544 -182.718
0.0067815544 -184.317
0.0067817544 -183.118
0.0067819544 -181.519
0.0067821544 -181.919
0.0067823544 -184.317
0.0067825544 -183.918
0.0067827544 -182.318
0.0067829544 -182.318
0.0067831544 -183.118
0.0067833544 -184.717
0.0067835544 -183.518
0.0067837544 -181.919
0.0067839544 -185.117
0.0067841544 -183.918
0.0067843544 -181.919
0.0067845544 -183.918
0.0067847544 -182.718
0.0067849544 -183.518
0.0067851544 -185.917
0.0067853544 -182.318
0.0067855544 -185.517
0.0067857544 -183.918
0.0067859544 -184.717
0.0067861544 -185.517
0.0067863544 -182.318
0.0067865544 -183.918
0.0067867544 -184.317
0.0067869544 -186.317
0.0067871544 -184.317
0.0067873544 -183.918
0.0067875544 -183.118
0.0067877544 -182.718
0.0067879544 -181.919
0.0067881544 -184.717
0.0067883544 -184.317
0.0067885544 -181.119
0.0067887544 -181.519
0.0067889544 -182.318
0.0067891544 -181.519
0.0067893544 -183.918
0.0067895544 -182.718
0.0067897544 -183.518
0.0067899544 -181.919
0.0067901544 -182.718
0.0067903544 -183.518
0.0067905544 -182.718
0.0067907544 -181.919
0.0067909544 -182.718
0.0067911544 -183.118
0.0067913544 -183.518
0.0067915544 -182.318
0.0067917544 -180.319
0.0067919544 -179.919
0.0067921544 -181.919
0.0067923544 -181.919
0.0067925544 -182.318
0.0067927544 -181.119
0.0067929544 -181.919
0.0067931544 -180.719
0.0067933544 -181.919
0.0067935544 -181.119
0.0067937544 -179.52
0.0067939544 -179.12
0.0067941544 -181.119
0.0067943544 -181.519
0.0067945544 -182.318
0.0067947544 -179.52
0.0067949544 -182.718
0.0067951544 -183.518
0.0067953544 -178.32
0.0067955544 -182.718
0.0067957544 -183.118
0.0067959544 -180.719
0.0067961544 -183.918
0.0067963544 -181.919
0.0067965544 -182.718
0.0067967544 -181.919
0.0067969544 -182.318
0.0067971544 -182.718
0.0067973544 -182.318
0.0067975544 -182.318
0.0067977544 -182.318
0.0067979544 -181.919
0.0067981544 -179.919
0.0067983544 -179.52
0.0067985544 -182.318
0.0067987544 -183.518
0.0067989544 -181.519
0.0067991544 -183.118
0.0067993544 -181.519
0.0067995544 -183.118
0.0067997544 -181.519
0.0067999544 -181.919
0.0068001544 -181.119
0.0068003544 -182.318
0.0068005544 -180.319
0.0068007544 -183.118
0.0068009544 -181.519
0.0068011544 -176.721
0.0068013544 -181.119
0.0068015544 -180.719
0.0068017544 -176.721
0.0068019544 -180.719
0.0068021544 -179.919
0.0068023544 -181.519
0.0068025544 -179.52
0.0068027544 -181.519
0.0068029544 -182.718
0.0068031544 -182.718
0.0068033544 -182.718
0.0068035544 -180.319
0.0068037544 -181.119
0.0068039544 -181.119
0.0068041544 -181.119
0.0068043544 -185.117
0.0068045544 -181.119
0.0068047544 -179.12
0.0068049544 -180.719
0.0068051544 -181.519
0.0068053544 -182.318
0.0068055544 -181.519
0.0068057544 -178.72
0.0068059544 -181.119
0.0068061544 -179.12
0.0068063544 -179.52
0.0068065544 -180.319
0.0068067544 -180.719
0.0068069544 -178.72
0.0068071544 -179.919
0.0068073544 -179.12
0.0068075544 -181.119
0.0068077544 -180.319
0.0068079544 -178.72
0.0068081544 -180.319
0.0068083544 -180.319
0.0068085544 -177.92
0.0068087544 -177.92
0.0068089544 -182.718
0.0068091544 -177.92
0.0068093544 -178.72
0.0068095544 -179.12
0.0068097544 -177.92
0.0068099544 -179.52
0.0068101544 -177.92
0.0068103544 -177.121
0.0068105544 -180.319
0.0068107544 -178.72
0.0068109544 -179.52
0.0068111544 -178.72
0.0068113544 -178.72
0.0068115544 -178.72
0.0068117544 -179.919
0.0068119544 -178.32
0.0068121544 -175.521
0.0068123544 -176.321
0.0068125544 -178.32
0.0068127544 -175.921
0.0068129544 -177.52
0.0068131544 -178.72
0.0068133544 -175.521
0.0068135544 -176.721
0.0068137544 -176.321
0.0068139544 -179.919
0.0068141544 -176.721
0.0068143544 -176.321
0.0068145544 -175.921
0.0068147544 -173.122
0.0068149544 -175.921
0.0068151544 -176.721
0.0068153544 -177.92
0.0068155544 -177.52
0.0068157544 -177.121
0.0068159544 -177.92
0.0068161544 -174.322
0.0068163544 -172.723
0.0068165544 -177.92
0.0068167544 -174.722
0.0068169544 -176.321
0.0068171544 -177.92
0.0068173544 -176.721
0.0068175544 -173.522
0.0068177544 -175.122
0.0068179544 -175.122
0.0068181544 -177.52
0.0068183544 -176.721
0.0068185544 -174.722
0.0068187544 -174.322
0.0068189544 -177.121
0.0068191544 -175.921
0.0068193544 -176.721
0.0068195544 -176.321
0.0068197544 -176.321
0.0068199544 -174.322
0.0068201544 -175.521
0.0068203544 -174.322
0.0068205544 -173.522
0.0068207544 -175.921
0.0068209544 -173.522
0.0068211544 -176.721
0.0068213544 -174.322
0.0068215544 -176.321
0.0068217544 -177.52
0.0068219544 -173.522
0.0068221544 -175.921
0.0068223544 -174.722
0.0068225544 -174.722
0.0068227544 -175.122
0.0068229544 -174.322
0.0068231544 -177.121
0.0068233544 -176.721
0.0068235544 -176.321
0.0068237544 -171.923
0.0068239544 -177.121
0.0068241544 -175.122
0.0068243544 -176.721
0.0068245544 -173.122
0.0068247544 -173.522
0.0068249544 -175.521
0.0068251544 -174.722
0.0068253544 -173.922
0.0068255544 -173.122
0.0068257544 -175.122
0.0068259544 -177.92
0.0068261544 -173.922
0.0068263544 -173.122
0.0068265544 -173.922
0.0068267544 -175.921
0.0068269544 -174.322
0.0068271544 -173.522
0.0068273544 -174.722
0.0068275544 -173.922
0.0068277544 -173.122
0.0068279544 -173.922
0.0068281544 -171.523
0.0068283544 -173.522
0.0068285544 -175.122
0.0068287544 -174.322
0.0068289544 -175.921
0.0068291544 -173.122
0.0068293544 -171.923
0.0068295544 -172.723
0.0068297544 -173.522
0.0068299544 -174.722
0.0068301544 -172.323
0.0068303544 -173.922
0.0068305544 -173.522
0.0068307544 -173.122
0.0068309544 -175.122
0.0068311544 -171.923
0.0068313544 -173.522
0.0068315544 -170.724
0.0068317544 -173.522
0.0068319544 -173.522
0.0068321544 -173.122
0.0068323544 -173.522
0.0068325544 -173.122
0.0068327544 -173.522
0.0068329544 -173.522
0.0068331544 -173.122
0.0068333544 -171.923
0.0068335544 -171.923
0.0068337544 -171.523
0.0068339544 -172.723
0.0068341544 -172.323
0.0068343544 -173.122
0.0068345544 -172.323
0.0068347544 -170.324
0.0068349544 -171.523
0.0068351544 -172.723
0.0068353544 -173.522
0.0068355544 -171.923
0.0068357544 -172.323
0.0068359544 -172.723
0.0068361544 -170.724
0.0068363544 -170.324
0.0068365544 -174.722
0.0068367544 -172.723
0.0068369544 -170.324
0.0068371544 -170.324
0.0068373544 -171.923
0.0068375544 -171.123
0.0068377544 -172.723
0.0068379544 -171.123
0.0068381544 -171.923
0.0068383544 -171.923
0.0068385544 -171.523
0.0068387544 -171.923
0.0068389544 -171.923
0.0068391544 -173.522
0.0068393544 -173.122
0.0068395544 -171.523
0.0068397544 -170.324
0.0068399544 -171.923
0.0068401544 -171.523
0.0068403544 -171.523
0.0068405544 -172.723
0.0068407544 -171.523
0.0068409544 -169.924
0.0068411544 -171.923
0.0068413544 -170.324
0.0068415544 -171.523
0.0068417544 -168.325
0.0068419544 -171.123
0.0068421544 -171.523
0.0068423544 -169.924
0.0068425544 -169.924
0.0068427544 -170.724
0.0068429544 -168.325
0.0068431544 -171.923
0.0068433544 -171.923
0.0068435544 -171.523
0.0068437544 -171.923
0.0068439544 -170.324
0.0068441544 -171.923
0.0068443544 -170.324
0.0068445544 -168.325
0.0068447544 -169.524
0.0068449544 -169.124
0.0068451544 -168.325
0.0068453544 -169.924
0.0068455544 -169.124
0.0068457544 -169.924
0.0068459544 -171.523
0.0068461544 -167.525
0.0068463544 -169.124
0.0068465544 -169.524
0.0068467544 -169.924
0.0068469544 -168.724
0.0068471544 -171.523
0.0068473544 -171.123
0.0068475544 -168.724
0.0068477544 -166.325
0.0068479544 -166.325
0.0068481544 -169.524
0.0068483544 -166.725
0.0068485544 -166.325
0.0068487544 -170.324
0.0068489544 -169.924
0.0068491544 -170.324
0.0068493544 -169.524
0.0068495544 -171.523
0.0068497544 -169.924
0.0068499544 -169.124
0.0068501544 -169.524
0.0068503544 -169.124
0.0068505544 -169.924
0.0068507544 -171.123
0.0068509544 -168.724
0.0068511544 -166.725
0.0068513544 -169.124
0.0068515544 -166.725
0.0068517544 -168.325
0.0068519544 -167.125
0.0068521544 -170.724
0.0068523544 -167.925
0.0068525544 -167.125
0.0068527544 -167.525
0.0068529544 -168.325
0.0068531544 -169.524
0.0068533544 -167.925
0.0068535544 -169.124
0.0068537544 -166.725
0.0068539544 -165.526
0.0068541544 -167.925
0.0068543544 -165.926
0.0068545544 -166.325
0.0068547544 -169.124
0.0068549544 -171.523
0.0068551544 -166.725
0.0068553544 -169.524
0.0068555544 -166.725
0.0068557544 -168.325
0.0068559544 -165.926
0.0068561544 -169.924
0.0068563544 -167.125
0.0068565544 -166.725
0.0068567544 -165.526
0.0068569544 -168.325
0.0068571544 -166.725
0.0068573544 -165.126
0.0068575544 -169.124
0.0068577544 -167.125
0.0068579544 -165.526
0.0068581544 -167.525
0.0068583544 -167.925
0.0068585544 -166.725
0.0068587544 -167.125
0.0068589544 -166.725
0.0068591544 -168.724
0.0068593544 -168.724
0.0068595544 -165.126
0.0068597544 -166.325
0.0068599544 -165.526
0.0068601544 -166.325
0.0068603544 -166.725
0.0068605544 -169.524
0.0068607544 -167.925
0.0068609544 -170.724
0.0068611544 -168.724
0.0068613544 -167.125
0.0068615544 -166.725
0.0068617544 -167.925
0.0068619544 -167.525
0.0068621544 -164.726
0.0068623544 -167.525
0.0068625544 -170.324
0.0068627544 -165.526
0.0068629544 -167.525
0.0068631544 -168.325
0.0068633544 -167.125
0.0068635544 -166.725
0.0068637544 -166.325
0.0068639544 -165.926
0.0068641544 -166.325
0.0068643544 -167.925
0.0068645544 -165.126
0.0068647544 -167.925
0.0068649544 -167.125
0.0068651544 -166.325
0.0068653544 -163.927
0.0068655544 -169.124
0.0068657544 -169.124
0.0068659544 -163.527
0.0068661544 -168.724
0.0068663544 -168.325
0.0068665544 -167.525
0.0068667544 -166.725
0.0068669544 -166.725
0.0068671544 -165.526
0.0068673544 -166.725
0.0068675544 -165.926
0.0068677544 -163.127
0.0068679544 -165.126
0.0068681544 -164.726
0.0068683544 -165.126
0.0068685544 -166.725
0.0068687544 -165.126
0.0068689544 -163.927
0.0068691544 -165.126
0.0068693544 -166.325
0.0068695544 -163.527
0.0068697544 -163.127
0.0068699544 -162.727
0.0068701544 -165.526
0.0068703544 -165.526
0.0068705544 -166.725
0.0068707544 -167.525
0.0068709544 -162.327
0.0068711544 -164.326
0.0068713544 -165.126
0.0068715544 -163.927
0.0068717544 -166.325
0.0068719544 -161.128
0.0068721544 -165.526
0.0068723544 -161.927
0.0068725544 -167.125
0.0068727544 -164.726
0.0068729544 -162.727
0.0068731544 -165.126
0.0068733544 -164.726
0.0068735544 -163.127
0.0068737544 -166.325
0.0068739544 -166.325
0.0068741544 -165.526
0.0068743544 -163.927
0.0068745544 -164.326
0.0068747544 -166.325
0.0068749544 -166.325
0.0068751544 -163.927
0.0068753544 -163.527
0.0068755544 -163.927
0.0068757544 -162.727
0.0068759544 -165.526
0.0068761544 -161.528
0.0068763544 -165.926
0.0068765544 -161.927
0.0068767544 -161.128
0.0068769544 -165.926
0.0068771544 -162.327
0.0068773544 -161.927
0.0068775544 -164.326
0.0068777544 -163.127
0.0068779544 -163.927
0.0068781544 -163.927
0.0068783544 -162.727
0.0068785544 -164.326
0.0068787544 -164.726
0.0068789544 -162.727
0.0068791544 -161.927
0.0068793544 -164.726
0.0068795544 -164.726
0.0068797544 -164.726
0.0068799544 -162.727
0.0068801544 -163.927
0.0068803544 -161.927
0.0068805544 -162.727
0.0068807544 -163.927
0.0068809544 -160.728
0.0068811544 -161.128
0.0068813544 -162.727
0.0068815544 -161.528
0.0068817544 -161.927
0.0068819544 -161.927
0.0068821544 -161.927
0.0068823544 -159.928
0.0068825544 -165.126
0.0068827544 -161.128
0.0068829544 -161.128
0.0068831544 -166.325
0.0068833544 -164.326
0.0068835544 -162.327
0.0068837544 -162.327
0.0068839544 -162.327
0.0068841544 -163.127
0.0068843544 -159.928
0.0068845544 -159.529
0.0068847544 -162.327
0.0068849544 -162.327
0.0068851544 -161.927
0.0068853544 -163.927
0.0068855544 -159.529
0.0068857544 -163.127
0.0068859544 -161.128
0.0068861544 -162.727
0.0068863544 -160.328
0.0068865544 -162.727
0.0068867544 -162.327
0.0068869544 -162.327
0.0068871544 -162.327
0.0068873544 -161.927
0.0068875544 -160.728
0.0068877544 -159.928
0.0068879544 -160.328
0.0068881544 -162.327
0.0068883544 -161.528
0.0068885544 -160.728
0.0068887544 -161.128
0.0068889544 -161.128
0.0068891544 -161.128
0.0068893544 -163.927
0.0068895544 -161.927
0.0068897544 -161.528
0.0068899544 -161.528
0.0068901544 -161.128
0.0068903544 -159.529
0.0068905544 -159.129
0.0068907544 -161.927
0.0068909544 -160.328
0.0068911544 -161.927
0.0068913544 -162.327
0.0068915544 -160.328
0.0068917544 -159.529
0.0068919544 -160.328
0.0068921544 -161.128
0.0068923544 -160.328
0.0068925544 -161.927
0.0068927544 -163.127
0.0068929544 -162.727
0.0068931544 -161.128
0.0068933544 -158.729
0.0068935544 -161.128
0.0068937544 -161.927
0.0068939544 -159.129
0.0068941544 -158.729
0.0068943544 -159.129
0.0068945544 -160.728
0.0068947544 -158.329
0.0068949544 -159.529
0.0068951544 -161.528
0.0068953544 -162.727
0.0068955544 -158.329
0.0068957544 -157.529
0.0068959544 -160.728
0.0068961544 -161.128
0.0068963544 -159.129
0.0068965544 -159.928
0.0068967544 -159.928
0.0068969544 -163.127
0.0068971544 -160.728
0.0068973544 -159.129
0.0068975544 -157.529
0.0068977544 -158.729
0.0068979544 -160.328
0.0068981544 -161.128
0.0068983544 -159.529
0.0068985544 -159.129
0.0068987544 -160.728
0.0068989544 -159.529
0.0068991544 -158.729
0.0068993544 -160.328
0.0068995544 -160.328
0.0068997544 -156.73
0.0068999544 -159.129
0.0069001544 -156.73
0.0069003544 -158.329
0.0069005544 -157.929
0.0069007544 -157.929
0.0069009544 -160.328
0.0069011544 -158.729
0.0069013544 -159.529
0.0069015544 -159.928
0.0069017544 -156.33
0.0069019544 -158.729
0.0069021544 -157.929
0.0069023544 -159.129
0.0069025544 -157.929
0.0069027544 -157.529
0.0069029544 -157.13
0.0069031544 -161.128
0.0069033544 -159.529
0.0069035544 -159.529
0.0069037544 -157.529
0.0069039544 -157.929
0.0069041544 -156.33
0.0069043544 -161.128
0.0069045544 -159.129
0.0069047544 -157.929
0.0069049544 -157.13
0.0069051544 -157.13
0.0069053544 -158.329
0.0069055544 -157.529
0.0069057544 -158.329
0.0069059544 -157.13
0.0069061544 -153.931
0.0069063544 -157.13
0.0069065544 -156.73
0.0069067544 -159.129
0.0069069544 -157.529
0.0069071544 -155.131
0.0069073544 -159.129
0.0069075544 -156.33
0.0069077544 -156.73
0.0069079544 -155.93
0.0069081544 -157.529
0.0069083544 -156.33
0.0069085544 -158.329
0.0069087544 -155.53
0.0069089544 -156.33
0.0069091544 -155.53
0.0069093544 -157.529
0.0069095544 -155.53
0.0069097544 -155.93
0.0069099544 -156.33
0.0069101544 -157.929
0.0069103544 -155.53
0.0069105544 -154.331
0.0069107544 -157.529
0.0069109544 -155.131
0.0069111544 -155.131
0.0069113544 -155.93
0.0069115544 -157.529
0.0069117544 -153.931
0.0069119544 -154.331
0.0069121544 -154.331
0.0069123544 -155.131
0.0069125544 -157.529
0.0069127544 -157.13
0.0069129544 -155.131
0.0069131544 -157.529
0.0069133544 -157.13
0.0069135544 -157.529
0.0069137544 -154.731
0.0069139544 -152.732
0.0069141544 -155.93
0.0069143544 -154.731
0.0069145544 -155.53
0.0069147544 -154.331
0.0069149544 -155.131
0.0069151544 -155.131
0.0069153544 -155.93
0.0069155544 -152.732
0.0069157544 -155.131
0.0069159544 -155.93
0.0069161544 -153.131
0.0069163544 -153.931
0.0069165544 -155.131
0.0069167544 -152.732
0.0069169544 -155.53
0.0069171544 -155.131
0.0069173544 -153.131
0.0069175544 -155.93
0.0069177544 -152.732
0.0069179544 -153.931
0.0069181544 -153.131
0.0069183544 -152.732
0.0069185544 -153.931
0.0069187544 -156.73
0.0069189544 -154.731
0.0069191544 -154.731
0.0069193544 -153.531
0.0069195544 -153.931
0.0069197544 -155.53
0.0069199544 -153.531
0.0069201544 -152.732
0.0069203544 -153.931
0.0069205544 -151.932
0.0069207544 -149.133
0.0069209544 -153.131
0.0069211544 -152.332
0.0069213544 -151.132
0.0069215544 -152.332
0.0069217544 -149.133
0.0069219544 -153.131
0.0069221544 -151.532
0.0069223544 -154.731
0.0069225544 -153.131
0.0069227544 -153.131
0.0069229544 -154.731
0.0069231544 -153.931
0.0069233544 -151.132
0.0069235544 -149.533
0.0069237544 -152.332
0.0069239544 -153.531
0.0069241544 -151.532
0.0069243544 -151.132
0.0069245544 -153.131
0.0069247544 -149.933
0.0069249544 -149.133
0.0069251544 -149.533
0.0069253544 -152.732
0.0069255544 -151.932
0.0069257544 -151.532
0.0069259544 -151.932
0.0069261544 -148.334
0.0069263544 -147.934
0.0069265544 -149.533
0.0069267544 -152.732
0.0069269544 -151.132
0.0069271544 -149.533
0.0069273544 -149.533
0.0069275544 -151.932
0.0069277544 -153.131
0.0069279544 -152.332
0.0069281544 -149.933
0.0069283544 -149.933
0.0069285544 -149.933
0.0069287544 -152.732
0.0069289544 -152.332
0.0069291544 -149.933
0.0069293544 -149.133
0.0069295544 -153.131
0.0069297544 -149.533
0.0069299544 -150.732
0.0069301544 -150.333
0.0069303544 -151.132
0.0069305544 -149.933
0.0069307544 -148.334
0.0069309544 -147.934
0.0069311544 -150.333
0.0069313544 -149.533
0.0069315544 -149.533
0.0069317544 -146.334
0.0069319544 -150.732
0.0069321544 -149.533
0.0069323544 -149.933
0.0069325544 -149.933
0.0069327544 -149.533
0.0069329544 -149.533
0.0069331544 -148.733
0.0069333544 -150.732
0.0069335544 -149.133
0.0069337544 -148.334
0.0069339544 -146.734
0.0069341544 -148.733
0.0069343544 -149.533
0.0069345544 -149.533
0.0069347544 -151.132
0.0069349544 -148.334
0.0069351544 -149.533
0.0069353544 -147.134
0.0069355544 -148.733
0.0069357544 -149.933
0.0069359544 -149.533
0.0069361544 -149.933
0.0069363544 -150.333
0.0069365544 -147.934
0.0069367544 -147.134
0.0069369544 -151.532
0.0069371544 -149.133
0.0069373544 -148.733
0.0069375544 -147.534
0.0069377544 -149.133
0.0069379544 -149.133
0.0069381544 -149.933
0.0069383544 -147.534
0.0069385544 -147.934
0.0069387544 -150.333
0.0069389544 -146.334
0.0069391544 -148.733
0.0069393544 -148.334
0.0069395544 -147.134
0.0069397544 -145.935
0.0069399544 -148.334
0.0069401544 -149.533
0.0069403544 -145.935
0.0069405544 -147.534
0.0069407544 -146.334
0.0069409544 -149.133
0.0069411544 -147.934
0.0069413544 -147.534
0.0069415544 -148.334
0.0069417544 -147.934
0.0069419544 -146.734
0.0069421544 -147.134
0.0069423544 -145.935
0.0069425544 -150.333
0.0069427544 -147.934
0.0069429544 -149.533
0.0069431544 -147.134
0.0069433544 -145.135
0.0069435544 -145.935
0.0069437544 -146.734
0.0069439544 -147.534
0.0069441544 -149.933
0.0069443544 -147.934
0.0069445544 -147.934
0.0069447544 -147.934
0.0069449544 -149.133
0.0069451544 -145.135
0.0069453544 -149.133
0.0069455544 -145.935
0.0069457544 -146.334
0.0069459544 -145.535
0.0069461544 -145.535
0.0069463544 -146.334
0.0069465544 -149.133
0.0069467544 -147.534
0.0069469544 -145.535
0.0069471544 -145.535
0.0069473544 -146.734
0.0069475544 -143.936
0.0069477544 -145.935
0.0069479544 -145.935
0.0069481544 -147.534
0.0069483544 -146.734
0.0069485544 -145.535
0.0069487544 -145.135
0.0069489544 -145.135
0.0069491544 -148.334
0.0069493544 -147.934
0.0069495544 -146.734
0.0069497544 -146.734
0.0069499544 -146.334
0.0069501544 -145.935
0.0069503544 -145.935
0.0069505544 -144.735
0.0069507544 -144.735
0.0069509544 -146.734
0.0069511544 -145.935
0.0069513544 -146.334
0.0069515544 -144.735
0.0069517544 -145.935
0.0069519544 -144.735
0.0069521544 -145.935
0.0069523544 -147.934
0.0069525544 -146.334
0.0069527544 -144.335
0.0069529544 -147.134
0.0069531544 -146.334
0.0069533544 -148.334
0.0069535544 -145.135
0.0069537544 -145.935
0.0069539544 -146.734
0.0069541544 -145.135
0.0069543544 -146.734
0.0069545544 -143.536
0.0069547544 -145.535
0.0069549544 -146.334
0.0069551544 -147.534
0.0069553544 -144.335
0.0069555544 -146.734
0.0069557544 -145.535
0.0069559544 -143.936
0.0069561544 -144.335
0.0069563544 -143.136
0.0069565544 -144.335
0.0069567544 -146.334
0.0069569544 -143.136
0.0069571544 -143.936
0.0069573544 -142.736
0.0069575544 -143.136
0.0069577544 -144.335
0.0069579544 -143.536
0.0069581544 -145.535
0.0069583544 -143.536
0.0069585544 -145.135
0.0069587544 -145.535
0.0069589544 -142.736
0.0069591544 -144.735
0.0069593544 -141.936
0.0069595544 -144.335
0.0069597544 -145.535
0.0069599544 -145.535
0.0069601544 -143.136
0.0069603544 -143.136
0.0069605544 -144.335
0.0069607544 -142.736
0.0069609544 -144.735
0.0069611544 -143.536
0.0069613544 -142.736
0.0069615544 -143.136
0.0069617544 -143.136
0.0069619544 -143.536
0.0069621544 -141.936
0.0069623544 -145.135
0.0069625544 -143.936
0.0069627544 -143.136
0.0069629544 -144.735
0.0069631544 -143.536
0.0069633544 -143.936
0.0069635544 -142.736
0.0069637544 -146.334
0.0069639544 -143.936
0.0069641544 -143.136
0.0069643544 -142.736
0.0069645544 -141.936
0.0069647544 -144.335
0.0069649544 -143.936
0.0069651544 -140.337
0.0069653544 -141.936
0.0069655544 -143.536
0.0069657544 -141.537
0.0069659544 -144.335
0.0069661544 -141.936
0.0069663544 -140.737
0.0069665544 -144.335
0.0069667544 -145.935
0.0069669544 -141.537
0.0069671544 -144.735
0.0069673544 -140.337
0.0069675544 -141.537
0.0069677544 -141.537
0.0069679544 -143.136
0.0069681544 -141.936
0.0069683544 -142.736
0.0069685544 -142.736
0.0069687544 -141.936
0.0069689544 -143.936
0.0069691544 -141.137
0.0069693544 -144.735
0.0069695544 -140.337
0.0069697544 -141.537
0.0069699544 -144.335
0.0069701544 -141.936
0.0069703544 -139.937
0.0069705544 -139.937
0.0069707544 -142.336
0.0069709544 -139.937
0.0069711544 -142.336
0.0069713544 -141.537
0.0069715544 -141.936
0.0069717544 -139.537
0.0069719544 -142.736
0.0069721544 -142.336
0.0069723544 -142.336
0.0069725544 -140.337
0.0069727544 -142.736
0.0069729544 -139.537
0.0069731544 -142.336
0.0069733544 -140.337
0.0069735544 -139.537
0.0069737544 -139.937
0.0069739544 -139.937
0.0069741544 -140.337
0.0069743544 -139.537
0.0069745544 -143.536
0.0069747544 -141.137
0.0069749544 -140.737
0.0069751544 -139.138
0.0069753544 -139.138
0.0069755544 -140.737
0.0069757544 -140.337
0.0069759544 -140.737
0.0069761544 -141.537
0.0069763544 -141.936
0.0069765544 -139.138
0.0069767544 -140.337
0.0069769544 -139.537
0.0069771544 -139.138
0.0069773544 -140.737
0.0069775544 -139.537
0.0069777544 -140.337
0.0069779544 -135.939
0.0069781544 -138.738
0.0069783544 -140.737
0.0069785544 -138.338
0.0069787544 -137.938
0.0069789544 -138.738
0.0069791544 -137.938
0.0069793544 -137.938
0.0069795544 -137.139
0.0069797544 -138.738
0.0069799544 -138.738
0.0069801544 -140.737
0.0069803544 -138.338
0.0069805544 -139.138
0.0069807544 -139.537
0.0069809544 -139.537
0.0069811544 -138.738
0.0069813544 -138.738
0.0069815544 -137.139
0.0069817544 -137.139
0.0069819544 -139.138
0.0069821544 -137.139
0.0069823544 -135.939
0.0069825544 -139.537
0.0069827544 -135.939
0.0069829544 -140.337
0.0069831544 -136.739
0.0069833544 -137.538
0.0069835544 -138.738
0.0069837544 -140.337
0.0069839544 -139.537
0.0069841544 -138.338
0.0069843544 -137.538
0.0069845544 -135.939
0.0069847544 -139.537
0.0069849544 -136.339
0.0069851544 -138.338
0.0069853544 -139.537
0.0069855544 -137.938
0.0069857544 -137.938
0.0069859544 -137.139
0.0069861544 -136.339
0.0069863544 -138.738
0.0069865544 -136.739
0.0069867544 -138.738
0.0069869544 -137.938
0.0069871544 -140.737
0.0069873544 -135.939
0.0069875544 -136.339
0.0069877544 -138.338
0.0069879544 -136.339
0.0069881544 -136.339
0.0069883544 -137.938
0.0069885544 -137.139
0.0069887544 -136.339
0.0069889544 -139.537
0.0069891544 -137.139
0.0069893544 -139.937
0.0069895544 -139.537
0.0069897544 -139.937
0.0069899544 -136.339
0.0069901544 -137.139
0.0069903544 -135.939
0.0069905544 -138.738
0.0069907544 -139.537
0.0069909544 -137.938
0.0069911544 -136.339
0.0069913544 -136.339
0.0069915544 -135.939
0.0069917544 -135.939
0.0069919544 -137.139
0.0069921544 -135.939
0.0069923544 -135.539
0.0069925544 -135.939
0.0069927544 -136.339
0.0069929544 -135.139
0.0069931544 -135.539
0.0069933544 -135.939
0.0069935544 -136.339
0.0069937544 -133.94
0.0069939544 -136.739
0.0069941544 -135.939
0.0069943544 -136.339
0.0069945544 -136.739
0.0069947544 -135.139
0.0069949544 -137.139
0.0069951544 -139.138
0.0069953544 -136.339
0.0069955544 -136.739
0.0069957544 -136.339
0.0069959544 -136.339
0.0069961544 -134.34
0.0069963544 -135.539
0.0069965544 -133.94
0.0069967544 -132.741
0.0069969544 -134.34
0.0069971544 -137.139
0.0069973544 -132.341
0.0069975544 -134.74
0.0069977544 -134.74
0.0069979544 -136.739
0.0069981544 -135.139
0.0069983544 -131.541
0.0069985544 -133.54
0.0069987544 -136.339
0.0069989544 -137.938
0.0069991544 -137.139
0.0069993544 -135.539
0.0069995544 -134.74
0.0069997544 -136.739
0.0069999544 -137.538
0.0070001544 -135.539
0.0070003544 -135.939
0.0070005544 -135.939
0.0070007544 -135.539
0.0070009544 -133.54
0.0070011544 -132.341
0.0070013544 -134.34
0.0070015544 -135.539
0.0070017544 -132.341
0.0070019544 -134.74
0.0070021544 -131.941
0.0070023544 -134.34
0.0070025544 -131.141
0.0070027544 -133.14
0.0070029544 -133.54
0.0070031544 -135.539
0.0070033544 -134.74
0.0070035544 -135.539
0.0070037544 -133.94
0.0070039544 -132.341
0.0070041544 -132.741
0.0070043544 -132.341
0.0070045544 -133.54
0.0070047544 -133.94
0.0070049544 -131.541
0.0070051544 -133.14
0.0070053544 -132.741
0.0070055544 -135.539
0.0070057544 -131.941
0.0070059544 -132.741
0.0070061544 -131.941
0.0070063544 -132.341
0.0070065544 -131.941
0.0070067544 -134.74
0.0070069544 -133.54
0.0070071544 -132.341
0.0070073544 -130.741
0.0070075544 -132.341
0.0070077544 -131.941
0.0070079544 -131.941
0.0070081544 -133.94
0.0070083544 -132.341
0.0070085544 -129.542
0.0070087544 -132.341
0.0070089544 -131.941
0.0070091544 -129.542
0.0070093544 -130.741
0.0070095544 -129.142
0.0070097544 -131.541
0.0070099544 -130.741
0.0070101544 -131.141
0.0070103544 -132.341
0.0070105544 -129.942
0.0070107544 -130.741
0.0070109544 -131.141
0.0070111544 -129.942
0.0070113544 -131.541
0.0070115544 -129.542
0.0070117544 -131.941
0.0070119544 -131.541
0.0070121544 -129.942
0.0070123544 -131.541
0.0070125544 -130.342
0.0070127544 -131.541
0.0070129544 -131.141
0.0070131544 -130.741
0.0070133544 -129.142
0.0070135544 -131.941
0.0070137544 -130.741
0.0070139544 -129.542
0.0070141544 -130.342
0.0070143544 -129.942
0.0070145544 -129.942
0.0070147544 -130.741
0.0070149544 -131.941
0.0070151544 -132.741
0.0070153544 -130.342
0.0070155544 -128.742
0.0070157544 -131.141
0.0070159544 -131.541
0.0070161544 -129.542
0.0070163544 -128.343
0.0070165544 -130.342
0.0070167544 -128.343
0.0070169544 -129.542
0.0070171544 -130.342
0.0070173544 -130.741
0.0070175544 -128.742
0.0070177544 -127.943
0.0070179544 -128.343
0.0070181544 -128.742
0.0070183544 -129.942
0.0070185544 -128.343
0.0070187544 -129.142
0.0070189544 -128.343
0.0070191544 -129.542
0.0070193544 -127.943
0.0070195544 -127.943
0.0070197544 -129.542
0.0070199544 -131.141
0.0070201544 -127.143
0.0070203544 -126.743
0.0070205544 -129.542
0.0070207544 -126.743
0.0070209544 -127.943
0.0070211544 -129.142
0.0070213544 -129.542
0.0070215544 -128.742
0.0070217544 -126.743
0.0070219544 -126.743
0.0070221544 -127.543
0.0070223544 -129.542
0.0070225544 -127.943
0.0070227544 -130.342
0.0070229544 -127.543
0.0070231544 -126.343
0.0070233544 -127.143
0.0070235544 -125.944
0.0070237544 -126.343
0.0070239544 -128.343
0.0070241544 -126.343
0.0070243544 -128.343
0.0070245544 -128.343
0.0070247544 -127.143
0.0070249544 -127.143
0.0070251544 -127.143
0.0070253544 -126.743
0.0070255544 -126.343
0.0070257544 -127.543
0.0070259544 -126.743
0.0070261544 -127.943
0.0070263544 -127.143
0.0070265544 -126.343
0.0070267544 -125.944
0.0070269544 -126.743
0.0070271544 -127.543
0.0070273544 -128.343
0.0070275544 -128.742
0.0070277544 -128.742
0.0070279544 -126.743
0.0070281544 -125.944
0.0070283544 -127.143
0.0070285544 -125.144
0.0070287544 -126.743
0.0070289544 -128.742
0.0070291544 -123.944
0.0070293544 -125.944
0.0070295544 -128.343
0.0070297544 -126.743
0.0070299544 -127.543
0.0070301544 -127.143
0.0070303544 -126.343
0.0070305544 -125.944
0.0070307544 -127.543
0.0070309544 -125.544
0.0070311544 -127.543
0.0070313544 -127.143
0.0070315544 -126.743
0.0070317544 -125.944
0.0070319544 -125.944
0.0070321544 -126.343
0.0070323544 -124.344
0.0070325544 -123.944
0.0070327544 -127.143
0.0070329544 -126.743
0.0070331544 -123.545
0.0070333544 -123.545
0.0070335544 -127.943
0.0070337544 -123.545
0.0070339544 -124.744
0.0070341544 -123.944
0.0070343544 -127.143
0.0070345544 -125.144
0.0070347544 -125.144
0.0070349544 -124.744
0.0070351544 -125.944
0.0070353544 -125.544
0.0070355544 -124.344
0.0070357544 -125.944
0.0070359544 -124.344
0.0070361544 -124.344
0.0070363544 -125.944
0.0070365544 -125.544
0.0070367544 -127.143
0.0070369544 -123.944
0.0070371544 -124.344
0.0070373544 -124.344
0.0070375544 -124.344
0.0070377544 -122.745
0.0070379544 -123.545
0.0070381544 -125.944
0.0070383544 -127.143
0.0070385544 -125.144
0.0070387544 -123.145
0.0070389544 -126.343
0.0070391544 -122.745
0.0070393544 -123.944
0.0070395544 -124.344
0.0070397544 -124.744
0.0070399544 -125.144
0.0070401544 -126.743
0.0070403544 -124.344
0.0070405544 -125.144
0.0070407544 -124.744
0.0070409544 -125.144
0.0070411544 -126.343
0.0070413544 -125.144
0.0070415544 -123.145
0.0070417544 -123.944
0.0070419544 -122.345
0.0070421544 -123.944
0.0070423544 -124.344
0.0070425544 -125.544
0.0070427544 -123.944
0.0070429544 -125.944
0.0070431544 -124.344
0.0070433544 -125.144
0.0070435544 -125.544
0.0070437544 -123.545
0.0070439544 -121.546
0.0070441544 -125.944
0.0070443544 -127.543
0.0070445544 -123.545
0.0070447544 -121.546
0.0070449544 -123.145
0.0070451544 -123.545
0.0070453544 -123.944
0.0070455544 -125.944
0.0070457544 -124.344
0.0070459544 -124.344
0.0070461544 -126.343
0.0070463544 -122.745
0.0070465544 -122.345
0.0070467544 -122.745
0.0070469544 -127.543
0.0070471544 -125.144
0.0070473544 -122.745
0.0070475544 -123.944
0.0070477544 -121.945
0.0070479544 -123.545
0.0070481544 -122.745
0.0070483544 -123.145
0.0070485544 -122.345
0.0070487544 -123.145
0.0070489544 -122.745
0.0070491544 -120.746
0.0070493544 -124.744
0.0070495544 -124.344
0.0070497544 -121.146
0.0070499544 -121.945
0.0070501544 -121.546
0.0070503544 -122.345
0.0070505544 -121.546
0.0070507544 -123.545
0.0070509544 -121.945
0.0070511544 -121.146
0.0070513544 -123.944
0.0070515544 -121.546
0.0070517544 -122.345
0.0070519544 -120.346
0.0070521544 -121.146
0.0070523544 -122.345
0.0070525544 -119.546
0.0070527544 -123.545
0.0070529544 -120.346
0.0070531544 -121.546
0.0070533544 -122.345
0.0070535544 -122.345
0.0070537544 -121.146
0.0070539544 -119.946
0.0070541544 -123.145
0.0070543544 -123.944
0.0070545544 -121.546
0.0070547544 -122.345
0.0070549544 -119.546
0.0070551544 -117.547
0.0070553544 -121.945
0.0070555544 -119.946
0.0070557544 -121.945
0.0070559544 -119.946
0.0070561544 -119.946
0.0070563544 -121.146
0.0070565544 -117.947
0.0070567544 -120.346
0.0070569544 -121.546
0.0070571544 -121.546
0.0070573544 -121.146
0.0070575544 -119.147
0.0070577544 -118.747
0.0070579544 -117.947
0.0070581544 -120.346
0.0070583544 -118.347
0.0070585544 -123.145
0.0070587544 -121.146
0.0070589544 -121.146
0.0070591544 -120.746
0.0070593544 -122.345
0.0070595544 -121.945
0.0070597544 -120.746
0.0070599544 -121.945
0.0070601544 -120.346
0.0070603544 -119.147
0.0070605544 -119.946
0.0070607544 -121.945
0.0070609544 -121.546
0.0070611544 -119.147
0.0070613544 -120.746
0.0070615544 -119.147
0.0070617544 -119.946
0.0070619544 -118.347
0.0070621544 -119.147
0.0070623544 -120.746
0.0070625544 -120.346
0.0070627544 -121.146
0.0070629544 -121.146
0.0070631544 -118.747
0.0070633544 -116.348
0.0070635544 -121.146
0.0070637544 -118.747
0.0070639544 -120.746
0.0070641544 -120.346
0.0070643544 -119.946
0.0070645544 -119.147
0.0070647544 -120.346
0.0070649544 -117.947
0.0070651544 -120.346
0.0070653544 -119.546
0.0070655544 -119.147
0.0070657544 -120.346
0.0070659544 -118.347
0.0070661544 -121.945
0.0070663544 -120.346
0.0070665544 -118.347
0.0070667544 -121.546
0.0070669544 -119.147
0.0070671544 -119.147
0.0070673544 -117.148
0.0070675544 -117.547
0.0070677544 -118.347
0.0070679544 -119.946
0.0070681544 -117.148
0.0070683544 -119.147
0.0070685544 -119.546
0.0070687544 -115.148
0.0070689544 -117.547
0.0070691544 -115.948
0.0070693544 -117.547
0.0070695544 -118.347
0.0070697544 -117.947
0.0070699544 -116.748
0.0070701544 -120.346
0.0070703544 -117.547
0.0070705544 -117.947
0.0070707544 -121.546
0.0070709544 -117.547
0.0070711544 -119.946
0.0070713544 -115.148
0.0070715544 -117.148
0.0070717544 -119.946
0.0070719544 -117.547
0.0070721544 -119.147
0.0070723544 -119.546
0.0070725544 -117.148
0.0070727544 -121.546
0.0070729544 -118.347
0.0070731544 -119.147
0.0070733544 -117.547
0.0070735544 -118.347
0.0070737544 -118.747
0.0070739544 -117.547
0.0070741544 -117.947
0.0070743544 -115.948
0.0070745544 -119.147
0.0070747544 -118.347
0.0070749544 -119.546
0.0070751544 -117.148
0.0070753544 -118.747
0.0070755544 -117.947
0.0070757544 -118.747
0.0070759544 -118.347
0.0070761544 -117.148
0.0070763544 -118.347
0.0070765544 -116.748
0.0070767544 -116.348
0.0070769544 -117.148
0.0070771544 -116.748
0.0070773544 -115.948
0.0070775544 -116.748
0.0070777544 -117.547
0.0070779544 -117.148
0.0070781544 -120.746
0.0070783544 -117.148
0.0070785544 -113.549
0.0070787544 -115.548
0.0070789544 -118.747
0.0070791544 -116.348
0.0070793544 -115.948
0.0070795544 -117.148
0.0070797544 -117.148
0.0070799544 -117.148
0.0070801544 -115.948
0.0070803544 -114.349
0.0070805544 -119.546
0.0070807544 -116.748
0.0070809544 -116.348
0.0070811544 -115.948
0.0070813544 -115.548
0.0070815544 -114.749
0.0070817544 -116.348
0.0070819544 -117.547
0.0070821544 -116.348
0.0070823544 -115.948
0.0070825544 -115.148
0.0070827544 -115.948
0.0070829544 -116.348
0.0070831544 -116.348
0.0070833544 -114.349
0.0070835544 -117.547
0.0070837544 -115.948
0.0070839544 -116.348
0.0070841544 -114.749
0.0070843544 -113.949
0.0070845544 -115.148
0.0070847544 -118.747
0.0070849544 -115.548
0.0070851544 -112.749
0.0070853544 -113.549
0.0070855544 -114.349
0.0070857544 -117.148
0.0070859544 -115.948
0.0070861544 -114.749
0.0070863544 -115.148
0.0070865544 -115.548
0.0070867544 -114.349
0.0070869544 -115.148
0.0070871544 -113.949
0.0070873544 -114.749
0.0070875544 -117.547
0.0070877544 -114.349
0.0070879544 -114.749
0.0070881544 -111.95
0.0070883544 -115.548
0.0070885544 -116.348
0.0070887544 -115.948
0.0070889544 -113.549
0.0070891544 -117.148
0.0070893544 -113.949
0.0070895544 -111.95
0.0070897544 -113.549
0.0070899544 -114.749
0.0070901544 -113.149
0.0070903544 -111.95
0.0070905544 -113.949
0.0070907544 -115.548
0.0070909544 -113.149
0.0070911544 -111.55
0.0070913544 -111.95
0.0070915544 -114.349
0.0070917544 -113.149
0.0070919544 -112.35
0.0070921544 -114.749
0.0070923544 -113.949
0.0070925544 -111.15
0.0070927544 -113.949
0.0070929544 -114.749
0.0070931544 -114.349
0.0070933544 -112.749
0.0070935544 -113.549
0.0070937544 -112.749
0.0070939544 -111.55
0.0070941544 -113.549
0.0070943544 -111.55
0.0070945544 -113.549
0.0070947544 -113.149
0.0070949544 -111.55
0.0070951544 -113.149
0.0070953544 -113.549
0.0070955544 -109.951
0.0070957544 -113.149
0.0070959544 -111.15
0.0070961544 -111.15
0.0070963544 -111.95
0.0070965544 -113.549
0.0070967544 -109.951
0.0070969544 -110.75
0.0070971544 -111.95
0.0070973544 -111.95
0.0070975544 -112.749
0.0070977544 -110.75
0.0070979544 -111.95
0.0070981544 -109.551
0.0070983544 -111.95
0.0070985544 -112.749
0.0070987544 -112.749
0.0070989544 -111.55
0.0070991544 -109.151
0.0070993544 -111.55
0.0070995544 -109.551
0.0070997544 -109.551
0.0070999544 -109.551
0.0071001544 -110.351
0.0071003544 -108.351
0.0071005544 -111.95
0.0071007544 -108.751
0.0071009544 -110.351
0.0071011544 -109.951
0.0071013544 -111.15
0.0071015544 -107.552
0.0071017544 -111.55
0.0071019544 -111.15
0.0071021544 -111.55
0.0071023544 -112.749
0.0071025544 -110.351
0.0071027544 -112.35
0.0071029544 -108.351
0.0071031544 -109.951
0.0071033544 -108.751
0.0071035544 -109.551
0.0071037544 -108.751
0.0071039544 -108.751
0.0071041544 -107.552
0.0071043544 -109.951
0.0071045544 -108.351
0.0071047544 -107.952
0.0071049544 -107.952
0.0071051544 -112.35
0.0071053544 -109.951
0.0071055544 -109.951
0.0071057544 -111.95
0.0071059544 -107.952
0.0071061544 -105.553
0.0071063544 -110.351
0.0071065544 -108.751
0.0071067544 -109.151
0.0071069544 -107.552
0.0071071544 -107.952
0.0071073544 -105.953
0.0071075544 -106.352
0.0071077544 -108.351
0.0071079544 -105.153
0.0071081544 -105.953
0.0071083544 -105.153
0.0071085544 -106.352
0.0071087544 -107.152
0.0071089544 -108.351
0.0071091544 -107.152
0.0071093544 -106.752
0.0071095544 -108.751
0.0071097544 -106.352
0.0071099544 -106.752
0.0071101544 -106.352
0.0071103544 -106.352
0.0071105544 -107.552
0.0071107544 -109.151
0.0071109544 -107.952
0.0071111544 -107.152
0.0071113544 -107.952
0.0071115544 -108.351
0.0071117544 -106.352
0.0071119544 -106.352
0.0071121544 -107.952
0.0071123544 -106.752
0.0071125544 -105.553
0.0071127544 -105.553
0.0071129544 -105.953
0.0071131544 -107.552
0.0071133544 -103.953
0.0071135544 -107.152
0.0071137544 -108.751
0.0071139544 -106.352
0.0071141544 -105.953
0.0071143544 -105.953
0.0071145544 -107.552
0.0071147544 -106.752
0.0071149544 -103.154
0.0071151544 -104.353
0.0071153544 -105.153
0.0071155544 -106.352
0.0071157544 -105.553
0.0071159544 -103.953
0.0071161544 -107.152
0.0071163544 -105.953
0.0071165544 -108.351
0.0071167544 -106.352
0.0071169544 -105.553
0.0071171544 -103.554
0.0071173544 -104.353
0.0071175544 -103.953
0.0071177544 -107.552
0.0071179544 -104.353
0.0071181544 -105.953
0.0071183544 -106.752
0.0071185544 -104.753
0.0071187544 -104.353
0.0071189544 -106.752
0.0071191544 -103.953
0.0071193544 -104.753
0.0071195544 -103.953
0.0071197544 -105.553
0.0071199544 -107.552
0.0071201544 -104.753
0.0071203544 -102.754
0.0071205544 -105.553
0.0071207544 -106.352
0.0071209544 -104.353
0.0071211544 -104.353
0.0071213544 -103.953
0.0071215544 -108.351
0.0071217544 -105.153
0.0071219544 -105.953
0.0071221544 -104.353
0.0071223544 -103.953
0.0071225544 -107.552
0.0071227544 -103.154
0.0071229544 -104.353
0.0071231544 -105.553
0.0071233544 -104.753
0.0071235544 -103.953
0.0071237544 -103.953
0.0071239544 -103.154
0.0071241544 -105.953
0.0071243544 -106.352
0.0071245544 -101.954
0.0071247544 -104.753
0.0071249544 -102.754
0.0071251544 -100.755
0.0071253544 -102.754
0.0071255544 -104.753
0.0071257544 -102.354
0.0071259544 -104.753
0.0071261544 -102.754
0.0071263544 -101.954
0.0071265544 -105.153
0.0071267544 -101.954
0.0071269544 -103.953
0.0071271544 -101.155
0.0071273544 -103.154
0.0071275544 -103.953
0.0071277544 -104.753
0.0071279544 -101.954
0.0071281544 -102.354
0.0071283544 -102.354
0.0071285544 -102.754
0.0071287544 -102.754
0.0071289544 -102.754
0.0071291544 -104.753
0.0071293544 -100.355
0.0071295544 -102.754
0.0071297544 -103.154
0.0071299544 -103.554
0.0071301544 -103.554
0.0071303544 -100.755
0.0071305544 -102.354
0.0071307544 -104.353
0.0071309544 -104.353
0.0071311544 -103.154
0.0071313544 -100.755
0.0071315544 -102.754
0.0071317544 -101.555
0.0071319544 -101.555
0.0071321544 -104.353
0.0071323544 -104.753
0.0071325544 -102.354
0.0071327544 -103.154
0.0071329544 -101.555
0.0071331544 -104.753
0.0071333544 -102.354
0.0071335544 -103.154
0.0071337544 -101.155
0.0071339544 -102.754
0.0071341544 -99.9552
0.0071343544 -101.155
0.0071345544 -102.754
0.0071347544 -101.954
0.0071349544 -104.353
0.0071351544 -101.954
0.0071353544 -101.155
0.0071355544 -102.354
0.0071357544 -101.155
0.0071359544 -102.754
0.0071361544 -101.555
0.0071363544 -100.355
0.0071365544 -104.353
0.0071367544 -101.954
0.0071369544 -102.354
0.0071371544 -101.954
0.0071373544 -99.5554
0.0071375544 -102.354
0.0071377544 -103.953
0.0071379544 -102.354
0.0071381544 -102.354
0.0071383544 -101.954
0.0071385544 -101.954
0.0071387544 -101.555
0.0071389544 -101.954
0.0071391544 -102.354
0.0071393544 -101.155
0.0071395544 -100.355
0.0071397544 -102.354
0.0071399544 -102.354
0.0071401544 -105.153
0.0071403544 -99.9552
0.0071405544 -101.155
0.0071407544 -97.5563
0.0071409544 -100.355
0.0071411544 -101.155
0.0071413544 -99.9552
0.0071415544 -99.9552
0.0071417544 -101.555
0.0071419544 -102.754
0.0071421544 -101.155
0.0071423544 -99.5554
0.0071425544 -101.954
0.0071427544 -99.5554
0.0071429544 -100.755
0.0071431544 -101.555
0.0071433544 -101.555
0.0071435544 -98.7558
0.0071437544 -99.1556
0.0071439544 -99.5554
0.0071441544 -101.555
0.0071443544 -100.355
0.0071445544 -101.555
0.0071447544 -101.155
0.0071449544 -98.7558
0.0071451544 -100.755
0.0071453544 -100.755
0.0071455544 -101.155
0.0071457544 -97.1565
0.0071459544 -99.9552
0.0071461544 -101.555
0.0071463544 -98.3559
0.0071465544 -99.9552
0.0071467544 -101.954
0.0071469544 -101.155
0.0071471544 -100.755
0.0071473544 -98.7558
0.0071475544 -100.355
0.0071477544 -100.755
0.0071479544 -100.355
0.0071481544 -99.5554
0.0071483544 -99.1556
0.0071485544 -99.1556
0.0071487544 -99.5554
0.0071489544 -99.5554
0.0071491544 -102.754
0.0071493544 -99.9552
0.0071495544 -98.7558
0.0071497544 -99.5554
0.0071499544 -99.5554
0.0071501544 -97.9561
0.0071503544 -97.9561
0.0071505544 -97.9561
0.0071507544 -96.3568
0.0071509544 -96.3568
0.0071511544 -98.3559
0.0071513544 -99.1556
0.0071515544 -96.7567
0.0071517544 -99.1556
0.0071519544 -99.1556
0.0071521544 -97.5563
0.0071523544 -95.957
0.0071525544 -97.9561
0.0071527544 -97.1565
0.0071529544 -97.5563
0.0071531544 -96.3568
0.0071533544 -99.5554
0.0071535544 -98.7558
0.0071537544 -98.3559
0.0071539544 -99.5554
0.0071541544 -96.3568
0.0071543544 -97.9561
0.0071545544 -99.5554
0.0071547544 -98.3559
0.0071549544 -96.7567
0.0071551544 -95.957
0.0071553544 -99.1556
0.0071555544 -99.5554
0.0071557544 -95.5572
0.0071559544 -96.7567
0.0071561544 -97.1565
0.0071563544 -97.1565
0.0071565544 -96.7567
0.0071567544 -98.7558
0.0071569544 -94.7575
0.0071571544 -98.3559
0.0071573544 -97.5563
0.0071575544 -99.1556
0.0071577544 -97.1565
0.0071579544 -95.1574
0.0071581544 -95.957
0.0071583544 -97.9561
0.0071585544 -97.5563
0.0071587544 -95.5572
0.0071589544 -96.3568
0.0071591544 -94.3577
0.0071593544 -96.7567
0.0071595544 -93.1583
0.0071597544 -97.1565
0.0071599544 -96.7567
0.0071601544 -95.1574
0.0071603544 -95.5572
0.0071605544 -96.3568
0.0071607544 -95.957
0.0071609544 -96.3568
0.0071611544 -95.5572
0.0071613544 -97.5563
0.0071615544 -95.5572
0.0071617544 -93.1583
0.0071619544 -96.3568
0.0071621544 -94.7575
0.0071623544 -96.3568
0.0071625544 -96.3568
0.0071627544 -94.7575
0.0071629544 -95.5572
0.0071631544 -96.7567
0.0071633544 -95.1574
0.0071635544 -94.3577
0.0071637544 -94.7575
0.0071639544 -95.1574
0.0071641544 -97.1565
0.0071643544 -96.7567
0.0071645544 -93.5581
0.0071647544 -96.3568
0.0071649544 -95.5572
0.0071651544 -96.7567
0.0071653544 -92.7584
0.0071655544 -95.5572
0.0071657544 -96.7567
0.0071659544 -93.9579
0.0071661544 -93.1583
0.0071663544 -93.1583
0.0071665544 -91.1592
0.0071667544 -95.5572
0.0071669544 -93.1583
0.0071671544 -94.3577
0.0071673544 -92.3586
0.0071675544 -95.1574
0.0071677544 -93.1583
0.0071679544 -94.3577
0.0071681544 -96.7567
0.0071683544 -96.3568
0.0071685544 -93.9579
0.0071687544 -92.7584
0.0071689544 -93.5581
0.0071691544 -91.559
0.0071693544 -98.3559
0.0071695544 -93.9579
0.0071697544 -94.7575
0.0071699544 -90.3595
0.0071701544 -94.7575
0.0071703544 -93.1583
0.0071705544 -94.7575
0.0071707544 -93.1583
0.0071709544 -94.3577
0.0071711544 -96.3568
0.0071713544 -94.7575
0.0071715544 -95.1574
0.0071717544 -93.9579
0.0071719544 -92.7584
0.0071721544 -92.3586
0.0071723544 -91.9588
0.0071725544 -91.9588
0.0071727544 -93.9579
0.0071729544 -93.5581
0.0071731544 -94.7575
0.0071733544 -93.1583
0.0071735544 -95.1574
0.0071737544 -91.1592
0.0071739544 -94.3577
0.0071741544 -92.7584
0.0071743544 -95.1574
0.0071745544 -91.9588
0.0071747544 -93.1583
0.0071749544 -91.559
0.0071751544 -92.7584
0.0071753544 -93.1583
0.0071755544 -93.9579
0.0071757544 -92.3586
0.0071759544 -93.9579
0.0071761544 -94.7575
0.0071763544 -91.9588
0.0071765544 -93.5581
0.0071767544 -93.1583
0.0071769544 -91.9588
0.0071771544 -93.9579
0.0071773544 -91.1592
0.0071775544 -90.7593
0.0071777544 -93.1583
0.0071779544 -92.3586
0.0071781544 -91.9588
0.0071783544 -94.7575
0.0071785544 -90.7593
0.0071787544 -89.5599
0.0071789544 -93.1583
0.0071791544 -93.5581
0.0071793544 -91.9588
0.0071795544 -94.3577
0.0071797544 -92.7584
0.0071799544 -90.7593
0.0071801544 -93.5581
0.0071803544 -89.9597
0.0071805544 -93.5581
0.0071807544 -89.1601
0.0071809544 -92.3586
0.0071811544 -92.3586
0.0071813544 -91.1592
0.0071815544 -92.7584
0.0071817544 -89.1601
0.0071819544 -92.3586
0.0071821544 -91.559
0.0071823544 -90.7593
0.0071825544 -91.9588
0.0071827544 -90.7593
0.0071829544 -91.1592
0.0071831544 -92.7584
0.0071833544 -89.5599
0.0071835544 -89.9597
0.0071837544 -91.559
0.0071839544 -92.7584
0.0071841544 -91.559
0.0071843544 -92.3586
0.0071845544 -89.5599
0.0071847544 -88.3604
0.0071849544 -89.9597
0.0071851544 -89.9597
0.0071853544 -90.3595
0.0071855544 -89.5599
0.0071857544 -91.9588
0.0071859544 -90.3595
0.0071861544 -89.9597
0.0071863544 -90.3595
0.0071865544 -91.1592
0.0071867544 -89.5599
0.0071869544 -91.9588
0.0071871544 -89.1601
0.0071873544 -89.5599
0.0071875544 -91.1592
0.0071877544 -91.9588
0.0071879544 -90.7593
0.0071881544 -88.3604
0.0071883544 -91.9588
0.0071885544 -90.7593
0.0071887544 -89.1601
0.0071889544 -89.9597
0.0071891544 -89.1601
0.0071893544 -87.5608
0.0071895544 -90.3595
0.0071897544 -87.161
0.0071899544 -89.1601
0.0071901544 -91.9588
0.0071903544 -89.1601
0.0071905544 -88.3604
0.0071907544 -88.3604
0.0071909544 -88.7602
0.0071911544 -89.1601
0.0071913544 -86.7611
0.0071915544 -89.1601
0.0071917544 -87.5608
0.0071919544 -88.3604
0.0071921544 -86.7611
0.0071923544 -89.1601
0.0071925544 -90.3595
0.0071927544 -88.7602
0.0071929544 -86.3613
0.0071931544 -88.3604
0.0071933544 -89.5599
0.0071935544 -89.9597
0.0071937544 -89.5599
0.0071939544 -89.1601
0.0071941544 -88.7602
0.0071943544 -88.7602
0.0071945544 -86.3613
0.0071947544 -88.3604
0.0071949544 -88.3604
0.0071951544 -88.3604
0.0071953544 -87.5608
0.0071955544 -85.9615
0.0071957544 -88.3604
0.0071959544 -89.9597
0.0071961544 -88.3604
0.0071963544 -87.5608
0.0071965544 -89.1601
0.0071967544 -87.5608
0.0071969544 -85.9615
0.0071971544 -89.9597
0.0071973544 -88.3604
0.0071975544 -87.9606
0.0071977544 -87.5608
0.0071979544 -87.5608
0.0071981544 -86.7611
0.0071983544 -86.7611
0.0071985544 -88.3604
0.0071987544 -84.762
0.0071989544 -83.9624
0.0071991544 -87.9606
0.0071993544 -87.161
0.0071995544 -86.3613
0.0071997544 -86.3613
0.0071999544 -86.3613
0.0072001544 -88.3604
0.0072003544 -86.3613
0.0072005544 -84.3622
0.0072007544 -87.161
0.0072009544 -88.7602
0.0072011544 -87.5608
0.0072013544 -85.5617
0.0072015544 -85.5617
0.0072017544 -86.7611
0.0072019544 -87.5608
0.0072021544 -88.3604
0.0072023544 -88.3604
0.0072025544 -88.7602
0.0072027544 -87.9606
0.0072029544 -89.1601
0.0072031544 -86.3613
0.0072033544 -87.9606
0.0072035544 -86.3613
0.0072037544 -84.762
0.0072039544 -85.9615
0.0072041544 -83.9624
0.0072043544 -87.161
0.0072045544 -85.1618
0.0072047544 -84.762
0.0072049544 -83.9624
0.0072051544 -85.5617
0.0072053544 -85.9615
0.0072055544 -85.1618
0.0072057544 -85.9615
0.0072059544 -87.5608
0.0072061544 -85.1618
0.0072063544 -87.161
0.0072065544 -84.762
0.0072067544 -86.3613
0.0072069544 -85.1618
0.0072071544 -83.5626
0.0072073544 -86.3613
0.0072075544 -83.5626
0.0072077544 -84.3622
0.0072079544 -85.9615
0.0072081544 -84.3622
0.0072083544 -86.7611
0.0072085544 -86.3613
0.0072087544 -86.7611
0.0072089544 -84.762
0.0072091544 -84.762
0.0072093544 -86.3613
0.0072095544 -84.762
0.0072097544 -82.7629
0.0072099544 -85.9615
0.0072101544 -85.1618
0.0072103544 -83.5626
0.0072105544 -86.3613
0.0072107544 -84.762
0.0072109544 -85.1618
0.0072111544 -85.9615
0.0072113544 -84.3622
0.0072115544 -82.7629
0.0072117544 -87.161
0.0072119544 -86.3613
0.0072121544 -84.3622
0.0072123544 -83.1627
0.0072125544 -86.7611
0.0072127544 -85.1618
0.0072129544 -85.9615
0.0072131544 -84.3622
0.0072133544 -84.3622
0.0072135544 -83.9624
0.0072137544 -84.762
0.0072139544 -83.5626
0.0072141544 -83.9624
0.0072143544 -84.762
0.0072145544 -83.1627
0.0072147544 -82.7629
0.0072149544 -83.5626
0.0072151544 -83.5626
0.0072153544 -82.7629
0.0072155544 -85.1618
0.0072157544 -85.1618
0.0072159544 -84.762
0.0072161544 -82.7629
0.0072163544 -82.7629
0.0072165544 -84.3622
0.0072167544 -83.9624
0.0072169544 -82.3631
0.0072171544 -81.9633
0.0072173544 -85.9615
0.0072175544 -83.5626
0.0072177544 -84.762
0.0072179544 -85.5617
0.0072181544 -83.9624
0.0072183544 -82.3631
0.0072185544 -83.1627
0.0072187544 -82.7629
0.0072189544 -80.7638
0.0072191544 -80.7638
0.0072193544 -83.1627
0.0072195544 -83.9624
0.0072197544 -80.364
0.0072199544 -81.5635
0.0072201544 -81.9633
0.0072203544 -82.7629
0.0072205544 -83.9624
0.0072207544 -82.7629
0.0072209544 -82.7629
0.0072211544 -84.762
0.0072213544 -83.1627
0.0072215544 -81.1636
0.0072217544 -80.7638
0.0072219544 -82.3631
0.0072221544 -82.3631
0.0072223544 -84.3622
0.0072225544 -82.7629
0.0072227544 -82.7629
0.0072229544 -80.364
0.0072231544 -79.5644
0.0072233544 -82.7629
0.0072235544 -81.1636
0.0072237544 -82.3631
0.0072239544 -81.1636
0.0072241544 -83.5626
0.0072243544 -81.5635
0.0072245544 -82.3631
0.0072247544 -80.364
0.0072249544 -82.3631
0.0072251544 -81.9633
0.0072253544 -81.1636
0.0072255544 -83.1627
0.0072257544 -80.364
0.0072259544 -79.9642
0.0072261544 -80.364
0.0072263544 -78.3649
0.0072265544 -78.7647
0.0072267544 -80.7638
0.0072269544 -81.1636
0.0072271544 -79.1645
0.0072273544 -81.5635
0.0072275544 -80.364
0.0072277544 -81.1636
0.0072279544 -79.1645
0.0072281544 -81.1636
0.0072283544 -82.3631
0.0072285544 -80.7638
0.0072287544 -77.9651
0.0072289544 -83.1627
0.0072291544 -80.364
0.0072293544 -78.7647
0.0072295544 -79.9642
0.0072297544 -80.364
0.0072299544 -81.9633
0.0072301544 -81.1636
0.0072303544 -80.364
0.0072305544 -81.9633
0.0072307544 -79.9642
0.0072309544 -81.1636
0.0072311544 -79.9642
0.0072313544 -77.5653
0.0072315544 -77.1654
0.0072317544 -79.9642
0.0072319544 -78.7647
0.0072321544 -80.364
0.0072323544 -80.364
0.0072325544 -79.1645
0.0072327544 -79.1645
0.0072329544 -80.7638
0.0072331544 -78.3649
0.0072333544 -79.1645
0.0072335544 -79.9642
0.0072337544 -80.364
0.0072339544 -79.5644
0.0072341544 -81.1636
0.0072343544 -79.5644
0.0072345544 -79.5644
0.0072347544 -78.7647
0.0072349544 -77.5653
0.0072351544 -78.7647
0.0072353544 -78.3649
0.0072355544 -81.1636
0.0072357544 -82.7629
0.0072359544 -81.9633
0.0072361544 -78.7647
0.0072363544 -79.1645
0.0072365544 -79.5644
0.0072367544 -81.1636
0.0072369544 -79.1645
0.0072371544 -79.1645
0.0072373544 -79.5644
0.0072375544 -77.1654
0.0072377544 -77.1654
0.0072379544 -76.3658
0.0072381544 -79.9642
0.0072383544 -75.966
0.0072385544 -79.9642
0.0072387544 -77.1654
0.0072389544 -79.1645
0.0072391544 -76.3658
0.0072393544 -77.1654
0.0072395544 -76.7656
0.0072397544 -77.5653
0.0072399544 -79.1645
0.0072401544 -77.9651
0.0072403544 -78.3649
0.0072405544 -77.9651
0.0072407544 -75.5661
0.0072409544 -75.5661
0.0072411544 -75.966
0.0072413544 -75.1663
0.0072415544 -74.3667
0.0072417544 -76.7656
0.0072419544 -76.3658
0.0072421544 -78.7647
0.0072423544 -77.1654
0.0072425544 -78.7647
0.0072427544 -75.1663
0.0072429544 -77.5653
0.0072431544 -74.7665
0.0072433544 -77.1654
0.0072435544 -76.7656
0.0072437544 -73.1672
0.0072439544 -77.9651
0.0072441544 -79.1645
0.0072443544 -76.3658
0.0072445544 -75.966
0.0072447544 -75.1663
0.0072449544 -75.1663
0.0072451544 -74.3667
0.0072453544 -76.3658
0.0072455544 -73.9669
0.0072457544 -75.5661
0.0072459544 -74.7665
0.0072461544 -75.5661
0.0072463544 -71.9678
0.0072465544 -74.3667
0.0072467544 -73.567
0.0072469544 -75.5661
0.0072471544 -71.5679
0.0072473544 -75.966
0.0072475544 -76.3658
0.0072477544 -73.1672
0.0072479544 -75.1663
0.0072481544 -75.966
0.0072483544 -75.1663
0.0072485544 -75.5661
0.0072487544 -73.9669
0.0072489544 -75.966
0.0072491544 -75.1663
0.0072493544 -73.9669
0.0072495544 -71.9678
0.0072497544 -75.966
0.0072499544 -72.3676
0.0072501544 -72.3676
0.0072503544 -75.1663
0.0072505544 -73.1672
0.0072507544 -77.1654
0.0072509544 -73.567
0.0072511544 -72.7674
0.0072513544 -72.3676
0.0072515544 -72.7674
0.0072517544 -73.1672
0.0072519544 -71.9678
0.0072521544 -71.5679
0.0072523544 -71.5679
0.0072525544 -75.1663
0.0072527544 -72.3676
0.0072529544 -73.1672
0.0072531544 -69.9687
0.0072533544 -69.169
0.0072535544 -70.7683
0.0072537544 -72.7674
0.0072539544 -71.5679
0.0072541544 -73.567
0.0072543544 -71.1681
0.0072545544 -73.9669
0.0072547544 -70.3685
0.0072549544 -71.9678
0.0072551544 -71.5679
0.0072553544 -73.1672
0.0072555544 -71.5679
0.0072557544 -70.3685
0.0072559544 -71.9678
0.0072561544 -71.5679
0.0072563544 -68.7692
0.0072565544 -69.9687
0.0072567544 -69.9687
0.0072569544 -71.9678
0.0072571544 -73.1672
0.0072573544 -69.5688
0.0072575544 -69.5688
0.0072577544 -70.7683
0.0072579544 -74.3667
0.0072581544 -71.1681
0.0072583544 -67.9695
0.0072585544 -68.7692
0.0072587544 -70.3685
0.0072589544 -69.5688
0.0072591544 -68.7692
0.0072593544 -66.7701
0.0072595544 -69.169
0.0072597544 -70.7683
0.0072599544 -69.169
0.0072601544 -67.9695
0.0072603544 -70.3685
0.0072605544 -68.3694
0.0072607544 -69.9687
0.0072609544 -69.9687
0.0072611544 -66.7701
0.0072613544 -69.9687
0.0072615544 -69.9687
0.0072617544 -70.3685
0.0072619544 -68.3694
0.0072621544 -67.5697
0.0072623544 -68.3694
0.0072625544 -67.9695
0.0072627544 -67.5697
0.0072629544 -69.5688
0.0072631544 -68.3694
0.0072633544 -65.9704
0.0072635544 -67.5697
0.0072637544 -67.5697
0.0072639544 -66.7701
0.0072641544 -66.3703
0.0072643544 -64.771
0.0072645544 -66.3703
0.0072647544 -67.5697
0.0072649544 -68.7692
0.0072651544 -68.3694
0.0072653544 -67.1699
0.0072655544 -66.3703
0.0072657544 -68.3694
0.0072659544 -65.5706
0.0072661544 -65.5706
0.0072663544 -66.7701
0.0072665544 -65.9704
0.0072667544 -66.7701
0.0072669544 -67.5697
0.0072671544 -65.9704
0.0072673544 -64.771
0.0072675544 -65.1708
0.0072677544 -65.9704
0.0072679544 -64.771
0.0072681544 -64.771
0.0072683544 -63.9713
0.0072685544 -65.9704
0.0072687544 -63.1717
0.0072689544 -65.9704
0.0072691544 -65.9704
0.0072693544 -64.3712
0.0072695544 -65.9704
0.0072697544 -64.3712
0.0072699544 -63.5715
0.0072701544 -64.771
0.0072703544 -67.1699
0.0072705544 -62.7719
0.0072707544 -64.771
0.0072709544 -66.7701
0.0072711544 -65.9704
0.0072713544 -63.5715
0.0072715544 -63.1717
0.0072717544 -65.9704
0.0072719544 -65.1708
0.0072721544 -64.3712
0.0072723544 -63.5715
0.0072725544 -63.1717
0.0072727544 -62.7719
0.0072729544 -62.7719
0.0072731544 -62.3721
0.0072733544 -64.3712
0.0072735544 -61.9722
0.0072737544 -62.3721
0.0072739544 -63.1717
0.0072741544 -62.7719
0.0072743544 -60.373
0.0072745544 -66.3703
0.0072747544 -61.1726
0.0072749544 -63.9713
0.0072751544 -61.1726
0.0072753544 -59.9731
0.0072755544 -62.7719
0.0072757544 -63.1717
0.0072759544 -65.1708
0.0072761544 -60.373
0.0072763544 -59.5733
0.0072765544 -59.9731
0.0072767544 -61.9722
0.0072769544 -59.9731
0.0072771544 -63.5715
0.0072773544 -61.1726
0.0072775544 -65.1708
0.0072777544 -61.1726
0.0072779544 -60.7728
0.0072781544 -61.1726
0.0072783544 -62.3721
0.0072785544 -61.9722
0.0072787544 -60.373
0.0072789544 -59.5733
0.0072791544 -62.7719
0.0072793544 -61.1726
0.0072795544 -61.9722
0.0072797544 -59.5733
0.0072799544 -61.5724
0.0072801544 -59.9731
0.0072803544 -60.373
0.0072805544 -59.9731
0.0072807544 -59.5733
0.0072809544 -59.5733
0.0072811544 -61.5724
0.0072813544 -59.5733
0.0072815544 -59.9731
0.0072817544 -61.1726
0.0072819544 -59.5733
0.0072821544 -61.5724
0.0072823544 -60.7728
0.0072825544 -60.373
0.0072827544 -59.9731
0.0072829544 -59.9731
0.0072831544 -61.1726
0.0072833544 -59.5733
0.0072835544 -58.7737
0.0072837544 -58.3738
0.0072839544 -57.974
0.0072841544 -59.5733
0.0072843544 -58.3738
0.0072845544 -58.7737
0.0072847544 -59.5733
0.0072849544 -58.7737
0.0072851544 -60.7728
0.0072853544 -61.1726
0.0072855544 -59.1735
0.0072857544 -59.9731
0.0072859544 -58.3738
0.0072861544 -56.3747
0.0072863544 -59.5733
0.0072865544 -59.9731
0.0072867544 -57.974
0.0072869544 -57.974
0.0072871544 -59.5733
0.0072873544 -59.5733
0.0072875544 -60.7728
0.0072877544 -58.3738
0.0072879544 -56.3747
0.0072881544 -60.373
0.0072883544 -59.5733
0.0072885544 -57.5742
0.0072887544 -58.3738
0.0072889544 -59.1735
0.0072891544 -61.5724
0.0072893544 -57.974
0.0072895544 -55.9749
0.0072897544 -59.9731
0.0072899544 -55.9749
0.0072901544 -56.7746
0.0072903544 -57.5742
0.0072905544 -54.7755
0.0072907544 -59.5733
0.0072909544 -56.7746
0.0072911544 -57.1744
0.0072913544 -53.576
0.0072915544 -56.3747
0.0072917544 -56.7746
0.0072919544 -57.1744
0.0072921544 -54.7755
0.0072923544 -56.3747
0.0072925544 -56.3747
0.0072927544 -56.7746
0.0072929544 -55.1753
0.0072931544 -59.1735
0.0072933544 -58.7737
0.0072935544 -55.5751
0.0072937544 -54.3756
0.0072939544 -56.3747
0.0072941544 -56.7746
0.0072943544 -55.5751
0.0072945544 -53.1762
0.0072947544 -56.3747
0.0072949544 -55.9749
0.0072951544 -55.5751
0.0072953544 -55.5751
0.0072955544 -56.3747
0.0072957544 -54.3756
0.0072959544 -54.7755
0.0072961544 -55.1753
0.0072963544 -54.3756
0.0072965544 -52.3765
0.0072967544 -55.1753
0.0072969544 -51.9767
0.0072971544 -52.7764
0.0072973544 -54.3756
0.0072975544 -51.9767
0.0072977544 -53.9758
0.0072979544 -55.5751
0.0072981544 -53.9758
0.0072983544 -53.9758
0.0072985544 -53.9758
0.0072987544 -54.7755
0.0072989544 -56.3747
0.0072991544 -52.3765
0.0072993544 -51.5769
0.0072995544 -52.3765
0.0072997544 -50.7773
0.0072999544 -50.3774
0.0073001544 -51.1771
0.0073003544 -55.1753
0.0073005544 -52.7764
0.0073007544 -51.5769
0.0073009544 -51.1771
0.0073011544 -52.3765
0.0073013544 -49.9776
0.0073015544 -51.5769
0.0073017544 -49.5778
0.0073019544 -52.7764
0.0073021544 -51.5769
0.0073023544 -49.9776
0.0073025544 -51.1771
0.0073027544 -51.9767
0.0073029544 -53.9758
0.0073031544 -49.5778
0.0073033544 -50.3774
0.0073035544 -51.5769
0.0073037544 -50.3774
0.0073039544 -52.3765
0.0073041544 -52.3765
0.0073043544 -50.3774
0.0073045544 -49.5778
0.0073047544 -52.3765
0.0073049544 -50.3774
0.0073051544 -53.1762
0.0073053544 -51.9767
0.0073055544 -51.5769
0.0073057544 -49.5778
0.0073059544 -50.3774
0.0073061544 -48.3783
0.0073063544 -50.3774
0.0073065544 -48.7781
0.0073067544 -48.7781
0.0073069544 -50.3774
0.0073071544 -49.9776
0.0073073544 -50.7773
0.0073075544 -50.3774
0.0073077544 -49.5778
0.0073079544 -51.9767
0.0073081544 -48.7781
0.0073083544 -49.178
0.0073085544 -50.3774
0.0073087544 -50.7773
0.0073089544 -49.9776
0.0073091544 -51.1771
0.0073093544 -48.3783
0.0073095544 -49.5778
0.0073097544 -53.576
0.0073099544 -47.5787
0.0073101544 -50.3774
0.0073103544 -49.178
0.0073105544 -51.1771
0.0073107544 -49.9776
0.0073109544 -47.5787
0.0073111544 -49.5778
0.0073113544 -48.7781
0.0073115544 -48.3783
0.0073117544 -47.5787
0.0073119544 -51.5769
0.0073121544 -45.5796
0.0073123544 -49.178
0.0073125544 -46.779
0.0073127544 -48.7781
0.0073129544 -48.3783
0.0073131544 -48.7781
0.0073133544 -48.3783
0.0073135544 -49.9776
0.0073137544 -49.9776
0.0073139544 -47.5787
0.0073141544 -47.9785
0.0073143544 -47.9785
0.0073145544 -48.3783
0.0073147544 -48.7781
0.0073149544 -46.779
0.0073151544 -47.1789
0.0073153544 -45.1798
0.0073155544 -47.9785
0.0073157544 -47.1789
0.0073159544 -45.5796
0.0073161544 -48.3783
0.0073163544 -45.9794
0.0073165544 -45.5796
0.0073167544 -45.9794
0.0073169544 -45.9794
0.0073171544 -47.5787
0.0073173544 -45.9794
0.0073175544 -46.3792
0.0073177544 -47.5787
0.0073179544 -45.9794
0.0073181544 -46.779
0.0073183544 -45.5796
0.0073185544 -48.7781
0.0073187544 -46.3792
0.0073189544 -45.9794
0.0073191544 -46.779
0.0073193544 -44.3801
0.0073195544 -45.9794
0.0073197544 -47.1789
0.0073199544 -43.1807
0.0073201544 -47.9785
0.0073203544 -45.9794
0.0073205544 -45.5796
0.0073207544 -44.7799
0.0073209544 -45.9794
0.0073211544 -43.1807
0.0073213544 -45.9794
0.0073215544 -41.5814
0.0073217544 -43.9803
0.0073219544 -43.9803
0.0073221544 -42.381
0.0073223544 -45.5796
0.0073225544 -42.381
0.0073227544 -43.5805
0.0073229544 -43.9803
0.0073231544 -44.7799
0.0073233544 -43.5805
0.0073235544 -43.1807
0.0073237544 -44.3801
0.0073239544 -43.1807
0.0073241544 -43.9803
0.0073243544 -44.7799
0.0073245544 -41.1816
0.0073247544 -44.3801
0.0073249544 -44.3801
0.0073251544 -45.9794
0.0073253544 -44.7799
0.0073255544 -44.3801
0.0073257544 -44.3801
0.0073259544 -43.9803
0.0073261544 -44.3801
0.0073263544 -41.5814
0.0073265544 -42.381
0.0073267544 -43.9803
0.0073269544 -43.1807
0.0073271544 -43.5805
0.0073273544 -42.381
0.0073275544 -41.9812
0.0073277544 -44.7799
0.0073279544 -44.3801
0.0073281544 -43.5805
0.0073283544 -41.5814
0.0073285544 -42.381
0.0073287544 -41.9812
0.0073289544 -43.1807
0.0073291544 -42.381
0.0073293544 -41.9812
0.0073295544 -42.381
0.0073297544 -41.9812
0.0073299544 -42.7808
0.0073301544 -40.7817
0.0073303544 -40.3819
0.0073305544 -43.1807
0.0073307544 -42.381
0.0073309544 -39.5823
0.0073311544 -41.5814
0.0073313544 -41.1816
0.0073315544 -41.9812
0.0073317544 -38.3828
0.0073319544 -41.5814
0.0073321544 -40.3819
0.0073323544 -42.381
0.0073325544 -39.9821
0.0073327544 -41.9812
0.0073329544 -41.5814
0.0073331544 -40.7817
0.0073333544 -41.5814
0.0073335544 -37.983
0.0073337544 -37.5832
0.0073339544 -41.5814
0.0073341544 -38.7826
0.0073343544 -40.3819
0.0073345544 -43.9803
0.0073347544 -37.983
0.0073349544 -38.7826
0.0073351544 -41.5814
0.0073353544 -39.1824
0.0073355544 -39.5823
0.0073357544 -39.1824
0.0073359544 -38.7826
0.0073361544 -40.7817
0.0073363544 -39.5823
0.0073365544 -37.983
0.0073367544 -39.1824
0.0073369544 -40.3819
0.0073371544 -37.5832
0.0073373544 -41.1816
0.0073375544 -39.1824
0.0073377544 -37.983
0.0073379544 -40.3819
0.0073381544 -39.9821
0.0073383544 -37.983
0.0073385544 -35.1842
0.0073387544 -39.1824
0.0073389544 -37.5832
0.0073391544 -35.9839
0.0073393544 -37.5832
0.0073395544 -36.3837
0.0073397544 -33.9848
0.0073399544 -37.5832
0.0073401544 -33.9848
0.0073403544 -34.3846
0.0073405544 -37.5832
0.0073407544 -38.7826
0.0073409544 -40.3819
0.0073411544 -35.5841
0.0073413544 -37.1833
0.0073415544 -37.1833
0.0073417544 -35.9839
0.0073419544 -36.7835
0.0073421544 -35.5841
0.0073423544 -37.5832
0.0073425544 -35.9839
0.0073427544 -35.5841
0.0073429544 -33.585
0.0073431544 -35.9839
0.0073433544 -37.5832
0.0073435544 -34.3846
0.0073437544 -33.9848
0.0073439544 -34.7844
0.0073441544 -35.5841
0.0073443544 -36.3837
0.0073445544 -36.3837
0.0073447544 -34.3846
0.0073449544 -32.7853
0.0073451544 -36.7835
0.0073453544 -33.585
0.0073455544 -37.5832
0.0073457544 -33.9848
0.0073459544 -33.9848
0.0073461544 -31.9857
0.0073463544 -33.9848
0.0073465544 -32.3855
0.0073467544 -32.7853
0.0073469544 -31.9857
0.0073471544 -33.1851
0.0073473544 -32.3855
0.0073475544 -33.1851
0.0073477544 -32.3855
0.0073479544 -31.186
0.0073481544 -33.1851
0.0073483544 -33.585
0.0073485544 -33.1851
0.0073487544 -32.7853
0.0073489544 -32.7853
0.0073491544 -32.3855
0.0073493544 -33.1851
0.0073495544 -35.9839
0.0073497544 -34.7844
0.0073499544 -32.7853
0.0073501544 -32.7853
0.0073503544 -31.9857
0.0073505544 -30.7862
0.0073507544 -32.3855
0.0073509544 -30.3864
0.0073511544 -31.186
0.0073513544 -31.186
0.0073515544 -29.9866
0.0073517544 -31.186
0.0073519544 -31.9857
0.0073521544 -31.5858
0.0073523544 -30.7862
0.0073525544 -32.3855
0.0073527544 -33.9848
0.0073529544 -29.9866
0.0073531544 -32.7853
0.0073533544 -32.3855
0.0073535544 -29.9866
0.0073537544 -30.3864
0.0073539544 -29.5867
0.0073541544 -30.3864
0.0073543544 -29.9866
0.0073545544 -30.7862
0.0073547544 -31.5858
0.0073549544 -30.7862
0.0073551544 -31.186
0.0073553544 -29.1869
0.0073555544 -30.7862
0.0073557544 -29.5867
0.0073559544 -30.7862
0.0073561544 -29.1869
0.0073563544 -28.3873
0.0073565544 -29.9866
0.0073567544 -29.9866
0.0073569544 -28.3873
0.0073571544 -28.7871
0.0073573544 -30.3864
0.0073575544 -31.186
0.0073577544 -30.7862
0.0073579544 -28.3873
0.0073581544 -30.7862
0.0073583544 -29.1869
0.0073585544 -28.3873
0.0073587544 -27.9875
0.0073589544 -27.9875
0.0073591544 -28.7871
0.0073593544 -28.7871
0.0073595544 -27.1878
0.0073597544 -28.7871
0.0073599544 -27.1878
0.0073601544 -28.7871
0.0073603544 -27.9875
0.0073605544 -29.5867
0.0073607544 -29.1869
0.0073609544 -26.3882
0.0073611544 -27.9875
0.0073613544 -26.788
0.0073615544 -29.9866
0.0073617544 -29.1869
0.0073619544 -27.1878
0.0073621544 -27.5876
0.0073623544 -27.1878
0.0073625544 -25.5885
0.0073627544 -27.9875
0.0073629544 -27.1878
0.0073631544 -28.3873
0.0073633544 -27.1878
0.0073635544 -28.7871
0.0073637544 -25.9884
0.0073639544 -25.9884
0.0073641544 -30.3864
0.0073643544 -25.1887
0.0073645544 -21.5903
0.0073647544 -28.3873
0.0073649544 -26.3882
0.0073651544 -26.3882
0.0073653544 -24.7889
0.0073655544 -23.9893
0.0073657544 -25.5885
0.0073659544 -26.788
0.0073661544 -25.9884
0.0073663544 -25.1887
0.0073665544 -26.788
0.0073667544 -26.3882
0.0073669544 -25.5885
0.0073671544 -27.5876
0.0073673544 -26.3882
0.0073675544 -23.9893
0.0073677544 -27.1878
0.0073679544 -24.3891
0.0073681544 -25.1887
0.0073683544 -26.3882
0.0073685544 -23.9893
0.0073687544 -25.9884
0.0073689544 -24.7889
0.0073691544 -26.788
0.0073693544 -25.5885
0.0073695544 -25.1887
0.0073697544 -25.1887
0.0073699544 -22.7898
0.0073701544 -23.1896
0.0073703544 -23.1896
0.0073705544 -21.1905
0.0073707544 -23.1896
0.0073709544 -23.9893
0.0073711544 -25.9884
0.0073713544 -24.7889
0.0073715544 -21.9901
0.0073717544 -21.1905
0.0073719544 -23.9893
0.0073721544 -21.5903
0.0073723544 -20.3909
0.0073725544 -23.1896
0.0073727544 -21.5903
0.0073729544 -21.1905
0.0073731544 -21.1905
0.0073733544 -20.7907
0.0073735544 -23.9893
0.0073737544 -18.3918
0.0073739544 -19.991
0.0073741544 -21.1905
0.0073743544 -20.7907
0.0073745544 -19.5912
0.0073747544 -21.5903
0.0073749544 -19.1914
0.0073751544 -21.9901
0.0073753544 -21.5903
0.0073755544 -17.1923
0.0073757544 -19.5912
0.0073759544 -18.3918
0.0073761544 -21.5903
0.0073763544 -18.3918
0.0073765544 -21.5903
0.0073767544 -22.7898
0.0073769544 -18.3918
0.0073771544 -19.1914
0.0073773544 -19.991
0.0073775544 -20.3909
0.0073777544 -17.9919
0.0073779544 -19.5912
0.0073781544 -20.7907
0.0073783544 -19.5912
0.0073785544 -21.1905
0.0073787544 -18.3918
0.0073789544 -20.3909
0.0073791544 -19.5912
0.0073793544 -18.3918
0.0073795544 -17.5921
0.0073797544 -19.1914
0.0073799544 -19.1914
0.0073801544 -16.3927
0.0073803544 -19.1914
0.0073805544 -16.7925
0.0073807544 -17.9919
0.0073809544 -17.1923
0.0073811544 -19.991
0.0073813544 -17.9919
0.0073815544 -19.5912
0.0073817544 -17.1923
0.0073819544 -15.1932
0.0073821544 -15.593
0.0073823544 -19.5912
0.0073825544 -17.9919
0.0073827544 -19.5912
0.0073829544 -16.7925
0.0073831544 -16.3927
0.0073833544 -14.7934
0.0073835544 -17.1923
0.0073837544 -16.7925
0.0073839544 -17.9919
0.0073841544 -16.7925
0.0073843544 -19.1914
0.0073845544 -16.7925
0.0073847544 -17.9919
0.0073849544 -17.5921
0.0073851544 -19.1914
0.0073853544 -16.7925
0.0073855544 -15.593
0.0073857544 -17.9919
0.0073859544 -13.9937
0.0073861544 -15.9928
0.0073863544 -15.1932
0.0073865544 -11.5948
0.0073867544 -16.7925
0.0073869544 -15.1932
0.0073871544 -15.1932
0.0073873544 -16.3927
0.0073875544 -18.3918
0.0073877544 -17.1923
0.0073879544 -13.5939
0.0073881544 -16.3927
0.0073883544 -14.7934
0.0073885544 -17.9919
0.0073887544 -16.3927
0.0073889544 -14.7934
0.0073891544 -15.1932
0.0073893544 -15.593
0.0073895544 -15.1932
0.0073897544 -17.5921
0.0073899544 -15.593
0.0073901544 -13.1941
0.0073903544 -15.1932
0.0073905544 -15.1932
0.0073907544 -15.9928
0.0073909544 -15.1932
0.0073911544 -15.9928
0.0073913544 -16.3927
0.0073915544 -13.5939
0.0073917544 -13.1941
0.0073919544 -14.3936
0.0073921544 -11.5948
0.0073923544 -11.5948
0.0073925544 -13.9937
0.0073927544 -14.3936
0.0073929544 -13.1941
0.0073931544 -13.1941
0.0073933544 -14.3936
0.0073935544 -14.7934
0.0073937544 -12.7943
0.0073939544 -13.1941
0.0073941544 -15.1932
0.0073943544 -14.7934
0.0073945544 -13.5939
0.0073947544 -15.9928
0.0073949544 -13.9937
0.0073951544 -13.5939
0.0073953544 -13.1941
0.0073955544 -13.1941
0.0073957544 -15.593
0.0073959544 -11.9946
0.0073961544 -12.7943
0.0073963544 -14.7934
0.0073965544 -13.1941
0.0073967544 -11.195
0.0073969544 -13.5939
0.0073971544 -13.1941
0.0073973544 -13.5939
0.0073975544 -15.593
0.0073977544 -11.9946
0.0073979544 -14.7934
0.0073981544 -11.9946
0.0073983544 -10.7952
0.0073985544 -13.1941
0.0073987544 -9.99552
0.0073989544 -13.5939
0.0073991544 -11.9946
0.0073993544 -11.9946
0.0073995544 -12.7943
0.0073997544 -13.1941
0.0073999544 -13.1941
0.0074001544 -13.9937
0.0074003544 -11.9946
0.0074005544 -12.3944
0.0074007544 -12.7943
0.0074009544 -12.7943
0.0074011544 -10.3953
0.0074013544 -11.9946
0.0074015544 -9.99552
0.0074017544 -10.3953
0.0074019544 -11.9946
0.0074021544 -9.5957
0.0074023544 -9.99552
0.0074025544 -11.195
0.0074027544 -11.5948
0.0074029544 -9.99552
0.0074031544 -12.3944
0.0074033544 -10.3953
0.0074035544 -11.9946
0.0074037544 -8.79606
0.0074039544 -12.7943
0.0074041544 -13.1941
0.0074043544 -6.39713
0.0074045544 -8.39624
0.0074047544 -9.5957
0.0074049544 -8.39624
0.0074051544 -8.39624
0.0074053544 -9.19588
0.0074055544 -10.3953
0.0074057544 -11.195
0.0074059544 -9.99552
0.0074061544 -9.19588
0.0074063544 -9.5957
0.0074065544 -11.5948
0.0074067544 -7.19678
0.0074069544 -9.99552
0.0074071544 -7.19678
0.0074073544 -6.79695
0.0074075544 -9.5957
0.0074077544 -7.19678
0.0074079544 -9.19588
0.0074081544 -7.19678
0.0074083544 -7.99642
0.0074085544 -9.5957
0.0074087544 -8.79606
0.0074089544 -8.79606
0.0074091544 -10.7952
0.0074093544 -8.39624
0.0074095544 -7.19678
0.0074097544 -10.7952
0.0074099544 -6.79695
0.0074101544 -5.19767
0.0074103544 -5.19767
0.0074105544 -5.59749
0.0074107544 -10.3953
0.0074109544 -5.19767
0.0074111544 -7.19678
0.0074113544 -5.59749
0.0074115544 -6.79695
0.0074117544 -6.79695
0.0074119544 -6.39713
0.0074121544 -6.79695
0.0074123544 -7.99642
0.0074125544 -5.19767
0.0074127544 -5.59749
0.0074129544 -8.79606
0.0074131544 -6.79695
0.0074133544 -4.39803
0.0074135544 -5.19767
0.0074137544 -5.99731
0.0074139544 -5.99731
0.0074141544 -3.19857
0.0074143544 -4.79785
0.0074145544 -4.39803
0.0074147544 -2.39893
0.0074149544 -5.99731
0.0074151544 -4.39803
0.0074153544 -5.19767
0.0074155544 -6.79695
0.0074157544 -4.79785
0.0074159544 -3.99821
0.0074161544 -3.99821
0.0074163544 -3.19857
0.0074165544 -3.99821
0.0074167544 -7.19678
0.0074169544 -3.19857
0.0074171544 -3.19857
0.0074173544 -4.39803
0.0074175544 -5.19767
0.0074177544 -2.39893
0.0074179544 -3.99821
0.0074181544 -4.79785
0.0074183544 -0.399821
0.0074185544 -0.799642
0.0074187544 -1.19946
0.0074189544 -1.9991
0.0074191544 -4.39803
0.0074193544 -1.59928
0.0074195544 -3.99821
0.0074197544 -5.19767
0.0074199544 -1.59928
0.0074201544 1.19946
0.0074203544 -1.19946
0.0074205544 -3.99821
0.0074207544 -1.59928
0.0074209544 -5.59749
0.0074211544 -3.19857
0.0074213544 -1.59928
0.0074215544 -1.59928
0.0074217544 -1.9991
0.0074219544 1.19946
0.0074221544 -1.59928
0.0074223544 1.19946
0.0074225544 -1.19946
0.0074227544 -1.9991
0.0074229544 -1.9991
0.0074231544 0
0.0074233544 -2.39893
0.0074235544 -0.799642
0.0074237544 -1.59928
0.0074239544 0
0.0074241544 0.399821
0.0074243544 -1.9991
0.0074245544 0
0.0074247544 -1.9991
0.0074249544 0.799642
0.0074251544 1.59928
0.0074253544 -0.799642
0.0074255544 0.799642
0.0074257544 -0.399821
0.0074259544 -0.399821
0.0074261544 0
0.0074263544 -1.19946
0.0074265544 0
0.0074267544 0.399821
0.0074269544 -1.59928
0.0074271544 0.399821
0.0074273544 0.399821
0.0074275544 -1.19946
0.0074277544 -1.59928
0.0074279544 1.59928
0.0074281544 0
0.0074283544 2.79875
0.0074285544 1.59928
0.0074287544 -1.19946
0.0074289544 2.79875
0.0074291544 3.19857
0.0074293544 1.19946
0.0074295544 3.19857
0.0074297544 1.59928
0.0074299544 2.79875
0.0074301544 1.59928
0.0074303544 0.799642
0.0074305544 0.399821
0.0074307544 2.39893
0.0074309544 1.59928
0.0074311544 1.9991
0.0074313544 2.79875
0.0074315544 2.39893
0.0074317544 2.79875
0.0074319544 1.19946
0.0074321544 0.399821
0.0074323544 2.79875
0.0074325544 3.19857
0.0074327544 1.59928
0.0074329544 3.59839
0.0074331544 5.19767
0.0074333544 8.39624
0.0074335544 3.19857
0.0074337544 2.79875
0.0074339544 1.9991
0.0074341544 1.9991
0.0074343544 3.59839
0.0074345544 1.19946
0.0074347544 4.39803
0.0074349544 2.39893
0.0074351544 5.99731
0.0074353544 5.99731
0.0074355544 1.59928
0.0074357544 3.99821
0.0074359544 3.99821
0.0074361544 6.39713
0.0074363544 5.99731
0.0074365544 4.79785
0.0074367544 3.99821
0.0074369544 7.19678
0.0074371544 2.79875
0.0074373544 5.19767
0.0074375544 3.59839
0.0074377544 6.79695
0.0074379544 3.19857
0.0074381544 5.19767
0.0074383544 4.79785
0.0074385544 4.79785
0.0074387544 6.39713
0.0074389544 3.59839
0.0074391544 7.99642
0.0074393544 5.99731
0.0074395544 4.39803
0.0074397544 5.19767
0.0074399544 4.79785
0.0074401544 3.59839
0.0074403544 7.5966
0.0074405544 3.99821
0.0074407544 7.19678
0.0074409544 7.19678
0.0074411544 1.9991
0.0074413544 7.99642
0.0074415544 8.79606
0.0074417544 4.79785
0.0074419544 6.39713
0.0074421544 7.5966
0.0074423544 7.19678
0.0074425544 5.19767
0.0074427544 7.99642
0.0074429544 8.79606
0.0074431544 7.99642
0.0074433544 7.5966
0.0074435544 7.99642
0.0074437544 10.7952
0.0074439544 7.19678
0.0074441544 7.99642
0.0074443544 5.59749
0.0074445544 9.19588
0.0074447544 9.5957
0.0074449544 5.99731
0.0074451544 9.99552
0.0074453544 10.3953
0.0074455544 9.99552
0.0074457544 8.79606
0.0074459544 11.9946
0.0074461544 8.79606
0.0074463544 8.39624
0.0074465544 7.5966
0.0074467544 7.5966
0.0074469544 10.7952
0.0074471544 11.195
0.0074473544 10.7952
0.0074475544 12.3944
0.0074477544 11.195
0.0074479544 10.3953
0.0074481544 10.7952
0.0074483544 10.3953
0.0074485544 11.195
0.0074487544 12.3944
0.0074489544 11.5948
0.0074491544 10.3953
0.0074493544 11.9946
0.0074495544 10.3953
0.0074497544 11.195
0.0074499544 11.9946
0.0074501544 12.7943
0.0074503544 11.195
0.0074505544 13.9937
0.0074507544 11.9946
0.0074509544 13.1941
0.0074511544 13.5939
0.0074513544 13.5939
0.0074515544 12.3944
0.0074517544 12.3944
0.0074519544 14.3936
0.0074521544 11.9946
0.0074523544 14.3936
0.0074525544 11.195
0.0074527544 15.9928
0.0074529544 11.195
0.0074531544 12.7943
0.0074533544 13.5939
0.0074535544 12.7943
0.0074537544 12.3944
0.0074539544 16.7925
0.0074541544 14.3936
0.0074543544 14.7934
0.0074545544 13.1941
0.0074547544 13.9937
0.0074549544 13.5939
0.0074551544 13.5939
0.0074553544 17.1923
0.0074555544 13.5939
0.0074557544 15.593
0.0074559544 15.593
0.0074561544 15.593
0.0074563544 16.7925
0.0074565544 14.7934
0.0074567544 15.593
0.0074569544 13.5939
0.0074571544 14.7934
0.0074573544 16.3927
0.0074575544 16.7925
0.0074577544 16.3927
0.0074579544 14.3936
0.0074581544 15.593
0.0074583544 16.7925
0.0074585544 17.5921
0.0074587544 16.3927
0.0074589544 17.9919
0.0074591544 16.7925
0.0074593544 15.593
0.0074595544 17.9919
0.0074597544 17.5921
0.0074599544 19.1914
0.0074601544 15.9928
0.0074603544 19.991
0.0074605544 19.1914
0.0074607544 17.5921
0.0074609544 17.1923
0.0074611544 15.1932
0.0074613544 17.5921
0.0074615544 17.5921
0.0074617544 17.1923
0.0074619544 19.1914
0.0074621544 17.5921
0.0074623544 18.3918
0.0074625544 16.3927
0.0074627544 16.3927
0.0074629544 19.5912
0.0074631544 17.9919
0.0074633544 17.5921
0.0074635544 17.9919
0.0074637544 17.9919
0.0074639544 18.7916
0.0074641544 17.1923
0.0074643544 20.3909
0.0074645544 19.991
0.0074647544 19.5912
0.0074649544 18.3918
0.0074651544 19.991
0.0074653544 20.7907
0.0074655544 20.3909
0.0074657544 20.7907
0.0074659544 18.7916
0.0074661544 17.9919
0.0074663544 19.991
0.0074665544 20.3909
0.0074667544 19.991
0.0074669544 18.7916
0.0074671544 19.1914
0.0074673544 19.5912
0.0074675544 22.39
0.0074677544 17.9919
0.0074679544 18.7916
0.0074681544 22.7898
0.0074683544 20.3909
0.0074685544 17.9919
0.0074687544 21.1905
0.0074689544 22.39
0.0074691544 21.1905
0.0074693544 20.3909
0.0074695544 19.1914
0.0074697544 19.1914
0.0074699544 19.5912
0.0074701544 20.7907
0.0074703544 20.3909
0.0074705544 21.9901
0.0074707544 19.991
0.0074709544 23.5894
0.0074711544 22.7898
0.0074713544 23.9893
0.0074715544 19.991
0.0074717544 21.9901
0.0074719544 23.9893
0.0074721544 22.39
0.0074723544 19.1914
0.0074725544 25.1887
0.0074727544 22.39
0.0074729544 21.5903
0.0074731544 23.9893
0.0074733544 25.5885
0.0074735544 23.9893
0.0074737544 26.3882
0.0074739544 20.3909
0.0074741544 24.7889
0.0074743544 23.1896
0.0074745544 22.39
0.0074747544 22.7898
0.0074749544 24.7889
0.0074751544 24.3891
0.0074753544 22.39
0.0074755544 23.5894
0.0074757544 23.5894
0.0074759544 21.9901
0.0074761544 26.3882
0.0074763544 23.9893
0.0074765544 25.1887
0.0074767544 26.3882
0.0074769544 23.1896
0.0074771544 22.39
0.0074773544 27.5876
0.0074775544 25.1887
0.0074777544 23.5894
0.0074779544 25.5885
0.0074781544 25.9884
0.0074783544 24.7889
0.0074785544 25.9884
0.0074787544 26.3882
0.0074789544 25.5885
0.0074791544 25.1887
0.0074793544 23.1896
0.0074795544 25.5885
0.0074797544 24.7889
0.0074799544 26.3882
0.0074801544 25.1887
0.0074803544 24.7889
0.0074805544 24.3891
0.0074807544 24.7889
0.0074809544 26.788
0.0074811544 25.9884
0.0074813544 24.7889
0.0074815544 25.1887
0.0074817544 27.5876
0.0074819544 25.1887
0.0074821544 26.3882
0.0074823544 25.9884
0.0074825544 26.3882
0.0074827544 26.3882
0.0074829544 25.9884
0.0074831544 28.3873
0.0074833544 27.1878
0.0074835544 28.3873
0.0074837544 26.3882
0.0074839544 28.7871
0.0074841544 27.5876
0.0074843544 25.9884
0.0074845544 25.5885
0.0074847544 24.7889
0.0074849544 24.3891
0.0074851544 28.7871
0.0074853544 26.788
0.0074855544 26.788
0.0074857544 29.1869
0.0074859544 27.1878
0.0074861544 27.9875
0.0074863544 27.9875
0.0074865544 27.1878
0.0074867544 29.9866
0.0074869544 26.3882
0.0074871544 27.1878
0.0074873544 26.3882
0.0074875544 27.1878
0.0074877544 26.788
0.0074879544 25.1887
0.0074881544 27.5876
0.0074883544 29.5867
0.0074885544 32.3855
0.0074887544 27.9875
0.0074889544 27.9875
0.0074891544 27.9875
0.0074893544 26.788
0.0074895544 29.1869
0.0074897544 26.3882
0.0074899544 30.7862
0.0074901544 28.3873
0.0074903544 27.9875
0.0074905544 30.3864
0.0074907544 27.5876
0.0074909544 30.7862
0.0074911544 30.3864
0.0074913544 29.9866
0.0074915544 27.9875
0.0074917544 27.5876
0.0074919544 27.9875
0.0074921544 29.5867
0.0074923544 27.9875
0.0074925544 27.1878
0.0074927544 25.1887
0.0074929544 28.3873
0.0074931544 29.5867
0.0074933544 29.5867
0.0074935544 28.3873
0.0074937544 29.5867
0.0074939544 32.7853
0.0074941544 30.7862
0.0074943544 31.5858
0.0074945544 31.186
0.0074947544 31.5858
0.0074949544 28.3873
0.0074951544 31.9857
0.0074953544 30.3864
0.0074955544 31.186
0.0074957544 30.7862
0.0074959544 27.9875
0.0074961544 31.186
0.0074963544 28.7871
0.0074965544 31.186
0.0074967544 31.9857
0.0074969544 33.1851
0.0074971544 30.3864
0.0074973544 30.7862
0.0074975544 31.186
0.0074977544 30.7862
0.0074979544 32.7853
0.0074981544 31.9857
0.0074983544 31.9857
0.0074985544 33.1851
0.0074987544 32.3855
0.0074989544 31.5858
0.0074991544 28.7871
0.0074993544 30.7862
0.0074995544 31.186
0.0074997544 30.7862
0.0074999544 31.5858
0.0075001544 31.9857
0.0075003544 30.7862
0.0075005544 31.186
0.0075007544 34.7844
0.0075009544 32.7853
0.0075011544 33.1851
0.0075013544 31.186
0.0075015544 34.3846
0.0075017544 31.186
0.0075019544 30.3864
0.0075021544 31.186
0.0075023544 31.9857
0.0075025544 31.9857
0.0075027544 34.3846
0.0075029544 32.3855
0.0075031544 32.7853
0.0075033544 31.5858
0.0075035544 30.7862
0.0075037544 32.7853
0.0075039544 32.3855
0.0075041544 35.5841
0.0075043544 37.983
0.0075045544 33.585
0.0075047544 34.7844
0.0075049544 33.1851
0.0075051544 37.1833
0.0075053544 35.1842
0.0075055544 34.7844
0.0075057544 32.7853
0.0075059544 33.585
0.0075061544 35.1842
0.0075063544 35.5841
0.0075065544 36.3837
0.0075067544 34.7844
0.0075069544 35.1842
0.0075071544 33.585
0.0075073544 33.585
0.0075075544 36.7835
0.0075077544 39.1824
0.0075079544 36.3837
0.0075081544 35.1842
0.0075083544 32.7853
0.0075085544 35.5841
0.0075087544 36.7835
0.0075089544 38.3828
0.0075091544 38.3828
0.0075093544 36.7835
0.0075095544 36.7835
0.0075097544 35.5841
0.0075099544 37.1833
0.0075101544 35.9839
0.0075103544 34.7844
0.0075105544 37.983
0.0075107544 36.7835
0.0075109544 39.1824
0.0075111544 37.5832
0.0075113544 37.1833
0.0075115544 35.5841
0.0075117544 35.5841
0.0075119544 34.7844
0.0075121544 36.7835
0.0075123544 36.7835
0.0075125544 35.1842
0.0075127544 37.983
0.0075129544 38.3828
0.0075131544 35.9839
0.0075133544 40.7817
0.0075135544 38.3828
0.0075137544 38.7826
0.0075139544 36.3837
0.0075141544 37.983
0.0075143544 39.1824
0.0075145544 41.9812
0.0075147544 36.7835
0.0075149544 39.5823
0.0075151544 37.1833
0.0075153544 36.7835
0.0075155544 37.983
0.0075157544 38.7826
0.0075159544 36.7835
0.0075161544 40.7817
0.0075163544 38.3828
0.0075165544 40.7817
0.0075167544 39.1824
0.0075169544 39.9821
0.0075171544 40.7817
0.0075173544 40.7817
0.0075175544 40.7817
0.0075177544 40.3819
0.0075179544 39.1824
0.0075181544 40.7817
0.0075183544 39.9821
0.0075185544 39.1824
0.0075187544 41.5814
0.0075189544 43.9803
0.0075191544 37.983
0.0075193544 41.1816
0.0075195544 41.1816
0.0075197544 37.983
0.0075199544 38.7826
0.0075201544 38.7826
0.0075203544 40.7817
0.0075205544 39.5823
0.0075207544 39.9821
0.0075209544 41.1816
0.0075211544 41.1816
0.0075213544 42.7808
0.0075215544 41.9812
0.0075217544 43.5805
0.0075219544 41.5814
0.0075221544 41.9812
0.0075223544 41.1816
0.0075225544 41.5814
0.0075227544 40.7817
0.0075229544 39.5823
0.0075231544 40.7817
0.0075233544 41.1816
0.0075235544 41.1816
0.0075237544 40.3819
0.0075239544 41.9812
0.0075241544 42.7808
0.0075243544 43.1807
0.0075245544 43.9803
0.0075247544 39.5823
0.0075249544 42.381
0.0075251544 40.7817
0.0075253544 43.1807
0.0075255544 41.5814
0.0075257544 41.1816
0.0075259544 39.9821
0.0075261544 41.5814
0.0075263544 42.381
0.0075265544 41.1816
0.0075267544 42.381
0.0075269544 43.1807
0.0075271544 41.1816
0.0075273544 41.5814
0.0075275544 43.5805
0.0075277544 43.5805
0.0075279544 44.3801
0.0075281544 43.9803
0.0075283544 43.9803
0.0075285544 43.9803
0.0075287544 43.1807
0.0075289544 46.779
0.0075291544 42.381
0.0075293544 42.381
0.0075295544 44.3801
0.0075297544 43.9803
0.0075299544 44.3801
0.0075301544 43.9803
0.0075303544 41.5814
0.0075305544 47.1789
0.0075307544 45.1798
0.0075309544 43.9803
0.0075311544 46.779
0.0075313544 43.9803
0.0075315544 44.3801
0.0075317544 46.3792
0.0075319544 43.1807
0.0075321544 43.9803
0.0075323544 42.381
0.0075325544 45.9794
0.0075327544 46.779
0.0075329544 43.9803
0.0075331544 44.7799
0.0075333544 45.5796
0.0075335544 46.3792
0.0075337544 47.1789
0.0075339544 47.1789
0.0075341544 42.7808
0.0075343544 45.9794
0.0075345544 47.5787
0.0075347544 45.1798
0.0075349544 47.1789
0.0075351544 44.7799
0.0075353544 47.1789
0.0075355544 46.779
0.0075357544 47.9785
0.0075359544 47.1789
0.0075361544 46.779
0.0075363544 46.3792
0.0075365544 45.5796
0.0075367544 46.3792
0.0075369544 46.3792
0.0075371544 49.5778
0.0075373544 47.9785
0.0075375544 47.5787
0.0075377544 44.7799
0.0075379544 48.7781
0.0075381544 45.1798
0.0075383544 49.178
0.0075385544 48.7781
0.0075387544 49.9776
0.0075389544 49.9776
0.0075391544 45.5796
0.0075393544 46.3792
0.0075395544 46.779
0.0075397544 47.1789
0.0075399544 46.3792
0.0075401544 48.7781
0.0075403544 48.3783
0.0075405544 47.5787
0.0075407544 50.3774
0.0075409544 46.3792
0.0075411544 49.9776
0.0075413544 47.1789
0.0075415544 49.9776
0.0075417544 50.3774
0.0075419544 49.178
0.0075421544 50.3774
0.0075423544 49.5778
0.0075425544 51.9767
0.0075427544 48.3783
0.0075429544 45.9794
0.0075431544 46.779
0.0075433544 49.178
0.0075435544 51.1771
0.0075437544 45.9794
0.0075439544 51.1771
0.0075441544 49.5778
0.0075443544 49.5778
0.0075445544 51.5769
0.0075447544 51.5769
0.0075449544 50.3774
0.0075451544 50.7773
0.0075453544 48.3783
0.0075455544 49.178
0.0075457544 51.1771
0.0075459544 49.9776
0.0075461544 50.3774
0.0075463544 53.1762
0.0075465544 51.5769
0.0075467544 49.9776
0.0075469544 50.7773
0.0075471544 47.9785
0.0075473544 50.3774
0.0075475544 52.3765
0.0075477544 52.3765
0.0075479544 52.3765
0.0075481544 52.7764
0.0075483544 47.1789
0.0075485544 50.7773
0.0075487544 52.3765
0.0075489544 51.1771
0.0075491544 50.7773
0.0075493544 51.5769
0.0075495544 51.9767
0.0075497544 49.5778
0.0075499544 50.7773
0.0075501544 50.7773
0.0075503544 51.5769
0.0075505544 47.1789
0.0075507544 53.576
0.0075509544 50.7773
0.0075511544 51.1771
0.0075513544 52.7764
0.0075515544 48.7781
0.0075517544 53.1762
0.0075519544 51.5769
0.0075521544 51.1771
0.0075523544 55.1753
0.0075525544 52.3765
0.0075527544 53.1762
0.0075529544 54.3756
0.0075531544 53.1762
0.0075533544 51.5769
0.0075535544 54.3756
0.0075537544 51.9767
0.0075539544 51.1771
0.0075541544 51.5769
0.0075543544 48.7781
0.0075545544 53.1762
0.0075547544 52.7764
0.0075549544 53.9758
0.0075551544 51.5769
0.0075553544 52.3765
0.0075555544 51.9767
0.0075557544 53.9758
0.0075559544 55.1753
0.0075561544 53.576
0.0075563544 50.7773
0.0075565544 54.3756
0.0075567544 51.9767
0.0075569544 50.3774
0.0075571544 53.9758
0.0075573544 53.576
0.0075575544 52.7764
0.0075577544 51.9767
0.0075579544 55.5751
0.0075581544 51.1771
0.0075583544 54.3756
0.0075585544 53.1762
0.0075587544 53.576
0.0075589544 54.3756
0.0075591544 49.178
0.0075593544 53.9758
0.0075595544 52.7764
0.0075597544 53.9758
0.0075599544 53.1762
0.0075601544 54.7755
0.0075603544 55.1753
0.0075605544 55.5751
0.0075607544 54.3756
0.0075609544 55.1753
0.0075611544 53.9758
0.0075613544 53.9758
0.0075615544 56.7746
0.0075617544 51.9767
0.0075619544 55.1753
0.0075621544 55.1753
0.0075623544 55.5751
0.0075625544 55.1753
0.0075627544 53.9758
0.0075629544 56.3747
0.0075631544 56.3747
0.0075633544 55.5751
0.0075635544 57.5742
0.0075637544 51.9767
0.0075639544 55.1753
0.0075641544 53.1762
0.0075643544 54.3756
0.0075645544 57.5742
0.0075647544 55.9749
0.0075649544 56.3747
0.0075651544 57.1744
0.0075653544 56.3747
0.0075655544 55.9749
0.0075657544 55.9749
0.0075659544 50.7773
0.0075661544 54.3756
0.0075663544 53.1762
0.0075665544 55.9749
0.0075667544 57.974
0.0075669544 56.3747
0.0075671544 54.7755
0.0075673544 53.9758
0.0075675544 56.3747
0.0075677544 55.5751
0.0075679544 57.1744
0.0075681544 58.7737
0.0075683544 55.5751
0.0075685544 55.9749
0.0075687544 55.9749
0.0075689544 56.7746
0.0075691544 56.7746
0.0075693544 55.9749
0.0075695544 55.5751
0.0075697544 57.974
0.0075699544 55.9749
0.0075701544 56.7746
0.0075703544 55.9749
0.0075705544 56.7746
0.0075707544 57.974
0.0075709544 55.1753
0.0075711544 57.1744
0.0075713544 58.7737
0.0075715544 57.1744
0.0075717544 59.1735
0.0075719544 56.7746
0.0075721544 55.9749
0.0075723544 55.9749
0.0075725544 58.7737
0.0075727544 58.7737
0.0075729544 57.974
0.0075731544 57.1744
0.0075733544 56.7746
0.0075735544 57.1744
0.0075737544 59.1735
0.0075739544 60.373
0.0075741544 57.974
0.0075743544 59.9731
0.0075745544 60.7728
0.0075747544 59.5733
0.0075749544 58.7737
0.0075751544 57.5742
0.0075753544 57.974
0.0075755544 58.7737
0.0075757544 57.974
0.0075759544 59.1735
0.0075761544 57.974
0.0075763544 58.3738
0.0075765544 60.373
0.0075767544 59.9731
0.0075769544 59.9731
0.0075771544 60.373
0.0075773544 59.9731
0.0075775544 59.5733
0.0075777544 59.1735
0.0075779544 57.1744
0.0075781544 59.1735
0.0075783544 57.1744
0.0075785544 60.373
0.0075787544 59.9731
0.0075789544 57.974
0.0075791544 57.5742
0.0075793544 60.7728
0.0075795544 59.5733
0.0075797544 58.7737
0.0075799544 61.1726
0.0075801544 58.3738
0.0075803544 61.1726
0.0075805544 60.7728
0.0075807544 58.7737
0.0075809544 60.373
0.0075811544 57.974
0.0075813544 60.373
0.0075815544 61.1726
0.0075817544 60.373
0.0075819544 59.5733
0.0075821544 60.7728
0.0075823544 61.9722
0.0075825544 61.1726
0.0075827544 61.1726
0.0075829544 61.1726
0.0075831544 60.373
0.0075833544 60.7728
0.0075835544 60.7728
0.0075837544 64.771
0.0075839544 60.373
0.0075841544 60.7728
0.0075843544 59.5733
0.0075845544 61.5724
0.0075847544 59.9731
0.0075849544 60.373
0.0075851544 59.1735
0.0075853544 61.9722
0.0075855544 60.373
0.0075857544 60.373
0.0075859544 60.373
0.0075861544 62.7719
0.0075863544 61.5724
0.0075865544 61.5724
0.0075867544 61.5724
0.0075869544 57.974
0.0075871544 62.3721
0.0075873544 64.771
0.0075875544 63.1717
0.0075877544 61.9722
0.0075879544 62.3721
0.0075881544 63.9713
0.0075883544 62.3721
0.0075885544 62.7719
0.0075887544 64.3712
0.0075889544 60.7728
0.0075891544 62.3721
0.0075893544 62.7719
0.0075895544 64.3712
0.0075897544 64.771
0.0075899544 63.5715
0.0075901544 61.9722
0.0075903544 62.3721
0.0075905544 61.1726
0.0075907544 65.1708
0.0075909544 63.5715
0.0075911544 62.3721
0.0075913544 64.771
0.0075915544 64.3712
0.0075917544 63.5715
0.0075919544 61.9722
0.0075921544 64.3712
0.0075923544 63.1717
0.0075925544 65.5706
0.0075927544 62.7719
0.0075929544 66.7701
0.0075931544 62.3721
0.0075933544 64.3712
0.0075935544 63.1717
0.0075937544 63.9713
0.0075939544 62.3721
0.0075941544 63.5715
0.0075943544 64.771
0.0075945544 63.1717
0.0075947544 63.1717
0.0075949544 65.5706
0.0075951544 63.5715
0.0075953544 62.3721
0.0075955544 65.9704
0.0075957544 64.3712
0.0075959544 66.7701
0.0075961544 61.9722
0.0075963544 65.1708
0.0075965544 68.3694
0.0075967544 64.771
0.0075969544 62.7719
0.0075971544 65.9704
0.0075973544 65.5706
0.0075975544 63.9713
0.0075977544 66.7701
0.0075979544 65.1708
0.0075981544 65.9704
0.0075983544 64.771
0.0075985544 64.771
0.0075987544 67.9695
0.0075989544 65.1708
0.0075991544 66.7701
0.0075993544 63.1717
0.0075995544 66.7701
0.0075997544 63.1717
0.0075999544 65.9704
0.0076001544 61.9722
0.0076003544 65.5706
0.0076005544 65.1708
0.0076007544 64.3712
0.0076009544 64.3712
0.0076011544 63.9713
0.0076013544 65.5706
0.0076015544 65.1708
0.0076017544 65.1708
0.0076019544 65.9704
0.0076021544 64.3712
0.0076023544 67.5697
0.0076025544 65.5706
0.0076027544 66.7701
0.0076029544 65.1708
0.0076031544 66.7701
0.0076033544 65.9704
0.0076035544 66.3703
0.0076037544 66.3703
0.0076039544 62.7719
0.0076041544 62.7719
0.0076043544 69.5688
0.0076045544 65.5706
0.0076047544 66.3703
0.0076049544 63.5715
0.0076051544 64.3712
0.0076053544 65.1708
0.0076055544 65.9704
0.0076057544 65.1708
0.0076059544 66.7701
0.0076061544 66.3703
0.0076063544 66.3703
0.0076065544 69.9687
0.0076067544 68.7692
0.0076069544 67.5697
0.0076071544 69.5688
0.0076073544 67.1699
0.0076075544 65.1708
0.0076077544 65.5706
0.0076079544 66.7701
0.0076081544 65.9704
0.0076083544 66.7701
0.0076085544 66.7701
0.0076087544 66.7701
0.0076089544 68.7692
0.0076091544 66.3703
0.0076093544 67.1699
0.0076095544 64.3712
0.0076097544 67.5697
0.0076099544 65.1708
0.0076101544 65.1708
0.0076103544 67.9695
0.0076105544 65.1708
0.0076107544 67.5697
0.0076109544 66.7701
0.0076111544 69.9687
0.0076113544 65.5706
0.0076115544 67.5697
0.0076117544 68.7692
0.0076119544 64.771
0.0076121544 65.9704
0.0076123544 67.1699
0.0076125544 68.3694
0.0076127544 67.5697
0.0076129544 68.3694
0.0076131544 67.1699
0.0076133544 68.7692
0.0076135544 67.9695
0.0076137544 67.5697
0.0076139544 67.9695
0.0076141544 69.9687
0.0076143544 71.9678
0.0076145544 70.3685
0.0076147544 66.7701
0.0076149544 68.3694
0.0076151544 64.3712
0.0076153544 69.5688
0.0076155544 65.9704
0.0076157544 68.3694
0.0076159544 69.9687
0.0076161544 69.169
0.0076163544 69.5688
0.0076165544 66.7701
0.0076167544 68.7692
0.0076169544 67.1699
0.0076171544 67.1699
0.0076173544 69.5688
0.0076175544 68.3694
0.0076177544 67.9695
0.0076179544 69.5688
0.0076181544 68.3694
0.0076183544 71.5679
0.0076185544 68.3694
0.0076187544 71.1681
0.0076189544 69.5688
0.0076191544 68.7692
0.0076193544 71.1681
0.0076195544 69.5688
0.0076197544 73.1672
0.0076199544 69.169
0.0076201544 69.5688
0.0076203544 70.7683
0.0076205544 71.5679
0.0076207544 71.1681
0.0076209544 70.3685
0.0076211544 72.7674
0.0076213544 69.9687
0.0076215544 70.3685
0.0076217544 69.9687
0.0076219544 69.5688
0.0076221544 69.9687
0.0076223544 69.9687
0.0076225544 67.9695
0.0076227544 68.7692
0.0076229544 69.9687
0.0076231544 70.7683
0.0076233544 69.9687
0.0076235544 70.7683
0.0076237544 71.1681
0.0076239544 68.3694
0.0076241544 69.9687
0.0076243544 72.3676
0.0076245544 72.3676
0.0076247544 70.3685
0.0076249544 70.7683
0.0076251544 68.7692
0.0076253544 70.3685
0.0076255544 69.9687
0.0076257544 70.7683
0.0076259544 71.9678
0.0076261544 72.7674
0.0076263544 75.1663
0.0076265544 71.5679
0.0076267544 70.7683
0.0076269544 69.9687
0.0076271544 75.1663
0.0076273544 73.9669
0.0076275544 73.1672
0.0076277544 73.1672
0.0076279544 73.9669
0.0076281544 71.5679
0.0076283544 72.7674
0.0076285544 74.7665
0.0076287544 71.9678
0.0076289544 71.9678
0.0076291544 72.7674
0.0076293544 71.9678
0.0076295544 74.3667
0.0076297544 74.7665
0.0076299544 72.7674
0.0076301544 71.5679
0.0076303544 72.7674
0.0076305544 73.567
0.0076307544 70.7683
0.0076309544 71.9678
0.0076311544 74.3667
0.0076313544 71.1681
0.0076315544 74.3667
0.0076317544 74.7665
0.0076319544 73.1672
0.0076321544 75.1663
0.0076323544 70.3685
0.0076325544 73.9669
0.0076327544 74.7665
0.0076329544 73.567
0.0076331544 76.3658
0.0076333544 74.7665
0.0076335544 71.9678
0.0076337544 72.7674
0.0076339544 73.1672
0.0076341544 74.7665
0.0076343544 75.1663
0.0076345544 74.7665
0.0076347544 72.7674
0.0076349544 72.3676
0.0076351544 75.5661
0.0076353544 75.966
0.0076355544 73.567
0.0076357544 73.1672
0.0076359544 75.1663
0.0076361544 72.7674
0.0076363544 75.5661
0.0076365544 74.3667
0.0076367544 73.9669
0.0076369544 73.1672
0.0076371544 74.3667
0.0076373544 72.3676
0.0076375544 76.7656
0.0076377544 77.5653
0.0076379544 75.1663
0.0076381544 72.7674
0.0076383544 74.3667
0.0076385544 74.3667
0.0076387544 75.1663
0.0076389544 75.5661
0.0076391544 77.1654
0.0076393544 75.966
0.0076395544 73.567
0.0076397544 73.1672
0.0076399544 74.7665
0.0076401544 75.966
0.0076403544 73.9669
0.0076405544 76.7656
0.0076407544 78.7647
0.0076409544 74.7665
0.0076411544 74.7665
0.0076413544 76.3658
0.0076415544 74.7665
0.0076417544 75.966
0.0076419544 75.5661
0.0076421544 75.966
0.0076423544 75.966
0.0076425544 77.9651
0.0076427544 75.5661
0.0076429544 75.5661
0.0076431544 76.3658
0.0076433544 73.9669
0.0076435544 75.5661
0.0076437544 79.1645
0.0076439544 77.1654
0.0076441544 77.5653
0.0076443544 76.7656
0.0076445544 76.3658
0.0076447544 75.5661
0.0076449544 75.1663
0.0076451544 77.5653
0.0076453544 75.966
0.0076455544 77.1654
0.0076457544 75.5661
0.0076459544 76.7656
0.0076461544 75.5661
0.0076463544 76.7656
0.0076465544 78.3649
0.0076467544 75.966
0.0076469544 75.5661
0.0076471544 78.7647
0.0076473544 77.5653
0.0076475544 75.966
0.0076477544 75.1663
0.0076479544 75.5661
0.0076481544 78.3649
0.0076483544 75.5661
0.0076485544 74.7665
0.0076487544 76.7656
0.0076489544 73.9669
0.0076491544 77.5653
0.0076493544 76.7656
0.0076495544 78.7647
0.0076497544 77.5653
0.0076499544 79.5644
0.0076501544 79.5644
0.0076503544 75.5661
0.0076505544 76.7656
0.0076507544 77.9651
0.0076509544 77.5653
0.0076511544 78.3649
0.0076513544 78.3649
0.0076515544 77.9651
0.0076517544 80.364
0.0076519544 79.1645
0.0076521544 75.966
0.0076523544 75.5661
0.0076525544 78.7647
0.0076527544 77.5653
0.0076529544 78.3649
0.0076531544 80.7638
0.0076533544 80.7638
0.0076535544 78.3649
0.0076537544 79.9642
0.0076539544 79.5644
0.0076541544 75.966
0.0076543544 80.7638
0.0076545544 83.1627
0.0076547544 77.1654
0.0076549544 80.364
0.0076551544 75.5661
0.0076553544 79.5644
0.0076555544 81.5635
0.0076557544 80.364
0.0076559544 78.3649
0.0076561544 79.9642
0.0076563544 79.9642
0.0076565544 76.3658
0.0076567544 76.3658
0.0076569544 79.9642
0.0076571544 76.3658
0.0076573544 80.364
0.0076575544 79.9642
0.0076577544 77.5653
0.0076579544 79.5644
0.0076581544 79.1645
0.0076583544 79.9642
0.0076585544 79.1645
0.0076587544 82.3631
0.0076589544 80.7638
0.0076591544 80.7638
0.0076593544 78.3649
0.0076595544 82.3631
0.0076597544 81.1636
0.0076599544 81.5635
0.0076601544 81.9633
0.0076603544 81.1636
0.0076605544 80.7638
0.0076607544 79.9642
0.0076609544 82.7629
0.0076611544 81.5635
0.0076613544 79.5644
0.0076615544 81.1636
0.0076617544 81.9633
0.0076619544 80.7638
0.0076621544 81.5635
0.0076623544 79.5644
0.0076625544 80.7638
0.0076627544 81.1636
0.0076629544 81.5635
0.0076631544 81.5635
0.0076633544 81.1636
0.0076635544 83.9624
0.0076637544 79.5644
0.0076639544 80.364
0.0076641544 83.5626
0.0076643544 78.7647
0.0076645544 79.9642
0.0076647544 80.7638
0.0076649544 79.1645
0.0076651544 80.7638
0.0076653544 80.7638
0.0076655544 82.3631
0.0076657544 81.5635
0.0076659544 81.9633
0.0076661544 84.762
0.0076663544 81.9633
0.0076665544 81.9633
0.0076667544 82.3631
0.0076669544 82.7629
0.0076671544 79.9642
0.0076673544 82.7629
0.0076675544 81.1636
0.0076677544 82.3631
0.0076679544 81.1636
0.0076681544 84.3622
0.0076683544 81.1636
0.0076685544 81.1636
0.0076687544 79.1645
0.0076689544 83.9624
0.0076691544 81.1636
0.0076693544 82.3631
0.0076695544 80.7638
0.0076697544 80.7638
0.0076699544 83.1627
0.0076701544 82.7629
0.0076703544 79.1645
0.0076705544 83.5626
0.0076707544 83.5626
0.0076709544 83.1627
0.0076711544 83.1627
0.0076713544 83.9624
0.0076715544 83.9624
0.0076717544 81.5635
0.0076719544 81.9633
0.0076721544 83.9624
0.0076723544 82.3631
0.0076725544 80.364
0.0076727544 82.3631
0.0076729544 81.5635
0.0076731544 83.9624
0.0076733544 83.5626
0.0076735544 83.9624
0.0076737544 84.762
0.0076739544 85.1618
0.0076741544 83.5626
0.0076743544 84.3622
0.0076745544 83.1627
0.0076747544 83.5626
0.0076749544 81.5635
0.0076751544 84.762
0.0076753544 83.5626
0.0076755544 83.9624
0.0076757544 83.1627
0.0076759544 81.1636
0.0076761544 85.1618
0.0076763544 83.9624
0.0076765544 85.5617
0.0076767544 87.9606
0.0076769544 84.762
0.0076771544 83.5626
0.0076773544 83.9624
0.0076775544 85.9615
0.0076777544 83.5626
0.0076779544 84.762
0.0076781544 84.762
0.0076783544 83.5626
0.0076785544 87.5608
0.0076787544 85.1618
0.0076789544 84.3622
0.0076791544 85.1618
0.0076793544 83.9624
0.0076795544 84.3622
0.0076797544 82.7629
0.0076799544 84.3622
0.0076801544 83.5626
0.0076803544 85.1618
0.0076805544 82.7629
0.0076807544 86.7611
0.0076809544 84.3622
0.0076811544 86.3613
0.0076813544 83.1627
0.0076815544 86.7611
0.0076817544 84.3622
0.0076819544 85.9615
0.0076821544 85.5617
0.0076823544 85.9615
0.0076825544 86.3613
0.0076827544 84.3622
0.0076829544 84.762
0.0076831544 85.9615
0.0076833544 84.762
0.0076835544 83.9624
0.0076837544 85.5617
0.0076839544 85.9615
0.0076841544 85.1618
0.0076843544 85.9615
0.0076845544 86.7611
0.0076847544 85.5617
0.0076849544 86.7611
0.0076851544 84.3622
0.0076853544 87.9606
0.0076855544 84.3622
0.0076857544 83.9624
0.0076859544 88.7602
0.0076861544 84.3622
0.0076863544 85.1618
0.0076865544 85.9615
0.0076867544 87.5608
0.0076869544 88.7602
0.0076871544 87.161
0.0076873544 85.9615
0.0076875544 87.5608
0.0076877544 88.3604
0.0076879544 87.161
0.0076881544 87.161
0.0076883544 86.3613
0.0076885544 87.5608
0.0076887544 85.1618
0.0076889544 89.9597
0.0076891544 87.9606
0.0076893544 85.5617
0.0076895544 88.3604
0.0076897544 85.5617
0.0076899544 87.161
0.0076901544 84.762
0.0076903544 87.161
0.0076905544 87.161
0.0076907544 87.161
0.0076909544 85.9615
0.0076911544 85.5617
0.0076913544 87.5608
0.0076915544 87.9606
0.0076917544 88.3604
0.0076919544 90.3595
0.0076921544 87.9606
0.0076923544 87.5608
0.0076925544 87.161
0.0076927544 86.7611
0.0076929544 88.7602
0.0076931544 87.5608
0.0076933544 89.1601
0.0076935544 85.9615
0.0076937544 87.9606
0.0076939544 87.9606
0.0076941544 86.7611
0.0076943544 86.3613
0.0076945544 88.3604
0.0076947544 84.3622
0.0076949544 88.7602
0.0076951544 88.3604
0.0076953544 88.3604
0.0076955544 86.3613
0.0076957544 85.5617
0.0076959544 89.5599
0.0076961544 87.9606
0.0076963544 86.3613
0.0076965544 86.7611
0.0076967544 87.9606
0.0076969544 87.161
0.0076971544 90.7593
0.0076973544 88.3604
0.0076975544 87.9606
0.0076977544 90.3595
0.0076979544 87.9606
0.0076981544 88.7602
0.0076983544 89.1601
0.0076985544 85.5617
0.0076987544 87.161
0.0076989544 88.3604
0.0076991544 86.3613
0.0076993544 88.3604
0.0076995544 89.1601
0.0076997544 88.3604
0.0076999544 88.3604
0.0077001544 87.5608
0.0077003544 89.1601
0.0077005544 87.161
0.0077007544 90.7593
0.0077009544 89.9597
0.0077011544 87.5608
0.0077013544 87.9606
0.0077015544 89.1601
0.0077017544 89.5599
0.0077019544 89.5599
0.0077021544 88.7602
0.0077023544 88.7602
0.0077025544 87.9606
0.0077027544 87.5608
0.0077029544 88.3604
0.0077031544 89.1601
0.0077033544 89.9597
0.0077035544 90.3595
0.0077037544 87.9606
0.0077039544 88.7602
0.0077041544 89.5599
0.0077043544 87.9606
0.0077045544 91.9588
0.0077047544 87.5608
0.0077049544 92.3586
0.0077051544 89.1601
0.0077053544 88.7602
0.0077055544 91.559
0.0077057544 91.559
0.0077059544 89.9597
0.0077061544 89.9597
0.0077063544 90.7593
0.0077065544 92.7584
0.0077067544 92.7584
0.0077069544 89.1601
0.0077071544 91.9588
0.0077073544 91.1592
0.0077075544 93.1583
0.0077077544 90.7593
0.0077079544 93.5581
0.0077081544 91.1592
0.0077083544 89.1601
0.0077085544 92.3586
0.0077087544 89.5599
0.0077089544 92.3586
0.0077091544 90.3595
0.0077093544 89.9597
0.0077095544 89.1601
0.0077097544 92.7584
0.0077099544 93.5581
0.0077101544 92.3586
0.0077103544 89.1601
0.0077105544 91.1592
0.0077107544 93.9579
0.0077109544 92.3586
0.0077111544 95.1574
0.0077113544 94.7575
0.0077115544 91.9588
0.0077117544 89.5599
0.0077119544 92.3586
0.0077121544 90.3595
0.0077123544 92.3586
0.0077125544 90.7593
0.0077127544 92.3586
0.0077129544 93.5581
0.0077131544 91.559
0.0077133544 90.7593
0.0077135544 91.9588
0.0077137544 93.5581
0.0077139544 91.1592
0.0077141544 94.3577
0.0077143544 90.3595
0.0077145544 93.9579
0.0077147544 93.1583
0.0077149544 93.1583
0.0077151544 93.5581
0.0077153544 93.9579
0.0077155544 90.7593
0.0077157544 94.7575
0.0077159544 92.7584
0.0077161544 94.7575
0.0077163544 93.9579
0.0077165544 93.9579
0.0077167544 97.5563
0.0077169544 96.7567
0.0077171544 93.9579
0.0077173544 94.3577
0.0077175544 93.9579
0.0077177544 91.9588
0.0077179544 95.957
0.0077181544 91.559
0.0077183544 95.5572
0.0077185544 97.1565
0.0077187544 95.1574
0.0077189544 91.1592
0.0077191544 93.9579
0.0077193544 96.7567
0.0077195544 95.1574
0.0077197544 95.1574
0.0077199544 92.3586
0.0077201544 95.5572
0.0077203544 94.7575
0.0077205544 94.7575
0.0077207544 96.3568
0.0077209544 95.1574
0.0077211544 95.1574
0.0077213544 97.5563
0.0077215544 93.9579
0.0077217544 93.5581
0.0077219544 95.1574
0.0077221544 95.5572
0.0077223544 97.9561
0.0077225544 94.3577
0.0077227544 99.1556
0.0077229544 98.7558
0.0077231544 97.1565
0.0077233544 97.5563
0.0077235544 95.5572
0.0077237544 94.7575
0.0077239544 97.5563
0.0077241544 98.7558
0.0077243544 98.7558
0.0077245544 96.3568
0.0077247544 96.7567
0.0077249544 96.7567
0.0077251544 97.1565
0.0077253544 97.9561
0.0077255544 94.7575
0.0077257544 96.7567
0.0077259544 96.7567
0.0077261544 95.5572
0.0077263544 98.7558
0.0077265544 99.1556
0.0077267544 97.1565
0.0077269544 99.5554
0.0077271544 98.3559
0.0077273544 97.5563
0.0077275544 95.1574
0.0077277544 96.7567
0.0077279544 96.3568
0.0077281544 96.7567
0.0077283544 99.5554
0.0077285544 96.3568
0.0077287544 98.7558
0.0077289544 95.1574
0.0077291544 95.5572
0.0077293544 99.5554
0.0077295544 95.957
0.0077297544 98.7558
0.0077299544 96.3568
0.0077301544 97.9561
0.0077303544 98.7558
0.0077305544 97.5563
0.0077307544 100.755
0.0077309544 97.9561
0.0077311544 100.355
0.0077313544 97.9561
0.0077315544 99.9552
0.0077317544 97.5563
0.0077319544 99.9552
0.0077321544 97.5563
0.0077323544 98.3559
0.0077325544 98.7558
0.0077327544 96.7567
0.0077329544 99.1556
0.0077331544 99.1556
0.0077333544 99.9552
0.0077335544 97.1565
0.0077337544 99.1556
0.0077339544 98.3559
0.0077341544 99.9552
0.0077343544 99.1556
0.0077345544 99.1556
0.0077347544 99.5554
0.0077349544 98.7558
0.0077351544 97.5563
0.0077353544 98.3559
0.0077355544 99.1556
0.0077357544 100.355
0.0077359544 98.7558
0.0077361544 100.355
0.0077363544 99.1556
0.0077365544 99.5554
0.0077367544 100.355
0.0077369544 100.755
0.0077371544 99.5554
0.0077373544 100.755
0.0077375544 98.7558
0.0077377544 98.3559
0.0077379544 99.9552
0.0077381544 101.555
0.0077383544 100.355
0.0077385544 102.354
0.0077387544 100.355
0.0077389544 101.555
0.0077391544 100.755
0.0077393544 101.555
0.0077395544 101.155
0.0077397544 101.155
0.0077399544 101.555
0.0077401544 100.355
0.0077403544 101.155
0.0077405544 101.155
0.0077407544 99.9552
0.0077409544 101.155
0.0077411544 101.155
0.0077413544 99.1556
0.0077415544 99.9552
0.0077417544 100.755
0.0077419544 99.1556
0.0077421544 101.954
0.0077423544 99.9552
0.0077425544 101.155
0.0077427544 101.155
0.0077429544 100.755
0.0077431544 101.155
0.0077433544 100.755
0.0077435544 99.9552
0.0077437544 101.155
0.0077439544 100.355
0.0077441544 100.755
0.0077443544 102.754
0.0077445544 99.5554
0.0077447544 103.154
0.0077449544 102.354
0.0077451544 101.155
0.0077453544 100.355
0.0077455544 99.9552
0.0077457544 101.155
0.0077459544 101.155
0.0077461544 103.154
0.0077463544 104.753
0.0077465544 101.555
0.0077467544 99.9552
0.0077469544 100.755
0.0077471544 101.555
0.0077473544 101.555
0.0077475544 103.154
0.0077477544 105.553
0.0077479544 103.953
0.0077481544 103.154
0.0077483544 101.155
0.0077485544 104.353
0.0077487544 103.154
0.0077489544 103.953
0.0077491544 103.554
0.0077493544 105.153
0.0077495544 102.354
0.0077497544 103.554
0.0077499544 103.554
0.0077501544 101.555
0.0077503544 101.954
0.0077505544 104.753
0.0077507544 101.954
0.0077509544 101.954
0.0077511544 104.353
0.0077513544 102.754
0.0077515544 100.355
0.0077517544 102.354
0.0077519544 103.554
0.0077521544 103.554
0.0077523544 105.153
0.0077525544 102.754
0.0077527544 103.554
0.0077529544 103.554
0.0077531544 103.554
0.0077533544 103.154
0.0077535544 102.754
0.0077537544 104.353
0.0077539544 104.353
0.0077541544 103.953
0.0077543544 104.753
0.0077545544 106.352
0.0077547544 103.953
0.0077549544 103.953
0.0077551544 103.953
0.0077553544 103.554
0.0077555544 104.753
0.0077557544 103.154
0.0077559544 102.754
0.0077561544 103.953
0.0077563544 103.554
0.0077565544 101.954
0.0077567544 105.553
0.0077569544 104.753
0.0077571544 106.352
0.0077573544 103.953
0.0077575544 103.154
0.0077577544 104.753
0.0077579544 104.753
0.0077581544 103.953
0.0077583544 107.152
0.0077585544 104.353
0.0077587544 105.153
0.0077589544 103.154
0.0077591544 102.354
0.0077593544 106.352
0.0077595544 104.353
0.0077597544 103.554
0.0077599544 102.354
0.0077601544 105.553
0.0077603544 106.352
0.0077605544 104.753
0.0077607544 103.554
0.0077609544 104.753
0.0077611544 103.953
0.0077613544 104.753
0.0077615544 102.754
0.0077617544 105.153
0.0077619544 104.753
0.0077621544 103.554
0.0077623544 103.953
0.0077625544 108.351
0.0077627544 104.753
0.0077629544 105.553
0.0077631544 105.153
0.0077633544 104.753
0.0077635544 107.152
0.0077637544 107.152
0.0077639544 103.554
0.0077641544 106.352
0.0077643544 105.153
0.0077645544 106.752
0.0077647544 106.352
0.0077649544 104.353
0.0077651544 105.553
0.0077653544 106.752
0.0077655544 103.953
0.0077657544 108.351
0.0077659544 105.553
0.0077661544 107.152
0.0077663544 105.153
0.0077665544 105.153
0.0077667544 107.552
0.0077669544 105.953
0.0077671544 104.353
0.0077673544 106.752
0.0077675544 107.152
0.0077677544 103.953
0.0077679544 105.953
0.0077681544 103.953
0.0077683544 110.351
0.0077685544 107.152
0.0077687544 106.352
0.0077689544 104.753
0.0077691544 107.952
0.0077693544 106.352
0.0077695544 109.151
0.0077697544 103.953
0.0077699544 106.352
0.0077701544 107.152
0.0077703544 109.951
0.0077705544 108.751
0.0077707544 107.152
0.0077709544 107.952
0.0077711544 106.352
0.0077713544 107.952
0.0077715544 107.152
0.0077717544 107.152
0.0077719544 109.551
0.0077721544 110.351
0.0077723544 105.153
0.0077725544 107.952
0.0077727544 106.752
0.0077729544 107.952
0.0077731544 109.151
0.0077733544 108.751
0.0077735544 107.552
0.0077737544 108.351
0.0077739544 108.751
0.0077741544 110.75
0.0077743544 106.352
0.0077745544 108.351
0.0077747544 110.75
0.0077749544 109.551
0.0077751544 113.549
0.0077753544 106.352
0.0077755544 109.951
0.0077757544 109.151
0.0077759544 108.351
0.0077761544 110.75
0.0077763544 109.151
0.0077765544 109.951
0.0077767544 107.152
0.0077769544 108.351
0.0077771544 111.55
0.0077773544 111.95
0.0077775544 108.751
0.0077777544 107.952
0.0077779544 110.351
0.0077781544 111.15
0.0077783544 110.351
0.0077785544 112.35
0.0077787544 109.551
0.0077789544 111.55
0.0077791544 111.55
0.0077793544 110.75
0.0077795544 112.35
0.0077797544 113.149
0.0077799544 111.55
0.0077801544 113.149
0.0077803544 111.55
0.0077805544 111.55
0.0077807544 111.95
0.0077809544 112.35
0.0077811544 112.749
0.0077813544 111.15
0.0077815544 112.749
0.0077817544 110.351
0.0077819544 112.749
0.0077821544 111.55
0.0077823544 113.949
0.0077825544 113.549
0.0077827544 111.55
0.0077829544 112.35
0.0077831544 111.95
0.0077833544 114.749
0.0077835544 112.749
0.0077837544 111.55
0.0077839544 111.95
0.0077841544 114.349
0.0077843544 113.549
0.0077845544 112.749
0.0077847544 113.949
0.0077849544 113.549
0.0077851544 114.749
0.0077853544 111.95
0.0077855544 113.149
0.0077857544 115.548
0.0077859544 112.749
0.0077861544 114.749
0.0077863544 112.35
0.0077865544 112.35
0.0077867544 113.949
0.0077869544 113.149
0.0077871544 114.349
0.0077873544 114.749
0.0077875544 114.349
0.0077877544 114.749
0.0077879544 114.749
0.0077881544 112.749
0.0077883544 112.749
0.0077885544 115.148
0.0077887544 114.349
0.0077889544 113.549
0.0077891544 116.348
0.0077893544 113.949
0.0077895544 113.949
0.0077897544 114.749
0.0077899544 112.749
0.0077901544 115.548
0.0077903544 112.749
0.0077905544 115.148
0.0077907544 113.149
0.0077909544 113.549
0.0077911544 114.749
0.0077913544 115.948
0.0077915544 116.748
0.0077917544 114.349
0.0077919544 115.948
0.0077921544 115.548
0.0077923544 113.949
0.0077925544 115.548
0.0077927544 113.549
0.0077929544 114.749
0.0077931544 114.749
0.0077933544 114.349
0.0077935544 115.548
0.0077937544 115.148
0.0077939544 116.348
0.0077941544 113.149
0.0077943544 112.749
0.0077945544 115.148
0.0077947544 116.748
0.0077949544 115.948
0.0077951544 115.148
0.0077953544 114.749
0.0077955544 115.548
0.0077957544 113.549
0.0077959544 113.949
0.0077961544 115.148
0.0077963544 113.549
0.0077965544 113.149
0.0077967544 113.549
0.0077969544 114.749
0.0077971544 116.348
0.0077973544 115.948
0.0077975544 117.547
0.0077977544 115.948
0.0077979544 115.548
0.0077981544 114.349
0.0077983544 114.749
0.0077985544 117.947
0.0077987544 114.349
0.0077989544 115.948
0.0077991544 115.948
0.0077993544 115.948
0.0077995544 115.148
0.0077997544 113.149
0.0077999544 116.348
0.0078001544 116.348
0.0078003544 111.95
0.0078005544 114.349
0.0078007544 114.349
0.0078009544 115.148
0.0078011544 115.548
0.0078013544 114.749
0.0078015544 117.547
0.0078017544 117.547
0.0078019544 115.948
0.0078021544 115.548
0.0078023544 115.148
0.0078025544 115.948
0.0078027544 117.148
0.0078029544 116.748
0.0078031544 117.947
0.0078033544 117.148
0.0078035544 117.547
0.0078037544 115.948
0.0078039544 113.549
0.0078041544 120.346
0.0078043544 116.348
0.0078045544 117.547
0.0078047544 115.948
0.0078049544 117.148
0.0078051544 114.749
0.0078053544 114.749
0.0078055544 116.748
0.0078057544 114.349
0.0078059544 113.149
0.0078061544 115.948
0.0078063544 116.748
0.0078065544 115.948
0.0078067544 117.547
0.0078069544 115.148
0.0078071544 117.947
0.0078073544 116.348
0.0078075544 121.146
0.0078077544 115.948
0.0078079544 117.148
0.0078081544 117.547
0.0078083544 115.948
0.0078085544 118.347
0.0078087544 118.747
0.0078089544 119.546
0.0078091544 115.148
0.0078093544 117.148
0.0078095544 115.148
0.0078097544 118.747
0.0078099544 114.349
0.0078101544 116.348
0.0078103544 115.148
0.0078105544 117.547
0.0078107544 117.947
0.0078109544 117.148
0.0078111544 117.148
0.0078113544 117.547
0.0078115544 117.547
0.0078117544 115.148
0.0078119544 117.148
0.0078121544 116.748
0.0078123544 117.947
0.0078125544 117.148
0.0078127544 117.148
0.0078129544 116.348
0.0078131544 119.147
0.0078133544 117.547
0.0078135544 114.349
0.0078137544 117.947
0.0078139544 119.147
0.0078141544 116.348
0.0078143544 117.947
0.0078145544 116.348
0.0078147544 120.346
0.0078149544 119.147
0.0078151544 116.348
0.0078153544 115.148
0.0078155544 117.148
0.0078157544 119.946
0.0078159544 119.147
0.0078161544 120.746
0.0078163544 121.546
0.0078165544 120.746
0.0078167544 118.747
0.0078169544 121.546
0.0078171544 114.349
0.0078173544 117.148
0.0078175544 119.147
0.0078177544 115.548
0.0078179544 119.147
0.0078181544 117.547
0.0078183544 117.148
0.0078185544 117.547
0.0078187544 118.347
0.0078189544 117.148
0.0078191544 119.546
0.0078193544 117.547
0.0078195544 119.147
0.0078197544 117.947
0.0078199544 118.747
0.0078201544 116.348
0.0078203544 121.546
0.0078205544 117.947
0.0078207544 120.746
0.0078209544 117.148
0.0078211544 120.346
0.0078213544 122.345
0.0078215544 121.945
0.0078217544 120.346
0.0078219544 118.347
0.0078221544 117.947
0.0078223544 118.747
0.0078225544 119.147
0.0078227544 120.346
0.0078229544 116.748
0.0078231544 118.747
0.0078233544 119.546
0.0078235544 118.747
0.0078237544 115.948
0.0078239544 120.346
0.0078241544 119.147
0.0078243544 118.347
0.0078245544 118.347
0.0078247544 121.146
0.0078249544 119.546
0.0078251544 117.148
0.0078253544 118.347
0.0078255544 121.945
0.0078257544 120.746
0.0078259544 122.345
0.0078261544 120.746
0.0078263544 121.146
0.0078265544 122.345
0.0078267544 121.146
0.0078269544 120.746
0.0078271544 120.346
0.0078273544 120.746
0.0078275544 120.346
0.0078277544 122.345
0.0078279544 120.746
0.0078281544 120.346
0.0078283544 121.546
0.0078285544 121.146
0.0078287544 118.747
0.0078289544 120.746
0.0078291544 120.346
0.0078293544 121.546
0.0078295544 121.146
0.0078297544 121.546
0.0078299544 123.545
0.0078301544 125.144
0.0078303544 121.945
0.0078305544 124.344
0.0078307544 121.945
0.0078309544 121.945
0.0078311544 122.745
0.0078313544 121.146
0.0078315544 123.145
0.0078317544 122.745
0.0078319544 119.946
0.0078321544 124.344
0.0078323544 123.944
0.0078325544 121.945
0.0078327544 122.745
0.0078329544 122.745
0.0078331544 122.345
0.0078333544 123.944
0.0078335544 123.545
0.0078337544 123.944
0.0078339544 125.144
0.0078341544 123.944
0.0078343544 119.946
0.0078345544 124.344
0.0078347544 121.546
0.0078349544 122.345
0.0078351544 123.944
0.0078353544 122.345
0.0078355544 123.545
0.0078357544 123.545
0.0078359544 125.544
0.0078361544 125.144
0.0078363544 124.344
0.0078365544 123.944
0.0078367544 121.945
0.0078369544 124.344
0.0078371544 126.343
0.0078373544 123.145
0.0078375544 124.344
0.0078377544 124.344
0.0078379544 125.944
0.0078381544 124.744
0.0078383544 123.145
0.0078385544 124.744
0.0078387544 123.145
0.0078389544 123.145
0.0078391544 126.343
0.0078393544 122.345
0.0078395544 123.944
0.0078397544 125.544
0.0078399544 125.144
0.0078401544 123.545
0.0078403544 127.543
0.0078405544 128.742
0.0078407544 124.744
0.0078409544 124.344
0.0078411544 126.343
0.0078413544 125.544
0.0078415544 124.744
0.0078417544 125.944
0.0078419544 125.944
0.0078421544 127.143
0.0078423544 127.143
0.0078425544 126.343
0.0078427544 125.944
0.0078429544 127.543
0.0078431544 127.543
0.0078433544 128.343
0.0078435544 127.543
0.0078437544 124.744
0.0078439544 127.143
0.0078441544 125.144
0.0078443544 127.943
0.0078445544 127.143
0.0078447544 125.544
0.0078449544 126.743
0.0078451544 126.343
0.0078453544 127.143
0.0078455544 126.343
0.0078457544 126.743
0.0078459544 127.143
0.0078461544 126.743
0.0078463544 128.742
0.0078465544 128.742
0.0078467544 124.744
0.0078469544 127.543
0.0078471544 125.944
0.0078473544 125.544
0.0078475544 127.143
0.0078477544 126.343
0.0078479544 126.343
0.0078481544 127.143
0.0078483544 130.342
0.0078485544 126.743
0.0078487544 125.144
0.0078489544 129.142
0.0078491544 126.743
0.0078493544 125.544
0.0078495544 127.143
0.0078497544 127.543
0.0078499544 127.143
0.0078501544 127.143
0.0078503544 126.743
0.0078505544 124.744
0.0078507544 128.742
0.0078509544 126.743
0.0078511544 125.944
0.0078513544 127.943
0.0078515544 123.944
0.0078517544 127.143
0.0078519544 127.543
0.0078521544 127.543
0.0078523544 125.944
0.0078525544 129.942
0.0078527544 126.343
0.0078529544 128.343
0.0078531544 127.943
0.0078533544 127.543
0.0078535544 123.944
0.0078537544 127.143
0.0078539544 128.742
0.0078541544 127.143
0.0078543544 127.943
0.0078545544 130.342
0.0078547544 127.943
0.0078549544 128.343
0.0078551544 127.543
0.0078553544 127.143
0.0078555544 127.143
0.0078557544 129.142
0.0078559544 128.343
0.0078561544 127.143
0.0078563544 128.742
0.0078565544 129.142
0.0078567544 127.543
0.0078569544 129.142
0.0078571544 128.343
0.0078573544 128.742
0.0078575544 129.142
0.0078577544 127.143
0.0078579544 129.142
0.0078581544 126.343
0.0078583544 129.142
0.0078585544 127.143
0.0078587544 126.743
0.0078589544 127.943
0.0078591544 128.742
0.0078593544 129.142
0.0078595544 126.343
0.0078597544 127.143
0.0078599544 129.942
0.0078601544 129.542
0.0078603544 129.942
0.0078605544 130.342
0.0078607544 128.742
0.0078609544 128.343
0.0078611544 127.543
0.0078613544 130.741
0.0078615544 128.742
0.0078617544 127.143
0.0078619544 127.543
0.0078621544 129.142
0.0078623544 129.542
0.0078625544 129.542
0.0078627544 130.741
0.0078629544 128.742
0.0078631544 128.343
0.0078633544 130.342
0.0078635544 129.142
0.0078637544 128.742
0.0078639544 127.543
0.0078641544 127.543
0.0078643544 129.942
0.0078645544 129.142
0.0078647544 129.942
0.0078649544 130.741
0.0078651544 130.342
0.0078653544 128.742
0.0078655544 127.143
0.0078657544 131.541
0.0078659544 129.142
0.0078661544 126.743
0.0078663544 127.543
0.0078665544 131.141
0.0078667544 128.742
0.0078669544 130.342
0.0078671544 129.142
0.0078673544 129.542
0.0078675544 129.142
0.0078677544 129.142
0.0078679544 129.542
0.0078681544 129.942
0.0078683544 129.942
0.0078685544 131.541
0.0078687544 128.343
0.0078689544 131.141
0.0078691544 126.743
0.0078693544 129.942
0.0078695544 130.741
0.0078697544 129.542
0.0078699544 127.543
0.0078701544 129.942
0.0078703544 130.342
0.0078705544 131.141
0.0078707544 129.542
0.0078709544 131.541
0.0078711544 130.342
0.0078713544 130.741
0.0078715544 130.342
0.0078717544 130.342
0.0078719544 129.142
0.0078721544 132.341
0.0078723544 129.542
0.0078725544 132.341
0.0078727544 128.343
0.0078729544 130.741
0.0078731544 130.741
0.0078733544 132.741
0.0078735544 132.741
0.0078737544 131.941
0.0078739544 133.54
0.0078741544 132.341
0.0078743544 131.541
0.0078745544 133.14
0.0078747544 131.941
0.0078749544 131.141
0.0078751544 129.142
0.0078753544 131.941
0.0078755544 131.941
0.0078757544 129.542
0.0078759544 131.141
0.0078761544 129.142
0.0078763544 132.341
0.0078765544 131.141
0.0078767544 132.341
0.0078769544 131.541
0.0078771544 129.542
0.0078773544 129.542
0.0078775544 129.942
0.0078777544 133.94
0.0078779544 130.741
0.0078781544 130.342
0.0078783544 130.741
0.0078785544 130.741
0.0078787544 129.542
0.0078789544 131.941
0.0078791544 129.942
0.0078793544 131.541
0.0078795544 132.341
0.0078797544 130.741
0.0078799544 132.341
0.0078801544 131.941
0.0078803544 131.141
0.0078805544 132.341
0.0078807544 131.941
0.0078809544 133.14
0.0078811544 136.339
0.0078813544 133.94
0.0078815544 133.14
0.0078817544 129.542
0.0078819544 133.54
0.0078821544 131.141
0.0078823544 132.341
0.0078825544 133.14
0.0078827544 133.14
0.0078829544 131.941
0.0078831544 136.339
0.0078833544 132.741
0.0078835544 132.341
0.0078837544 133.14
0.0078839544 133.14
0.0078841544 132.341
0.0078843544 132.341
0.0078845544 133.14
0.0078847544 131.541
0.0078849544 131.541
0.0078851544 133.14
0.0078853544 134.34
0.0078855544 132.741
0.0078857544 133.94
0.0078859544 132.341
0.0078861544 132.341
0.0078863544 134.74
0.0078865544 135.539
0.0078867544 131.141
0.0078869544 130.741
0.0078871544 131.941
0.0078873544 135.939
0.0078875544 133.54
0.0078877544 135.139
0.0078879544 129.942
0.0078881544 133.54
0.0078883544 132.741
0.0078885544 136.739
0.0078887544 133.94
0.0078889544 132.341
0.0078891544 136.339
0.0078893544 135.939
0.0078895544 135.139
0.0078897544 135.139
0.0078899544 133.94
0.0078901544 133.54
0.0078903544 133.14
0.0078905544 135.539
0.0078907544 135.939
0.0078909544 135.939
0.0078911544 135.939
0.0078913544 133.54
0.0078915544 134.74
0.0078917544 131.941
0.0078919544 131.541
0.0078921544 134.34
0.0078923544 135.539
0.0078925544 134.34
0.0078927544 135.939
0.0078929544 133.94
0.0078931544 132.341
0.0078933544 136.339
0.0078935544 132.341
0.0078937544 134.74
0.0078939544 134.74
0.0078941544 135.139
0.0078943544 137.938
0.0078945544 135.539
0.0078947544 133.14
0.0078949544 136.739
0.0078951544 136.739
0.0078953544 136.739
0.0078955544 135.139
0.0078957544 135.139
0.0078959544 132.741
0.0078961544 135.539
0.0078963544 135.939
0.0078965544 135.139
0.0078967544 136.739
0.0078969544 136.339
0.0078971544 135.139
0.0078973544 133.94
0.0078975544 135.139
0.0078977544 133.54
0.0078979544 136.339
0.0078981544 136.739
0.0078983544 135.539
0.0078985544 137.139
0.0078987544 137.538
0.0078989544 133.94
0.0078991544 133.94
0.0078993544 133.54
0.0078995544 136.739
0.0078997544 134.34
0.0078999544 136.739
0.0079001544 135.539
0.0079003544 136.339
0.0079005544 136.739
0.0079007544 137.938
0.0079009544 136.739
0.0079011544 135.539
0.0079013544 133.54
0.0079015544 136.339
0.0079017544 135.539
0.0079019544 137.139
0.0079021544 136.739
0.0079023544 136.739
0.0079025544 133.14
0.0079027544 138.738
0.0079029544 138.338
0.0079031544 137.139
0.0079033544 136.739
0.0079035544 134.34
0.0079037544 135.539
0.0079039544 135.939
0.0079041544 136.339
0.0079043544 134.34
0.0079045544 138.338
0.0079047544 139.138
0.0079049544 136.739
0.0079051544 138.738
0.0079053544 136.739
0.0079055544 135.939
0.0079057544 138.338
0.0079059544 135.939
0.0079061544 136.739
0.0079063544 138.338
0.0079065544 137.538
0.0079067544 137.538
0.0079069544 136.739
0.0079071544 135.939
0.0079073544 139.138
0.0079075544 139.537
0.0079077544 136.339
0.0079079544 137.538
0.0079081544 136.739
0.0079083544 139.937
0.0079085544 139.537
0.0079087544 135.939
0.0079089544 136.739
0.0079091544 141.137
0.0079093544 137.139
0.0079095544 139.537
0.0079097544 137.538
0.0079099544 138.338
0.0079101544 140.337
0.0079103544 138.738
0.0079105544 138.738
0.0079107544 138.338
0.0079109544 137.938
0.0079111544 138.338
0.0079113544 141.537
0.0079115544 138.738
0.0079117544 137.938
0.0079119544 138.338
0.0079121544 139.537
0.0079123544 139.937
0.0079125544 136.739
0.0079127544 140.337
0.0079129544 138.338
0.0079131544 139.138
0.0079133544 142.736
0.0079135544 137.938
0.0079137544 136.739
0.0079139544 136.739
0.0079141544 137.139
0.0079143544 143.136
0.0079145544 139.138
0.0079147544 141.137
0.0079149544 138.738
0.0079151544 139.937
0.0079153544 138.738
0.0079155544 142.336
0.0079157544 139.937
0.0079159544 141.936
0.0079161544 141.936
0.0079163544 137.938
0.0079165544 139.138
0.0079167544 141.537
0.0079169544 140.737
0.0079171544 141.137
0.0079173544 139.937
0.0079175544 141.537
0.0079177544 143.136
0.0079179544 137.938
0.0079181544 139.937
0.0079183544 141.137
0.0079185544 139.937
0.0079187544 141.137
0.0079189544 140.337
0.0079191544 138.338
0.0079193544 140.337
0.0079195544 139.537
0.0079197544 139.537
0.0079199544 141.936
0.0079201544 141.537
0.0079203544 140.337
0.0079205544 141.137
0.0079207544 143.536
0.0079209544 140.737
0.0079211544 142.336
0.0079213544 141.537
0.0079215544 140.337
0.0079217544 142.336
0.0079219544 140.737
0.0079221544 142.736
0.0079223544 143.136
0.0079225544 141.936
0.0079227544 141.936
0.0079229544 143.536
0.0079231544 139.937
0.0079233544 141.537
0.0079235544 141.936
0.0079237544 145.935
0.0079239544 142.736
0.0079241544 142.336
0.0079243544 142.336
0.0079245544 140.337
0.0079247544 142.336
0.0079249544 141.936
0.0079251544 140.737
0.0079253544 141.537
0.0079255544 141.537
0.0079257544 141.537
0.0079259544 140.737
0.0079261544 139.937
0.0079263544 143.536
0.0079265544 143.536
0.0079267544 140.337
0.0079269544 142.736
0.0079271544 142.336
0.0079273544 143.936
0.0079275544 143.536
0.0079277544 143.536
0.0079279544 145.135
0.0079281544 143.136
0.0079283544 142.336
0.0079285544 141.936
0.0079287544 143.936
0.0079289544 141.537
0.0079291544 142.336
0.0079293544 140.337
0.0079295544 141.137
0.0079297544 143.136
0.0079299544 141.537
0.0079301544 143.936
0.0079303544 144.335
0.0079305544 143.136
0.0079307544 144.735
0.0079309544 142.336
0.0079311544 143.536
0.0079313544 143.136
0.0079315544 141.537
0.0079317544 142.336
0.0079319544 145.935
0.0079321544 141.936
0.0079323544 142.736
0.0079325544 145.135
0.0079327544 142.736
0.0079329544 144.335
0.0079331544 145.535
0.0079333544 143.136
0.0079335544 144.335
0.0079337544 143.536
0.0079339544 143.136
0.0079341544 145.535
0.0079343544 141.137
0.0079345544 144.335
0.0079347544 144.735
0.0079349544 144.335
0.0079351544 142.736
0.0079353544 145.135
0.0079355544 145.535
0.0079357544 145.535
0.0079359544 143.936
0.0079361544 143.136
0.0079363544 143.136
0.0079365544 143.536
0.0079367544 144.335
0.0079369544 144.735
0.0079371544 143.536
0.0079373544 146.334
0.0079375544 141.936
0.0079377544 143.536
0.0079379544 143.536
0.0079381544 143.136
0.0079383544 144.335
0.0079385544 147.534
0.0079387544 145.535
0.0079389544 144.735
0.0079391544 144.735
0.0079393544 144.735
0.0079395544 144.735
0.0079397544 144.735
0.0079399544 145.135
0.0079401544 143.136
0.0079403544 143.936
0.0079405544 143.936
0.0079407544 146.334
0.0079409544 144.335
0.0079411544 145.135
0.0079413544 145.135
0.0079415544 144.735
0.0079417544 145.135
0.0079419544 142.736
0.0079421544 148.733
0.0079423544 143.536
0.0079425544 146.334
0.0079427544 146.334
0.0079429544 146.334
0.0079431544 143.536
0.0079433544 147.534
0.0079435544 143.936
0.0079437544 146.334
0.0079439544 149.933
0.0079441544 144.735
0.0079443544 144.735
0.0079445544 145.535
0.0079447544 146.734
0.0079449544 147.134
0.0079451544 147.534
0.0079453544 145.535
0.0079455544 144.335
0.0079457544 146.734
0.0079459544 144.735
0.0079461544 146.734
0.0079463544 144.335
0.0079465544 146.734
0.0079467544 146.734
0.0079469544 146.334
0.0079471544 144.335
0.0079473544 146.734
0.0079475544 145.135
0.0079477544 146.734
0.0079479544 147.134
0.0079481544 149.133
0.0079483544 146.734
0.0079485544 146.734
0.0079487544 147.534
0.0079489544 145.935
0.0079491544 147.534
0.0079493544 147.934
0.0079495544 147.934
0.0079497544 148.334
0.0079499544 146.734
0.0079501544 146.334
0.0079503544 145.535
0.0079505544 149.533
0.0079507544 149.933
0.0079509544 148.733
0.0079511544 147.134
0.0079513544 147.534
0.0079515544 146.334
0.0079517544 147.134
0.0079519544 147.134
0.0079521544 149.133
0.0079523544 146.734
0.0079525544 147.934
0.0079527544 149.533
0.0079529544 147.134
0.0079531544 146.734
0.0079533544 143.936
0.0079535544 150.732
0.0079537544 149.133
0.0079539544 149.533
0.0079541544 148.334
0.0079543544 149.933
0.0079545544 146.734
0.0079547544 150.333
0.0079549544 149.133
0.0079551544 148.334
0.0079553544 149.133
0.0079555544 149.533
0.0079557544 147.934
0.0079559544 147.934
0.0079561544 151.132
0.0079563544 151.132
0.0079565544 147.934
0.0079567544 151.532
0.0079569544 148.733
0.0079571544 150.333
0.0079573544 147.134
0.0079575544 147.534
0.0079577544 152.732
0.0079579544 150.732
0.0079581544 147.934
0.0079583544 149.133
0.0079585544 150.333
0.0079587544 150.333
0.0079589544 149.133
0.0079591544 150.732
0.0079593544 151.132
0.0079595544 149.133
0.0079597544 151.132
0.0079599544 149.933
0.0079601544 150.333
0.0079603544 152.732
0.0079605544 153.931
0.0079607544 149.533
0.0079609544 152.332
0.0079611544 150.732
0.0079613544 150.732
0.0079615544 148.334
0.0079617544 149.933
0.0079619544 149.533
0.0079621544 152.332
0.0079623544 149.533
0.0079625544 153.131
0.0079627544 154.331
0.0079629544 150.732
0.0079631544 151.532
0.0079633544 151.132
0.0079635544 151.532
0.0079637544 150.333
0.0079639544 151.132
0.0079641544 153.531
0.0079643544 149.933
0.0079645544 153.131
0.0079647544 151.532
0.0079649544 151.132
0.0079651544 151.932
0.0079653544 153.131
0.0079655544 150.333
0.0079657544 153.131
0.0079659544 150.333
0.0079661544 149.933
0.0079663544 151.132
0.0079665544 153.131
0.0079667544 155.131
0.0079669544 150.333
0.0079671544 154.331
0.0079673544 154.331
0.0079675544 151.932
0.0079677544 153.931
0.0079679544 153.531
0.0079681544 153.131
0.0079683544 153.131
0.0079685544 153.931
0.0079687544 149.933
0.0079689544 151.932
0.0079691544 150.732
0.0079693544 153.531
0.0079695544 153.531
0.0079697544 155.53
0.0079699544 150.732
0.0079701544 151.932
0.0079703544 154.331
0.0079705544 153.131
0.0079707544 155.131
0.0079709544 155.131
0.0079711544 151.132
0.0079713544 155.53
0.0079715544 153.531
0.0079717544 153.931
0.0079719544 150.333
0.0079721544 153.531
0.0079723544 155.93
0.0079725544 152.332
0.0079727544 154.731
0.0079729544 156.73
0.0079731544 153.531
0.0079733544 153.931
0.0079735544 151.932
0.0079737544 155.53
0.0079739544 153.531
0.0079741544 157.13
0.0079743544 153.531
0.0079745544 155.53
0.0079747544 155.131
0.0079749544 155.93
0.0079751544 155.131
0.0079753544 155.131
0.0079755544 154.331
0.0079757544 153.931
0.0079759544 154.331
0.0079761544 153.131
0.0079763544 152.732
0.0079765544 153.931
0.0079767544 154.731
0.0079769544 157.13
0.0079771544 156.33
0.0079773544 156.73
0.0079775544 153.931
0.0079777544 155.93
0.0079779544 154.331
0.0079781544 153.931
0.0079783544 155.53
0.0079785544 154.731
0.0079787544 155.53
0.0079789544 155.93
0.0079791544 156.33
0.0079793544 153.131
0.0079795544 155.131
0.0079797544 156.73
0.0079799544 157.529
0.0079801544 155.53
0.0079803544 156.33
0.0079805544 155.53
0.0079807544 154.731
0.0079809544 155.53
0.0079811544 155.53
0.0079813544 156.73
0.0079815544 154.331
0.0079817544 156.33
0.0079819544 153.931
0.0079821544 153.531
0.0079823544 156.73
0.0079825544 154.731
0.0079827544 160.328
0.0079829544 156.73
0.0079831544 156.33
0.0079833544 157.929
0.0079835544 155.53
0.0079837544 153.131
0.0079839544 157.13
0.0079841544 154.731
0.0079843544 156.73
0.0079845544 153.931
0.0079847544 158.729
0.0079849544 155.93
0.0079851544 155.131
0.0079853544 156.73
0.0079855544 156.73
0.0079857544 158.329
0.0079859544 157.929
0.0079861544 157.929
0.0079863544 155.93
0.0079865544 157.13
0.0079867544 157.529
0.0079869544 155.93
0.0079871544 154.731
0.0079873544 156.33
0.0079875544 158.729
0.0079877544 159.529
0.0079879544 157.529
0.0079881544 157.529
0.0079883544 155.93
0.0079885544 156.73
0.0079887544 155.93
0.0079889544 159.928
0.0079891544 156.33
0.0079893544 157.529
0.0079895544 157.13
0.0079897544 156.33
0.0079899544 159.129
0.0079901544 157.529
0.0079903544 155.93
0.0079905544 159.529
0.0079907544 159.529
0.0079909544 160.728
0.0079911544 157.929
0.0079913544 159.129
0.0079915544 156.73
0.0079917544 159.529
0.0079919544 159.529
0.0079921544 157.529
0.0079923544 157.13
0.0079925544 159.129
0.0079927544 156.73
0.0079929544 160.728
0.0079931544 156.33
0.0079933544 158.729
0.0079935544 157.529
0.0079937544 156.73
0.0079939544 159.129
0.0079941544 159.129
0.0079943544 159.529
0.0079945544 159.529
0.0079947544 159.529
0.0079949544 158.329
0.0079951544 155.93
0.0079953544 160.328
0.0079955544 157.13
0.0079957544 161.528
0.0079959544 159.529
0.0079961544 158.729
0.0079963544 160.328
0.0079965544 159.529
0.0079967544 159.928
0.0079969544 159.529
0.0079971544 160.328
0.0079973544 157.929
0.0079975544 159.529
0.0079977544 159.928
0.0079979544 164.326
0.0079981544 161.128
0.0079983544 161.128
0.0079985544 160.728
0.0079987544 161.128
0.0079989544 161.528
0.0079991544 161.128
0.0079993544 160.728
0.0079995544 161.128
0.0079997544 162.727
0.0079999544 161.927
0.0080001544 161.128
0.0080003544 161.128
0.0080005544 161.128
0.0080007544 161.927
0.0080009544 159.529
0.0080011544 160.728
0.0080013544 160.728
0.0080015544 159.129
0.0080017544 161.128
0.0080019544 160.728
0.0080021544 158.729
0.0080023544 163.127
0.0080025544 163.127
0.0080027544 162.327
0.0080029544 161.927
0.0080031544 161.927
0.0080033544 160.728
0.0080035544 161.128
0.0080037544 158.729
0.0080039544 161.927
0.0080041544 161.927
0.0080043544 161.128
0.0080045544 161.128
0.0080047544 165.926
0.0080049544 162.327
0.0080051544 161.927
0.0080053544 160.728
0.0080055544 164.726
0.0080057544 163.527
0.0080059544 163.127
0.0080061544 163.127
0.0080063544 160.328
0.0080065544 163.927
0.0080067544 163.527
0.0080069544 161.128
0.0080071544 163.927
0.0080073544 165.126
0.0080075544 163.127
0.0080077544 163.527
0.0080079544 163.527
0.0080081544 159.928
0.0080083544 163.527
0.0080085544 161.927
0.0080087544 163.927
0.0080089544 165.126
0.0080091544 164.326
0.0080093544 160.728
0.0080095544 164.726
0.0080097544 165.526
0.0080099544 163.527
0.0080101544 163.927
0.0080103544 165.126
0.0080105544 166.325
0.0080107544 164.726
0.0080109544 165.926
0.0080111544 165.526
0.0080113544 160.328
0.0080115544 162.327
0.0080117544 163.527
0.0080119544 165.126
0.0080121544 168.325
0.0080123544 165.126
0.0080125544 163.927
0.0080127544 167.125
0.0080129544 164.726
0.0080131544 163.927
0.0080133544 164.326
0.0080135544 164.726
0.0080137544 166.725
0.0080139544 165.926
0.0080141544 165.926
0.0080143544 165.126
0.0080145544 165.526
0.0080147544 166.325
0.0080149544 167.125
0.0080151544 164.326
0.0080153544 164.326
0.0080155544 164.726
0.0080157544 163.527
0.0080159544 163.927
0.0080161544 164.326
0.0080163544 166.325
0.0080165544 165.926
0.0080167544 162.727
0.0080169544 164.326
0.0080171544 165.526
0.0080173544 163.527
0.0080175544 167.925
0.0080177544 167.125
0.0080179544 163.527
0.0080181544 165.526
0.0080183544 167.525
0.0080185544 165.926
0.0080187544 167.525
0.0080189544 164.326
0.0080191544 168.325
0.0080193544 164.326
0.0080195544 165.126
0.0080197544 167.525
0.0080199544 168.325
0.0080201544 165.926
0.0080203544 165.926
0.0080205544 163.927
0.0080207544 167.525
0.0080209544 166.325
0.0080211544 165.526
0.0080213544 165.526
0.0080215544 166.725
0.0080217544 165.526
0.0080219544 166.325
0.0080221544 166.725
0.0080223544 167.525
0.0080225544 164.326
0.0080227544 166.325
0.0080229544 165.926
0.0080231544 168.325
0.0080233544 165.926
0.0080235544 169.924
0.0080237544 164.726
0.0080239544 166.325
0.0080241544 166.325
0.0080243544 164.726
0.0080245544 164.326
0.0080247544 166.325
0.0080249544 165.526
0.0080251544 168.724
0.0080253544 167.525
0.0080255544 167.525
0.0080257544 165.926
0.0080259544 165.126
0.0080261544 168.325
0.0080263544 168.724
0.0080265544 164.326
0.0080267544 167.925
0.0080269544 167.125
0.0080271544 167.525
0.0080273544 165.526
0.0080275544 165.126
0.0080277544 166.725
0.0080279544 165.926
0.0080281544 167.125
0.0080283544 168.325
0.0080285544 167.125
0.0080287544 168.325
0.0080289544 167.525
0.0080291544 166.325
0.0080293544 167.925
0.0080295544 166.725
0.0080297544 168.724
0.0080299544 169.124
0.0080301544 167.125
0.0080303544 167.525
0.0080305544 169.924
0.0080307544 168.325
0.0080309544 167.525
0.0080311544 167.925
0.0080313544 170.724
0.0080315544 166.325
0.0080317544 168.724
0.0080319544 170.724
0.0080321544 166.725
0.0080323544 169.124
0.0080325544 165.926
0.0080327544 168.325
0.0080329544 166.325
0.0080331544 169.124
0.0080333544 166.325
0.0080335544 167.525
0.0080337544 170.324
0.0080339544 168.724
0.0080341544 167.925
0.0080343544 165.526
0.0080345544 167.525
0.0080347544 167.125
0.0080349544 165.526
0.0080351544 166.725
0.0080353544 168.325
0.0080355544 168.724
0.0080357544 167.125
0.0080359544 167.925
0.0080361544 168.325
0.0080363544 168.325
0.0080365544 170.724
0.0080367544 169.924
0.0080369544 168.724
0.0080371544 169.524
0.0080373544 168.724
0.0080375544 170.324
0.0080377544 170.724
0.0080379544 168.325
0.0080381544 168.724
0.0080383544 170.324
0.0080385544 169.524
0.0080387544 168.325
0.0080389544 170.724
0.0080391544 169.124
0.0080393544 167.925
0.0080395544 168.724
0.0080397544 170.324
0.0080399544 167.525
0.0080401544 168.724
0.0080403544 167.925
0.0080405544 169.924
0.0080407544 169.124
0.0080409544 168.724
0.0080411544 171.123
0.0080413544 169.124
0.0080415544 170.324
0.0080417544 167.925
0.0080419544 169.124
0.0080421544 170.324
0.0080423544 169.924
0.0080425544 169.124
0.0080427544 170.324
0.0080429544 169.924
0.0080431544 168.724
0.0080433544 170.724
0.0080435544 170.724
0.0080437544 167.925
0.0080439544 168.325
0.0080441544 169.124
0.0080443544 169.124
0.0080445544 171.123
0.0080447544 173.122
0.0080449544 171.523
0.0080451544 169.924
0.0080453544 170.324
0.0080455544 169.524
0.0080457544 171.123
0.0080459544 170.724
0.0080461544 169.524
0.0080463544 169.924
0.0080465544 170.324
0.0080467544 169.524
0.0080469544 169.124
0.0080471544 168.724
0.0080473544 173.122
0.0080475544 172.323
0.0080477544 173.522
0.0080479544 171.923
0.0080481544 170.324
0.0080483544 170.324
0.0080485544 169.524
0.0080487544 172.723
0.0080489544 171.523
0.0080491544 169.524
0.0080493544 169.524
0.0080495544 170.724
0.0080497544 168.724
0.0080499544 168.724
0.0080501544 170.724
0.0080503544 172.723
0.0080505544 169.124
0.0080507544 170.324
0.0080509544 170.324
0.0080511544 171.923
0.0080513544 172.323
0.0080515544 170.324
0.0080517544 172.323
0.0080519544 169.124
0.0080521544 171.523
0.0080523544 170.724
0.0080525544 173.522
0.0080527544 171.923
0.0080529544 169.924
0.0080531544 172.323
0.0080533544 171.523
0.0080535544 172.723
0.0080537544 171.923
0.0080539544 171.923
0.0080541544 169.124
0.0080543544 175.122
0.0080545544 173.522
0.0080547544 173.122
0.0080549544 173.522
0.0080551544 171.523
0.0080553544 173.122
0.0080555544 174.722
0.0080557544 173.522
0.0080559544 173.922
0.0080561544 174.722
0.0080563544 171.123
0.0080565544 170.324
0.0080567544 169.524
0.0080569544 173.922
0.0080571544 169.524
0.0080573544 171.923
0.0080575544 171.123
0.0080577544 173.522
0.0080579544 173.522
0.0080581544 173.922
0.0080583544 171.123
0.0080585544 171.523
0.0080587544 174.322
0.0080589544 172.723
0.0080591544 173.122
0.0080593544 173.122
0.0080595544 173.522
0.0080597544 173.122
0.0080599544 173.122
0.0080601544 175.521
0.0080603544 171.923
0.0080605544 173.922
0.0080607544 170.324
0.0080609544 172.323
0.0080611544 170.724
0.0080613544 172.723
0.0080615544 172.323
0.0080617544 174.722
0.0080619544 175.921
0.0080621544 175.921
0.0080623544 174.322
0.0080625544 172.323
0.0080627544 174.722
0.0080629544 173.122
0.0080631544 171.523
0.0080633544 170.724
0.0080635544 173.522
0.0080637544 174.322
0.0080639544 175.521
0.0080641544 172.323
0.0080643544 171.923
0.0080645544 174.322
0.0080647544 175.521
0.0080649544 175.122
0.0080651544 174.322
0.0080653544 172.323
0.0080655544 171.523
0.0080657544 173.522
0.0080659544 171.123
0.0080661544 172.323
0.0080663544 171.523
0.0080665544 173.522
0.0080667544 172.723
0.0080669544 171.523
0.0080671544 174.322
0.0080673544 174.322
0.0080675544 174.322
0.0080677544 174.322
0.0080679544 173.122
0.0080681544 175.921
0.0080683544 175.521
0.0080685544 174.322
0.0080687544 175.521
0.0080689544 173.922
0.0080691544 174.722
0.0080693544 175.521
0.0080695544 174.322
0.0080697544 175.122
0.0080699544 174.322
0.0080701544 177.52
0.0080703544 174.722
0.0080705544 177.121
0.0080707544 175.521
0.0080709544 175.921
0.0080711544 173.922
0.0080713544 174.322
0.0080715544 174.722
0.0080717544 174.722
0.0080719544 175.122
0.0080721544 175.921
0.0080723544 179.52
0.0080725544 177.52
0.0080727544 176.321
0.0080729544 175.921
0.0080731544 178.72
0.0080733544 176.721
0.0080735544 175.921
0.0080737544 176.321
0.0080739544 175.521
0.0080741544 176.721
0.0080743544 176.321
0.0080745544 178.32
0.0080747544 178.72
0.0080749544 175.921
0.0080751544 176.721
0.0080753544 175.521
0.0080755544 175.521
0.0080757544 177.92
0.0080759544 178.32
0.0080761544 174.722
0.0080763544 179.12
0.0080765544 178.72
0.0080767544 180.319
0.0080769544 175.921
0.0080771544 176.321
0.0080773544 178.72
0.0080775544 178.72
0.0080777544 178.72
0.0080779544 175.521
0.0080781544 177.121
0.0080783544 176.721
0.0080785544 180.719
0.0080787544 180.319
0.0080789544 181.119
0.0080791544 178.32
0.0080793544 178.32
0.0080795544 177.92
0.0080797544 180.319
0.0080799544 179.52
0.0080801544 175.921
0.0080803544 177.92
0.0080805544 180.719
0.0080807544 180.719
0.0080809544 181.919
0.0080811544 177.92
0.0080813544 179.12
0.0080815544 178.32
0.0080817544 177.52
0.0080819544 177.92
0.0080821544 178.72
0.0080823544 177.92
0.0080825544 178.32
0.0080827544 179.919
0.0080829544 181.119
0.0080831544 178.32
0.0080833544 182.318
0.0080835544 179.52
0.0080837544 176.721
0.0080839544 182.718
0.0080841544 179.52
0.0080843544 179.919
0.0080845544 179.919
0.0080847544 179.52
0.0080849544 183.918
0.0080851544 181.519
0.0080853544 179.919
0.0080855544 179.919
0.0080857544 181.919
0.0080859544 180.319
0.0080861544 178.72
0.0080863544 179.12
0.0080865544 179.12
0.0080867544 176.721
0.0080869544 178.32
0.0080871544 181.519
0.0080873544 178.32
0.0080875544 181.519
0.0080877544 182.718
0.0080879544 179.52
0.0080881544 183.518
0.0080883544 179.919
0.0080885544 182.318
0.0080887544 181.119
0.0080889544 178.32
0.0080891544 182.318
0.0080893544 183.118
0.0080895544 180.319
0.0080897544 179.52
0.0080899544 180.319
0.0080901544 181.919
0.0080903544 181.919
0.0080905544 183.118
0.0080907544 181.919
0.0080909544 182.718
0.0080911544 180.319
0.0080913544 181.919
0.0080915544 179.52
0.0080917544 184.717
0.0080919544 184.717
0.0080921544 179.12
0.0080923544 182.718
0.0080925544 183.118
0.0080927544 184.317
0.0080929544 182.718
0.0080931544 182.318
0.0080933544 181.119
0.0080935544 179.12
0.0080937544 181.119
0.0080939544 180.319
0.0080941544 180.719
0.0080943544 182.318
0.0080945544 183.518
0.0080947544 181.119
0.0080949544 182.718
0.0080951544 184.317
0.0080953544 182.318
0.0080955544 182.318
0.0080957544 183.518
0.0080959544 183.518
0.0080961544 184.717
0.0080963544 181.119
0.0080965544 182.318
0.0080967544 180.319
0.0080969544 186.716
0.0080971544 183.518
0.0080973544 185.117
0.0080975544 181.519
0.0080977544 183.918
0.0080979544 183.918
0.0080981544 182.318
0.0080983544 182.718
0.0080985544 183.918
0.0080987544 184.317
0.0080989544 185.117
0.0080991544 183.518
0.0080993544 182.318
0.0080995544 185.117
0.0080997544 181.919
0.0080999544 183.518
0.0081001544 185.917
0.0081003544 184.317
0.0081005544 185.117
0.0081007544 185.517
0.0081009544 187.916
0.0081011544 185.917
0.0081013544 185.117
0.0081015544 184.717
0.0081017544 186.317
0.0081019544 180.719
0.0081021544 186.716
0.0081023544 183.518
0.0081025544 184.717
0.0081027544 184.717
0.0081029544 184.317
0.0081031544 181.919
0.0081033544 184.317
0.0081035544 185.117
0.0081037544 183.118
0.0081039544 182.718
0.0081041544 183.518
0.0081043544 184.717
0.0081045544 183.918
0.0081047544 181.119
0.0081049544 185.117
0.0081051544 184.317
0.0081053544 184.717
0.0081055544 182.718
0.0081057544 184.317
0.0081059544 185.117
0.0081061544 182.718
0.0081063544 185.117
0.0081065544 182.718
0.0081067544 183.918
0.0081069544 183.918
0.0081071544 185.117
0.0081073544 184.717
0.0081075544 185.117
0.0081077544 184.717
0.0081079544 186.317
0.0081081544 184.717
0.0081083544 186.317
0.0081085544 185.117
0.0081087544 183.118
0.0081089544 185.117
0.0081091544 183.918
0.0081093544 186.317
0.0081095544 183.518
0.0081097544 185.917
0.0081099544 186.317
0.0081101544 184.717
0.0081103544 183.918
0.0081105544 185.517
0.0081107544 182.718
0.0081109544 182.718
0.0081111544 188.316
0.0081113544 181.919
0.0081115544 185.917
0.0081117544 185.917
0.0081119544 183.918
0.0081121544 186.716
0.0081123544 183.118
0.0081125544 185.517
0.0081127544 183.518
0.0081129544 185.517
0.0081131544 183.118
0.0081133544 183.918
0.0081135544 185.117
0.0081137544 182.718
0.0081139544 185.117
0.0081141544 183.918
0.0081143544 186.716
0.0081145544 185.517
0.0081147544 185.117
0.0081149544 185.517
0.0081151544 183.118
0.0081153544 185.517
0.0081155544 181.919
0.0081157544 185.917
0.0081159544 187.916
0.0081161544 185.117
0.0081163544 188.715
0.0081165544 184.317
0.0081167544 184.717
0.0081169544 186.716
0.0081171544 186.716
0.0081173544 184.317
0.0081175544 185.517
0.0081177544 186.317
0.0081179544 186.317
0.0081181544 185.917
0.0081183544 184.317
0.0081185544 187.116
0.0081187544 183.118
0.0081189544 187.516
0.0081191544 183.918
0.0081193544 187.116
0.0081195544 184.717
0.0081197544 185.117
0.0081199544 186.317
0.0081201544 187.116
0.0081203544 186.716
0.0081205544 187.916
0.0081207544 187.516
0.0081209544 186.716
0.0081211544 186.716
0.0081213544 189.115
0.0081215544 185.117
0.0081217544 186.317
0.0081219544 186.716
0.0081221544 188.715
0.0081223544 185.517
0.0081225544 187.116
0.0081227544 186.317
0.0081229544 188.715
0.0081231544 185.917
0.0081233544 188.316
0.0081235544 188.715
0.0081237544 189.115
0.0081239544 185.917
0.0081241544 187.516
0.0081243544 188.316
0.0081245544 188.715
0.0081247544 187.116
0.0081249544 187.116
0.0081251544 185.117
0.0081253544 187.916
0.0081255544 189.515
0.0081257544 187.916
0.0081259544 189.915
0.0081261544 189.515
0.0081263544 187.916
0.0081265544 191.114
0.0081267544 188.715
0.0081269544 189.515
0.0081271544 190.315
0.0081273544 189.515
0.0081275544 187.916
0.0081277544 188.715
0.0081279544 190.315
0.0081281544 189.915
0.0081283544 188.316
0.0081285544 188.316
0.0081287544 187.116
0.0081289544 187.916
0.0081291544 189.115
0.0081293544 189.115
0.0081295544 189.515
0.0081297544 188.316
0.0081299544 189.115
0.0081301544 189.115
0.0081303544 188.316
0.0081305544 188.316
0.0081307544 189.515
0.0081309544 188.715
0.0081311544 191.114
0.0081313544 189.915
0.0081315544 188.715
0.0081317544 189.515
0.0081319544 190.715
0.0081321544 189.515
0.0081323544 191.514
0.0081325544 189.915
0.0081327544 188.316
0.0081329544 189.915
0.0081331544 191.114
0.0081333544 191.914
0.0081335544 191.514
0.0081337544 190.715
0.0081339544 192.314
0.0081341544 191.514
0.0081343544 190.315
0.0081345544 193.113
0.0081347544 189.115
0.0081349544 191.914
0.0081351544 190.715
0.0081353544 190.715
0.0081355544 194.313
0.0081357544 190.715
0.0081359544 191.114
0.0081361544 193.113
0.0081363544 191.914
0.0081365544 191.514
0.0081367544 190.315
0.0081369544 191.114
0.0081371544 190.715
0.0081373544 189.915
0.0081375544 191.114
0.0081377544 193.513
0.0081379544 191.114
0.0081381544 191.914
0.0081383544 192.714
0.0081385544 195.113
0.0081387544 194.713
0.0081389544 195.113
0.0081391544 192.314
0.0081393544 190.315
0.0081395544 193.913
0.0081397544 194.713
0.0081399544 190.715
0.0081401544 195.512
0.0081403544 195.113
0.0081405544 194.313
0.0081407544 192.314
0.0081409544 193.513
0.0081411544 194.313
0.0081413544 194.313
0.0081415544 193.513
0.0081417544 193.113
0.0081419544 194.713
0.0081421544 193.913
0.0081423544 194.713
0.0081425544 192.314
0.0081427544 193.113
0.0081429544 193.513
0.0081431544 192.314
0.0081433544 193.113
0.0081435544 193.913
0.0081437544 191.914
0.0081439544 191.914
0.0081441544 193.113
0.0081443544 191.914
0.0081445544 195.512
0.0081447544 193.913
0.0081449544 192.314
0.0081451544 196.712
0.0081453544 193.913
0.0081455544 193.113
0.0081457544 195.912
0.0081459544 195.912
0.0081461544 195.512
0.0081463544 194.713
0.0081465544 193.113
0.0081467544 194.313
0.0081469544 193.913
0.0081471544 197.911
0.0081473544 197.911
0.0081475544 195.113
0.0081477544 193.513
0.0081479544 194.313
0.0081481544 193.913
0.0081483544 194.313
0.0081485544 194.713
0.0081487544 193.913
0.0081489544 193.513
0.0081491544 196.312
0.0081493544 193.513
0.0081495544 191.914
0.0081497544 193.913
0.0081499544 194.313
0.0081501544 195.912
0.0081503544 193.913
0.0081505544 194.713
0.0081507544 196.312
0.0081509544 195.912
0.0081511544 194.713
0.0081513544 194.713
0.0081515544 197.112
0.0081517544 193.113
0.0081519544 193.113
0.0081521544 195.912
0.0081523544 195.512
0.0081525544 194.713
0.0081527544 196.712
0.0081529544 196.312
0.0081531544 193.513
0.0081533544 195.512
0.0081535544 194.313
0.0081537544 196.712
0.0081539544 195.113
0.0081541544 197.112
0.0081543544 194.713
0.0081545544 193.913
0.0081547544 193.913
0.0081549544 195.912
0.0081551544 195.912
0.0081553544 195.113
0.0081555544 196.312
0.0081557544 197.112
0.0081559544 196.712
0.0081561544 194.713
0.0081563544 196.312
0.0081565544 194.713
0.0081567544 192.714
0.0081569544 195.912
0.0081571544 195.113
0.0081573544 196.312
0.0081575544 194.313
0.0081577544 196.312
0.0081579544 198.711
0.0081581544 196.712
0.0081583544 196.712
0.0081585544 195.113
0.0081587544 193.913
0.0081589544 196.312
0.0081591544 196.712
0.0081593544 197.512
0.0081595544 198.311
0.0081597544 195.912
0.0081599544 196.712
0.0081601544 196.312
0.0081603544 195.912
0.0081605544 195.512
0.0081607544 196.312
0.0081609544 197.911
0.0081611544 197.112
0.0081613544 196.712
0.0081615544 196.312
0.0081617544 198.711
0.0081619544 197.512
0.0081621544 198.711
0.0081623544 197.512
0.0081625544 197.911
0.0081627544 198.311
0.0081629544 197.512
0.0081631544 198.311
0.0081633544 198.711
0.0081635544 196.312
0.0081637544 197.112
0.0081639544 198.711
0.0081641544 196.312
0.0081643544 196.712
0.0081645544 197.512
0.0081647544 197.911
0.0081649544 198.711
0.0081651544 198.311
0.0081653544 195.512
0.0081655544 197.911
0.0081657544 197.911
0.0081659544 198.311
0.0081661544 199.111
0.0081663544 196.712
0.0081665544 194.713
0.0081667544 197.512
0.0081669544 197.112
0.0081671544 199.511
0.0081673544 196.312
0.0081675544 197.512
0.0081677544 199.511
0.0081679544 196.312
0.0081681544 198.711
0.0081683544 200.31
0.0081685544 198.311
0.0081687544 199.111
0.0081689544 198.311
0.0081691544 197.512
0.0081693544 199.511
0.0081695544 199.91
0.0081697544 199.91
0.0081699544 199.511
0.0081701544 199.111
0.0081703544 198.711
0.0081705544 195.912
0.0081707544 199.91
0.0081709544 199.111
0.0081711544 201.51
0.0081713544 199.111
0.0081715544 199.111
0.0081717544 198.711
0.0081719544 199.91
0.0081721544 198.711
0.0081723544 197.112
0.0081725544 197.512
0.0081727544 199.511
0.0081729544 198.711
0.0081731544 200.71
0.0081733544 201.51
0.0081735544 197.911
0.0081737544 199.511
0.0081739544 197.911
0.0081741544 199.111
0.0081743544 199.511
0.0081745544 200.71
0.0081747544 200.71
0.0081749544 199.111
0.0081751544 200.31
0.0081753544 198.311
0.0081755544 200.71
0.0081757544 200.31
0.0081759544 200.31
0.0081761544 198.311
0.0081763544 200.71
0.0081765544 199.511
0.0081767544 201.51
0.0081769544 199.91
0.0081771544 200.71
0.0081773544 201.11
0.0081775544 200.71
0.0081777544 199.91
0.0081779544 201.51
0.0081781544 200.31
0.0081783544 200.31
0.0081785544 201.11
0.0081787544 199.511
0.0081789544 200.71
0.0081791544 203.109
0.0081793544 199.511
0.0081795544 202.309
0.0081797544 201.91
0.0081799544 202.309
0.0081801544 201.11
0.0081803544 201.11
0.0081805544 203.109
0.0081807544 202.309
0.0081809544 202.709
0.0081811544 198.711
0.0081813544 201.11
0.0081815544 199.91
0.0081817544 202.309
0.0081819544 203.109
0.0081821544 202.709
0.0081823544 201.11
0.0081825544 199.91
0.0081827544 203.109
0.0081829544 200.31
0.0081831544 201.91
0.0081833544 199.511
0.0081835544 202.709
0.0081837544 202.309
0.0081839544 201.91
0.0081841544 201.91
0.0081843544 199.111
0.0081845544 205.108
0.0081847544 201.91
0.0081849544 201.11
0.0081851544 201.51
0.0081853544 202.709
0.0081855544 199.511
0.0081857544 203.509
0.0081859544 203.909
0.0081861544 202.709
0.0081863544 202.309
0.0081865544 203.509
0.0081867544 200.31
0.0081869544 200.71
0.0081871544 201.51
0.0081873544 203.109
0.0081875544 201.91
0.0081877544 200.71
0.0081879544 201.91
0.0081881544 201.91
0.0081883544 202.709
0.0081885544 202.309
0.0081887544 201.91
0.0081889544 203.109
0.0081891544 202.709
0.0081893544 202.309
0.0081895544 201.91
0.0081897544 203.509
0.0081899544 202.309
0.0081901544 201.91
0.0081903544 203.109
0.0081905544 201.91
0.0081907544 203.509
0.0081909544 205.508
0.0081911544 202.309
0.0081913544 201.91
0.0081915544 205.908
0.0081917544 202.709
0.0081919544 203.909
0.0081921544 202.709
0.0081923544 205.108
0.0081925544 205.508
0.0081927544 202.309
0.0081929544 201.11
0.0081931544 202.309
0.0081933544 203.909
0.0081935544 201.51
0.0081937544 204.708
0.0081939544 203.909
0.0081941544 203.909
0.0081943544 203.109
0.0081945544 204.308
0.0081947544 203.909
0.0081949544 205.108
0.0081951544 204.308
0.0081953544 205.508
0.0081955544 203.509
0.0081957544 204.308
0.0081959544 203.509
0.0081961544 203.109
0.0081963544 202.709
0.0081965544 205.108
0.0081967544 205.508
0.0081969544 205.108
0.0081971544 204.308
0.0081973544 204.708
0.0081975544 204.708
0.0081977544 206.308
0.0081979544 204.308
0.0081981544 205.108
0.0081983544 205.108
0.0081985544 203.909
0.0081987544 204.308
0.0081989544 205.908
0.0081991544 205.508
0.0081993544 205.908
0.0081995544 205.108
0.0081997544 205.908
0.0081999544 207.907
0.0082001544 207.107
0.0082003544 205.508
0.0082005544 204.708
0.0082007544 206.707
0.0082009544 207.107
0.0082011544 206.308
0.0082013544 205.508
0.0082015544 204.708
0.0082017544 204.708
0.0082019544 207.107
0.0082021544 207.907
0.0082023544 206.707
0.0082025544 206.308
0.0082027544 205.508
0.0082029544 205.108
0.0082031544 206.308
0.0082033544 206.308
0.0082035544 204.708
0.0082037544 206.707
0.0082039544 206.308
0.0082041544 207.507
0.0082043544 207.507
0.0082045544 205.908
0.0082047544 205.908
0.0082049544 204.308
0.0082051544 207.507
0.0082053544 208.307
0.0082055544 208.307
0.0082057544 205.908
0.0082059544 206.707
0.0082061544 206.707
0.0082063544 207.907
0.0082065544 204.308
0.0082067544 207.907
0.0082069544 209.106
0.0082071544 210.306
0.0082073544 208.307
0.0082075544 207.107
0.0082077544 209.106
0.0082079544 206.308
0.0082081544 205.908
0.0082083544 205.908
0.0082085544 206.707
0.0082087544 204.708
0.0082089544 209.506
0.0082091544 208.307
0.0082093544 207.907
0.0082095544 205.108
0.0082097544 206.707
0.0082099544 206.308
0.0082101544 207.907
0.0082103544 208.307
0.0082105544 207.507
0.0082107544 208.307
0.0082109544 206.707
0.0082111544 207.107
0.0082113544 204.708
0.0082115544 209.106
0.0082117544 207.107
0.0082119544 208.706
0.0082121544 207.107
0.0082123544 207.907
0.0082125544 208.706
0.0082127544 206.707
0.0082129544 209.106
0.0082131544 208.706
0.0082133544 209.506
0.0082135544 208.307
0.0082137544 207.107
0.0082139544 210.306
0.0082141544 209.106
0.0082143544 208.307
0.0082145544 210.706
0.0082147544 209.106
0.0082149544 210.706
0.0082151544 207.107
0.0082153544 209.106
0.0082155544 209.906
0.0082157544 212.305
0.0082159544 208.706
0.0082161544 209.506
0.0082163544 210.306
0.0082165544 210.706
0.0082167544 209.906
0.0082169544 208.307
0.0082171544 211.105
0.0082173544 213.504
0.0082175544 214.304
0.0082177544 213.504
0.0082179544 211.505
0.0082181544 207.907
0.0082183544 212.305
0.0082185544 210.306
0.0082187544 213.504
0.0082189544 208.706
0.0082191544 209.906
0.0082193544 210.706
0.0082195544 207.907
0.0082197544 213.105
0.0082199544 213.105
0.0082201544 210.306
0.0082203544 212.705
0.0082205544 215.104
0.0082207544 213.105
0.0082209544 210.306
0.0082211544 213.504
0.0082213544 209.106
0.0082215544 212.705
0.0082217544 210.306
0.0082219544 210.706
0.0082221544 213.904
0.0082223544 211.505
0.0082225544 212.705
0.0082227544 209.106
0.0082229544 207.507
0.0082231544 210.706
0.0082233544 213.904
0.0082235544 212.305
0.0082237544 213.105
0.0082239544 210.306
0.0082241544 214.704
0.0082243544 214.304
0.0082245544 209.906
0.0082247544 214.704
0.0082249544 210.306
0.0082251544 212.305
0.0082253544 211.105
0.0082255544 213.504
0.0082257544 211.905
0.0082259544 213.504
0.0082261544 213.504
0.0082263544 211.505
0.0082265544 213.504
0.0082267544 214.704
0.0082269544 212.305
0.0082271544 212.305
0.0082273544 211.905
0.0082275544 211.105
0.0082277544 214.704
0.0082279544 213.504
0.0082281544 213.904
0.0082283544 211.905
0.0082285544 215.104
0.0082287544 212.705
0.0082289544 213.904
0.0082291544 215.503
0.0082293544 211.905
0.0082295544 212.305
0.0082297544 213.504
0.0082299544 212.305
0.0082301544 215.903
0.0082303544 214.704
0.0082305544 213.904
0.0082307544 216.303
0.0082309544 210.306
0.0082311544 213.904
0.0082313544 213.904
0.0082315544 215.104
0.0082317544 214.704
0.0082319544 211.905
0.0082321544 214.304
0.0082323544 216.703
0.0082325544 211.905
0.0082327544 214.304
0.0082329544 213.105
0.0082331544 213.105
0.0082333544 213.904
0.0082335544 214.304
0.0082337544 213.105
0.0082339544 215.503
0.0082341544 213.105
0.0082343544 214.304
0.0082345544 214.304
0.0082347544 215.104
0.0082349544 212.305
0.0082351544 216.303
0.0082353544 211.905
0.0082355544 212.705
0.0082357544 211.505
0.0082359544 215.903
0.0082361544 213.105
0.0082363544 213.105
0.0082365544 212.705
0.0082367544 215.104
0.0082369544 215.104
0.0082371544 214.304
0.0082373544 214.304
0.0082375544 214.304
0.0082377544 213.504
0.0082379544 215.503
0.0082381544 217.103
0.0082383544 214.704
0.0082385544 213.904
0.0082387544 215.503
0.0082389544 214.304
0.0082391544 216.703
0.0082393544 214.704
0.0082395544 216.703
0.0082397544 215.503
0.0082399544 215.104
0.0082401544 216.703
0.0082403544 216.703
0.0082405544 216.703
0.0082407544 216.703
0.0082409544 217.902
0.0082411544 217.503
0.0082413544 216.703
0.0082415544 215.903
0.0082417544 217.103
0.0082419544 216.703
0.0082421544 215.503
0.0082423544 217.103
0.0082425544 217.103
0.0082427544 217.902
0.0082429544 217.503
0.0082431544 216.303
0.0082433544 217.503
0.0082435544 216.703
0.0082437544 218.302
0.0082439544 217.503
0.0082441544 217.902
0.0082443544 219.901
0.0082445544 218.702
0.0082447544 217.902
0.0082449544 217.103
0.0082451544 219.502
0.0082453544 219.102
0.0082455544 217.902
0.0082457544 218.702
0.0082459544 218.702
0.0082461544 218.302
0.0082463544 216.703
0.0082465544 219.901
0.0082467544 218.702
0.0082469544 215.503
0.0082471544 221.501
0.0082473544 218.302
0.0082475544 219.102
0.0082477544 220.301
0.0082479544 221.501
0.0082481544 218.702
0.0082483544 220.301
0.0082485544 219.502
0.0082487544 217.503
0.0082489544 221.101
0.0082491544 219.102
0.0082493544 219.102
0.0082495544 219.102
0.0082497544 219.502
0.0082499544 217.902
0.0082501544 219.901
0.0082503544 219.901
0.0082505544 218.302
0.0082507544 219.901
0.0082509544 219.102
0.0082511544 217.902
0.0082513544 219.102
0.0082515544 218.302
0.0082517544 219.502
0.0082519544 218.702
0.0082521544 222.7
0.0082523544 217.503
0.0082525544 220.301
0.0082527544 221.501
0.0082529544 219.502
0.0082531544 219.102
0.0082533544 221.501
0.0082535544 221.901
0.0082537544 218.302
0.0082539544 221.501
0.0082541544 221.501
0.0082543544 221.501
0.0082545544 221.101
0.0082547544 221.101
0.0082549544 220.301
0.0082551544 219.901
0.0082553544 222.7
0.0082555544 219.901
0.0082557544 221.901
0.0082559544 216.703
0.0082561544 223.1
0.0082563544 219.502
0.0082565544 222.7
0.0082567544 222.3
0.0082569544 222.7
0.0082571544 227.098
0.0082573544 221.501
0.0082575544 223.5
0.0082577544 221.501
0.0082579544 221.901
0.0082581544 221.101
0.0082583544 222.7
0.0082585544 219.102
0.0082587544 222.7
0.0082589544 221.901
0.0082591544 223.5
0.0082593544 223.1
0.0082595544 221.901
0.0082597544 223.1
0.0082599544 222.3
0.0082601544 221.901
0.0082603544 223.5
0.0082605544 223.9
0.0082607544 221.501
0.0082609544 221.901
0.0082611544 224.699
0.0082613544 222.3
0.0082615544 221.901
0.0082617544 220.301
0.0082619544 223.1
0.0082621544 220.301
0.0082623544 222.7
0.0082625544 221.901
0.0082627544 225.099
0.0082629544 221.101
0.0082631544 223.5
0.0082633544 221.101
0.0082635544 222.3
0.0082637544 222.3
0.0082639544 225.099
0.0082641544 223.9
0.0082643544 223.5
0.0082645544 225.099
0.0082647544 223.1
0.0082649544 223.9
0.0082651544 225.099
0.0082653544 223.5
0.0082655544 223.5
0.0082657544 223.5
0.0082659544 224.699
0.0082661544 221.101
0.0082663544 221.901
0.0082665544 224.699
0.0082667544 223.1
0.0082669544 224.699
0.0082671544 226.299
0.0082673544 227.098
0.0082675544 225.499
0.0082677544 225.899
0.0082679544 227.498
0.0082681544 225.099
0.0082683544 223.5
0.0082685544 223.9
0.0082687544 225.899
0.0082689544 224.699
0.0082691544 223.5
0.0082693544 225.499
0.0082695544 224.3
0.0082697544 223.5
0.0082699544 224.3
0.0082701544 226.299
0.0082703544 225.499
0.0082705544 225.899
0.0082707544 223.5
0.0082709544 226.698
0.0082711544 223.9
0.0082713544 222.7
0.0082715544 225.499
0.0082717544 227.098
0.0082719544 226.698
0.0082721544 225.499
0.0082723544 227.898
0.0082725544 227.498
0.0082727544 226.299
0.0082729544 223.9
0.0082731544 224.3
0.0082733544 225.899
0.0082735544 226.698
0.0082737544 227.898
0.0082739544 226.299
0.0082741544 227.498
0.0082743544 226.698
0.0082745544 227.498
0.0082747544 226.698
0.0082749544 228.698
0.0082751544 227.098
0.0082753544 226.299
0.0082755544 223.9
0.0082757544 227.098
0.0082759544 228.298
0.0082761544 225.499
0.0082763544 225.099
0.0082765544 227.898
0.0082767544 228.298
0.0082769544 228.298
0.0082771544 227.498
0.0082773544 227.098
0.0082775544 226.299
0.0082777544 227.498
0.0082779544 227.898
0.0082781544 227.498
0.0082783544 225.899
0.0082785544 228.298
0.0082787544 226.299
0.0082789544 225.099
0.0082791544 225.899
0.0082793544 226.299
0.0082795544 229.097
0.0082797544 226.698
0.0082799544 225.899
0.0082801544 228.298
0.0082803544 226.698
0.0082805544 229.497
0.0082807544 227.498
0.0082809544 226.698
0.0082811544 229.097
0.0082813544 226.698
0.0082815544 227.498
0.0082817544 224.3
0.0082819544 229.097
0.0082821544 227.498
0.0082823544 227.898
0.0082825544 226.299
0.0082827544 227.098
0.0082829544 229.097
0.0082831544 228.298
0.0082833544 227.098
0.0082835544 229.497
0.0082837544 229.097
0.0082839544 230.697
0.0082841544 229.097
0.0082843544 227.898
0.0082845544 228.698
0.0082847544 228.298
0.0082849544 228.298
0.0082851544 228.298
0.0082853544 229.897
0.0082855544 230.697
0.0082857544 229.097
0.0082859544 229.097
0.0082861544 227.898
0.0082863544 229.097
0.0082865544 228.298
0.0082867544 228.698
0.0082869544 231.496
0.0082871544 229.497
0.0082873544 229.497
0.0082875544 229.097
0.0082877544 229.097
0.0082879544 231.096
0.0082881544 229.897
0.0082883544 230.297
0.0082885544 229.897
0.0082887544 228.698
0.0082889544 232.296
0.0082891544 228.298
0.0082893544 229.097
0.0082895544 229.097
0.0082897544 229.897
0.0082899544 230.697
0.0082901544 229.897
0.0082903544 228.698
0.0082905544 230.297
0.0082907544 230.697
0.0082909544 229.097
0.0082911544 233.495
0.0082913544 231.096
0.0082915544 230.297
0.0082917544 231.496
0.0082919544 231.096
0.0082921544 231.096
0.0082923544 229.897
0.0082925544 229.897
0.0082927544 232.296
0.0082929544 231.496
0.0082931544 231.896
0.0082933544 234.695
0.0082935544 230.697
0.0082937544 230.297
0.0082939544 229.497
0.0082941544 232.296
0.0082943544 233.895
0.0082945544 230.297
0.0082947544 232.296
0.0082949544 232.296
0.0082951544 231.496
0.0082953544 233.495
0.0082955544 230.297
0.0082957544 234.295
0.0082959544 229.897
0.0082961544 231.496
0.0082963544 231.496
0.0082965544 232.296
0.0082967544 230.697
0.0082969544 232.696
0.0082971544 232.696
0.0082973544 231.496
0.0082975544 231.096
0.0082977544 233.096
0.0082979544 233.895
0.0082981544 233.895
0.0082983544 233.895
0.0082985544 231.896
0.0082987544 235.494
0.0082989544 233.895
0.0082991544 233.096
0.0082993544 233.096
0.0082995544 231.896
0.0082997544 234.295
0.0082999544 235.894
0.0083001544 232.696
0.0083003544 231.096
0.0083005544 235.095
0.0083007544 236.294
0.0083009544 233.495
0.0083011544 234.295
0.0083013544 232.696
0.0083015544 233.096
0.0083017544 235.894
0.0083019544 233.096
0.0083021544 232.296
0.0083023544 234.695
0.0083025544 235.095
0.0083027544 234.695
0.0083029544 234.695
0.0083031544 235.095
0.0083033544 234.695
0.0083035544 236.294
0.0083037544 236.294
0.0083039544 235.095
0.0083041544 237.094
0.0083043544 237.094
0.0083045544 237.893
0.0083047544 237.094
0.0083049544 237.893
0.0083051544 233.895
0.0083053544 236.294
0.0083055544 233.495
0.0083057544 237.494
0.0083059544 237.094
0.0083061544 236.694
0.0083063544 236.694
0.0083065544 235.894
0.0083067544 234.695
0.0083069544 236.294
0.0083071544 235.095
0.0083073544 236.294
0.0083075544 237.893
0.0083077544 235.894
0.0083079544 237.893
0.0083081544 238.293
0.0083083544 239.493
0.0083085544 237.494
0.0083087544 239.893
0.0083089544 239.093
0.0083091544 239.093
0.0083093544 240.292
0.0083095544 240.292
0.0083097544 239.093
0.0083099544 238.293
0.0083101544 237.094
0.0083103544 237.094
0.0083105544 240.292
0.0083107544 237.494
0.0083109544 237.893
0.0083111544 240.692
0.0083113544 239.493
0.0083115544 239.093
0.0083117544 237.893
0.0083119544 237.494
0.0083121544 239.893
0.0083123544 237.494
0.0083125544 237.494
0.0083127544 238.293
0.0083129544 242.691
0.0083131544 241.092
0.0083133544 238.293
0.0083135544 241.092
0.0083137544 241.092
0.0083139544 237.494
0.0083141544 239.093
0.0083143544 236.694
0.0083145544 238.293
0.0083147544 237.094
0.0083149544 241.492
0.0083151544 240.292
0.0083153544 239.493
0.0083155544 241.892
0.0083157544 239.893
0.0083159544 237.893
0.0083161544 239.093
0.0083163544 239.093
0.0083165544 239.093
0.0083167544 238.693
0.0083169544 241.092
0.0083171544 240.292
0.0083173544 240.692
0.0083175544 241.492
0.0083177544 241.492
0.0083179544 240.292
0.0083181544 239.893
0.0083183544 239.893
0.0083185544 239.893
0.0083187544 240.292
0.0083189544 241.892
0.0083191544 241.092
0.0083193544 243.891
0.0083195544 241.892
0.0083197544 243.891
0.0083199544 244.291
0.0083201544 241.892
0.0083203544 241.892
0.0083205544 243.091
0.0083207544 242.291
0.0083209544 242.691
0.0083211544 241.892
0.0083213544 242.291
0.0083215544 242.291
0.0083217544 243.891
0.0083219544 241.092
0.0083221544 245.09
0.0083223544 244.291
0.0083225544 243.491
0.0083227544 243.091
0.0083229544 244.69
0.0083231544 243.491
0.0083233544 241.492
0.0083235544 244.291
0.0083237544 243.891
0.0083239544 242.291
0.0083241544 242.691
0.0083243544 243.091
0.0083245544 242.291
0.0083247544 242.691
0.0083249544 243.091
0.0083251544 244.291
0.0083253544 244.69
0.0083255544 244.69
0.0083257544 243.891
0.0083259544 239.093
0.0083261544 245.09
0.0083263544 244.291
0.0083265544 244.291
0.0083267544 242.691
0.0083269544 245.49
0.0083271544 245.49
0.0083273544 244.69
0.0083275544 243.891
0.0083277544 245.09
0.0083279544 243.891
0.0083281544 243.091
0.0083283544 243.091
0.0083285544 244.291
0.0083287544 245.89
0.0083289544 245.89
0.0083291544 245.49
0.0083293544 243.891
0.0083295544 247.089
0.0083297544 249.088
0.0083299544 245.49
0.0083301544 245.89
0.0083303544 245.89
0.0083305544 245.89
0.0083307544 244.291
0.0083309544 245.09
0.0083311544 246.29
0.0083313544 245.89
0.0083315544 245.09
0.0083317544 247.489
0.0083319544 246.29
0.0083321544 245.49
0.0083323544 246.29
0.0083325544 247.489
0.0083327544 247.489
0.0083329544 247.889
0.0083331544 247.489
0.0083333544 245.09
0.0083335544 248.289
0.0083337544 247.089
0.0083339544 243.891
0.0083341544 247.489
0.0083343544 247.089
0.0083345544 246.689
0.0083347544 246.689
0.0083349544 249.088
0.0083351544 246.689
0.0083353544 251.487
0.0083355544 246.29
0.0083357544 247.089
0.0083359544 249.088
0.0083361544 249.488
0.0083363544 245.89
0.0083365544 245.89
0.0083367544 249.888
0.0083369544 248.289
0.0083371544 248.689
0.0083373544 251.487
0.0083375544 249.088
0.0083377544 248.289
0.0083379544 247.889
0.0083381544 250.688
0.0083383544 246.29
0.0083385544 249.088
0.0083387544 247.489
0.0083389544 247.089
0.0083391544 249.088
0.0083393544 248.689
0.0083395544 249.888
0.0083397544 249.888
0.0083399544 249.488
0.0083401544 251.088
0.0083403544 250.288
0.0083405544 249.888
0.0083407544 251.487
0.0083409544 250.688
0.0083411544 247.889
0.0083413544 247.089
0.0083415544 249.888
0.0083417544 253.087
0.0083419544 252.687
0.0083421544 253.886
0.0083423544 247.889
0.0083425544 251.088
0.0083427544 249.088
0.0083429544 251.887
0.0083431544 251.088
0.0083433544 250.688
0.0083435544 253.486
0.0083437544 249.488
0.0083439544 252.687
0.0083441544 251.088
0.0083443544 251.487
0.0083445544 253.486
0.0083447544 251.487
0.0083449544 251.487
0.0083451544 253.087
0.0083453544 251.088
0.0083455544 251.887
0.0083457544 249.888
0.0083459544 253.486
0.0083461544 250.688
0.0083463544 252.287
0.0083465544 253.886
0.0083467544 251.887
0.0083469544 251.887
0.0083471544 251.088
0.0083473544 251.487
0.0083475544 254.286
0.0083477544 253.486
0.0083479544 253.886
0.0083481544 252.287
0.0083483544 251.088
0.0083485544 254.686
0.0083487544 251.088
0.0083489544 253.087
0.0083491544 253.087
0.0083493544 254.686
0.0083495544 253.087
0.0083497544 255.885
0.0083499544 251.887
0.0083501544 255.486
0.0083503544 251.088
0.0083505544 251.887
0.0083507544 253.886
0.0083509544 256.285
0.0083511544 253.486
0.0083513544 253.886
0.0083515544 253.486
0.0083517544 256.285
0.0083519544 255.885
0.0083521544 255.086
0.0083523544 255.486
0.0083525544 255.486
0.0083527544 254.286
0.0083529544 255.086
0.0083531544 255.885
0.0083533544 255.486
0.0083535544 253.886
0.0083537544 253.886
0.0083539544 254.286
0.0083541544 256.285
0.0083543544 255.486
0.0083545544 258.284
0.0083547544 255.486
0.0083549544 254.686
0.0083551544 253.087
0.0083553544 255.885
0.0083555544 253.486
0.0083557544 255.086
0.0083559544 257.085
0.0083561544 257.884
0.0083563544 257.485
0.0083565544 256.285
0.0083567544 255.885
0.0083569544 257.085
0.0083571544 257.485
0.0083573544 256.285
0.0083575544 257.884
0.0083577544 256.285
0.0083579544 256.685
0.0083581544 256.285
0.0083583544 256.285
0.0083585544 256.685
0.0083587544 257.085
0.0083589544 256.685
0.0083591544 255.086
0.0083593544 260.683
0.0083595544 258.284
0.0083597544 258.684
0.0083599544 261.083
0.0083601544 258.684
0.0083603544 259.084
0.0083605544 262.682
0.0083607544 260.683
0.0083609544 261.083
0.0083611544 259.084
0.0083613544 260.683
0.0083615544 256.685
0.0083617544 259.484
0.0083619544 259.884
0.0083621544 259.884
0.0083623544 259.084
0.0083625544 261.483
0.0083627544 259.084
0.0083629544 259.884
0.0083631544 260.283
0.0083633544 262.282
0.0083635544 259.884
0.0083637544 260.683
0.0083639544 259.484
0.0083641544 259.084
0.0083643544 259.084
0.0083645544 261.883
0.0083647544 260.283
0.0083649544 260.683
0.0083651544 260.283
0.0083653544 261.883
0.0083655544 263.482
0.0083657544 262.282
0.0083659544 262.282
0.0083661544 261.883
0.0083663544 257.485
0.0083665544 262.282
0.0083667544 263.082
0.0083669544 259.884
0.0083671544 259.884
0.0083673544 262.682
0.0083675544 261.883
0.0083677544 263.082
0.0083679544 260.683
0.0083681544 264.681
0.0083683544 261.083
0.0083685544 261.083
0.0083687544 261.483
0.0083689544 262.682
0.0083691544 262.282
0.0083693544 264.681
0.0083695544 263.082
0.0083697544 263.482
0.0083699544 261.883
0.0083701544 263.882
0.0083703544 261.083
0.0083705544 262.282
0.0083707544 262.682
0.0083709544 261.483
0.0083711544 267.48
0.0083713544 265.081
0.0083715544 262.682
0.0083717544 263.482
0.0083719544 261.483
0.0083721544 261.483
0.0083723544 263.482
0.0083725544 266.281
0.0083727544 266.281
0.0083729544 264.282
0.0083731544 264.681
0.0083733544 266.681
0.0083735544 265.481
0.0083737544 264.282
0.0083739544 265.481
0.0083741544 266.681
0.0083743544 265.481
0.0083745544 265.081
0.0083747544 265.881
0.0083749544 263.482
0.0083751544 265.481
0.0083753544 266.681
0.0083755544 267.88
0.0083757544 264.681
0.0083759544 261.883
0.0083761544 266.681
0.0083763544 267.08
0.0083765544 265.081
0.0083767544 265.481
0.0083769544 265.081
0.0083771544 266.681
0.0083773544 263.482
0.0083775544 265.881
0.0083777544 265.881
0.0083779544 265.881
0.0083781544 267.48
0.0083783544 266.281
0.0083785544 266.681
0.0083787544 267.48
0.0083789544 266.681
0.0083791544 267.48
0.0083793544 266.681
0.0083795544 265.481
0.0083797544 267.48
0.0083799544 267.08
0.0083801544 269.079
0.0083803544 263.082
0.0083805544 265.881
0.0083807544 267.08
0.0083809544 267.08
0.0083811544 269.479
0.0083813544 267.08
0.0083815544 266.281
0.0083817544 267.88
0.0083819544 268.28
0.0083821544 266.281
0.0083823544 269.879
0.0083825544 271.079
0.0083827544 269.879
0.0083829544 267.48
0.0083831544 271.878
0.0083833544 269.479
0.0083835544 269.479
0.0083837544 272.678
0.0083839544 269.479
0.0083841544 271.079
0.0083843544 269.479
0.0083845544 269.079
0.0083847544 267.88
0.0083849544 272.278
0.0083851544 268.68
0.0083853544 270.279
0.0083855544 271.478
0.0083857544 272.278
0.0083859544 271.478
0.0083861544 269.879
0.0083863544 275.477
0.0083865544 272.278
0.0083867544 271.878
0.0083869544 272.278
0.0083871544 272.678
0.0083873544 271.079
0.0083875544 271.478
0.0083877544 271.079
0.0083879544 274.677
0.0083881544 272.678
0.0083883544 273.477
0.0083885544 273.078
0.0083887544 273.078
0.0083889544 271.478
0.0083891544 273.477
0.0083893544 269.879
0.0083895544 273.078
0.0083897544 272.678
0.0083899544 273.078
0.0083901544 271.878
0.0083903544 272.678
0.0083905544 274.677
0.0083907544 274.277
0.0083909544 272.678
0.0083911544 274.677
0.0083913544 275.077
0.0083915544 273.477
0.0083917544 273.877
0.0083919544 274.277
0.0083921544 275.876
0.0083923544 273.877
0.0083925544 276.676
0.0083927544 274.677
0.0083929544 274.677
0.0083931544 273.877
0.0083933544 274.277
0.0083935544 276.276
0.0083937544 274.277
0.0083939544 275.477
0.0083941544 275.477
0.0083943544 274.677
0.0083945544 275.477
0.0083947544 276.276
0.0083949544 274.677
0.0083951544 276.276
0.0083953544 277.076
0.0083955544 276.276
0.0083957544 274.677
0.0083959544 275.077
0.0083961544 276.276
0.0083963544 275.876
0.0083965544 275.077
0.0083967544 276.276
0.0083969544 277.076
0.0083971544 277.476
0.0083973544 274.677
0.0083975544 277.076
0.0083977544 277.476
0.0083979544 277.876
0.0083981544 279.475
0.0083983544 274.277
0.0083985544 277.876
0.0083987544 277.876
0.0083989544 278.675
0.0083991544 275.876
0.0083993544 278.675
0.0083995544 278.275
0.0083997544 278.675
0.0083999544 277.476
0.0084001544 276.676
0.0084003544 276.676
0.0084005544 279.075
0.0084007544 276.276
0.0084009544 277.876
0.0084011544 279.475
0.0084013544 276.676
0.0084015544 280.674
0.0084017544 278.675
0.0084019544 279.475
0.0084021544 279.475
0.0084023544 281.074
0.0084025544 278.275
0.0084027544 281.474
0.0084029544 281.074
0.0084031544 277.876
0.0084033544 279.075
0.0084035544 279.475
0.0084037544 279.475
0.0084039544 277.476
0.0084041544 279.075
0.0084043544 279.875
0.0084045544 280.274
0.0084047544 279.475
0.0084049544 278.675
0.0084051544 281.074
0.0084053544 282.274
0.0084055544 282.673
0.0084057544 282.673
0.0084059544 282.673
0.0084061544 280.674
0.0084063544 281.474
0.0084065544 281.874
0.0084067544 281.874
0.0084069544 281.874
0.0084071544 282.274
0.0084073544 281.874
0.0084075544 280.274
0.0084077544 281.474
0.0084079544 283.073
0.0084081544 281.074
0.0084083544 283.473
0.0084085544 282.673
0.0084087544 283.473
0.0084089544 283.073
0.0084091544 282.673
0.0084093544 282.274
0.0084095544 284.672
0.0084097544 284.672
0.0084099544 283.073
0.0084101544 282.274
0.0084103544 280.274
0.0084105544 282.673
0.0084107544 284.273
0.0084109544 282.673
0.0084111544 283.873
0.0084113544 283.873
0.0084115544 284.672
0.0084117544 283.073
0.0084119544 282.673
0.0084121544 284.672
0.0084123544 284.273
0.0084125544 283.473
0.0084127544 285.072
0.0084129544 285.872
0.0084131544 283.473
0.0084133544 285.872
0.0084135544 283.073
0.0084137544 285.872
0.0084139544 282.673
0.0084141544 283.873
0.0084143544 285.872
0.0084145544 287.071
0.0084147544 286.672
0.0084149544 287.471
0.0084151544 286.272
0.0084153544 288.271
0.0084155544 285.872
0.0084157544 285.072
0.0084159544 282.673
0.0084161544 286.272
0.0084163544 286.272
0.0084165544 284.672
0.0084167544 285.872
0.0084169544 287.071
0.0084171544 286.672
0.0084173544 286.272
0.0084175544 285.872
0.0084177544 289.07
0.0084179544 289.47
0.0084181544 285.072
0.0084183544 287.071
0.0084185544 287.471
0.0084187544 286.272
0.0084189544 289.07
0.0084191544 287.071
0.0084193544 286.272
0.0084195544 288.671
0.0084197544 285.072
0.0084199544 289.07
0.0084201544 288.671
0.0084203544 286.272
0.0084205544 287.871
0.0084207544 285.872
0.0084209544 289.87
0.0084211544 288.671
0.0084213544 286.272
0.0084215544 288.671
0.0084217544 289.47
0.0084219544 289.47
0.0084221544 288.271
0.0084223544 287.071
0.0084225544 289.47
0.0084227544 287.071
0.0084229544 289.07
0.0084231544 288.271
0.0084233544 291.07
0.0084235544 290.67
0.0084237544 289.87
0.0084239544 289.87
0.0084241544 289.07
0.0084243544 291.869
0.0084245544 289.07
0.0084247544 289.87
0.0084249544 291.07
0.0084251544 290.27
0.0084253544 290.27
0.0084255544 290.67
0.0084257544 295.468
0.0084259544 289.47
0.0084261544 289.87
0.0084263544 291.869
0.0084265544 288.271
0.0084267544 291.07
0.0084269544 290.67
0.0084271544 291.07
0.0084273544 288.671
0.0084275544 290.67
0.0084277544 291.469
0.0084279544 291.869
0.0084281544 291.469
0.0084283544 291.469
0.0084285544 292.669
0.0084287544 290.67
0.0084289544 289.87
0.0084291544 290.67
0.0084293544 291.07
0.0084295544 290.67
0.0084297544 291.869
0.0084299544 291.869
0.0084301544 289.07
0.0084303544 294.268
0.0084305544 289.47
0.0084307544 294.268
0.0084309544 293.868
0.0084311544 292.269
0.0084313544 290.27
0.0084315544 294.668
0.0084317544 293.469
0.0084319544 293.469
0.0084321544 295.068
0.0084323544 291.869
0.0084325544 295.068
0.0084327544 293.868
0.0084329544 294.268
0.0084331544 294.268
0.0084333544 294.668
0.0084335544 292.669
0.0084337544 293.868
0.0084339544 293.868
0.0084341544 294.268
0.0084343544 291.469
0.0084345544 293.868
0.0084347544 290.67
0.0084349544 293.868
0.0084351544 293.868
0.0084353544 291.07
0.0084355544 294.668
0.0084357544 295.468
0.0084359544 295.468
0.0084361544 296.667
0.0084363544 295.867
0.0084365544 295.468
0.0084367544 296.667
0.0084369544 295.468
0.0084371544 296.267
0.0084373544 296.267
0.0084375544 295.068
0.0084377544 295.867
0.0084379544 294.268
0.0084381544 296.667
0.0084383544 295.068
0.0084385544 294.268
0.0084387544 295.468
0.0084389544 295.068
0.0084391544 294.668
0.0084393544 294.668
0.0084395544 297.067
0.0084397544 294.268
0.0084399544 297.467
0.0084401544 295.468
0.0084403544 297.467
0.0084405544 295.867
0.0084407544 298.666
0.0084409544 294.668
0.0084411544 296.667
0.0084413544 297.467
0.0084415544 294.668
0.0084417544 298.666
0.0084419544 297.867
0.0084421544 296.267
0.0084423544 295.068
0.0084425544 297.067
0.0084427544 298.266
0.0084429544 298.666
0.0084431544 299.066
0.0084433544 297.067
0.0084435544 299.066
0.0084437544 297.867
0.0084439544 300.665
0.0084441544 299.866
0.0084443544 299.466
0.0084445544 297.867
0.0084447544 295.068
0.0084449544 298.266
0.0084451544 299.066
0.0084453544 295.468
0.0084455544 298.266
0.0084457544 297.867
0.0084459544 299.466
0.0084461544 299.066
0.0084463544 297.467
0.0084465544 301.865
0.0084467544 298.266
0.0084469544 297.467
0.0084471544 300.265
0.0084473544 300.265
0.0084475544 300.665
0.0084477544 297.867
0.0084479544 301.465
0.0084481544 300.665
0.0084483544 299.066
0.0084485544 297.867
0.0084487544 299.866
0.0084489544 298.666
0.0084491544 299.466
0.0084493544 296.667
0.0084495544 300.265
0.0084497544 299.866
0.0084499544 299.466
0.0084501544 300.265
0.0084503544 303.064
0.0084505544 300.265
0.0084507544 302.265
0.0084509544 301.065
0.0084511544 300.265
0.0084513544 300.665
0.0084515544 300.665
0.0084517544 303.064
0.0084519544 300.665
0.0084521544 301.065
0.0084523544 302.265
0.0084525544 300.665
0.0084527544 303.064
0.0084529544 301.865
0.0084531544 301.465
0.0084533544 301.465
0.0084535544 302.265
0.0084537544 301.065
0.0084539544 301.865
0.0084541544 303.064
0.0084543544 302.265
0.0084545544 301.865
0.0084547544 301.465
0.0084549544 301.465
0.0084551544 301.465
0.0084553544 301.065
0.0084555544 302.265
0.0084557544 302.664
0.0084559544 301.465
0.0084561544 303.064
0.0084563544 305.463
0.0084565544 303.864
0.0084567544 302.265
0.0084569544 301.465
0.0084571544 303.464
0.0084573544 304.664
0.0084575544 304.664
0.0084577544 304.664
0.0084579544 303.864
0.0084581544 304.264
0.0084583544 303.064
0.0084585544 304.664
0.0084587544 303.464
0.0084589544 304.664
0.0084591544 303.864
0.0084593544 302.265
0.0084595544 306.263
0.0084597544 306.263
0.0084599544 304.664
0.0084601544 305.863
0.0084603544 306.263
0.0084605544 303.064
0.0084607544 306.663
0.0084609544 305.063
0.0084611544 304.664
0.0084613544 307.062
0.0084615544 309.461
0.0084617544 307.862
0.0084619544 308.662
0.0084621544 305.463
0.0084623544 307.062
0.0084625544 304.664
0.0084627544 306.663
0.0084629544 304.664
0.0084631544 305.463
0.0084633544 304.664
0.0084635544 304.264
0.0084637544 304.264
0.0084639544 304.664
0.0084641544 307.862
0.0084643544 308.662
0.0084645544 308.662
0.0084647544 307.862
0.0084649544 306.663
0.0084651544 305.863
0.0084653544 306.663
0.0084655544 308.662
0.0084657544 308.662
0.0084659544 307.862
0.0084661544 309.062
0.0084663544 306.263
0.0084665544 308.662
0.0084667544 308.662
0.0084669544 307.862
0.0084671544 306.663
0.0084673544 307.862
0.0084675544 309.461
0.0084677544 309.062
0.0084679544 309.062
0.0084681544 305.063
0.0084683544 307.862
0.0084685544 309.861
0.0084687544 307.862
0.0084689544 307.062
0.0084691544 311.46
0.0084693544 311.46
0.0084695544 307.462
0.0084697544 309.861
0.0084699544 309.861
0.0084701544 309.461
0.0084703544 309.861
0.0084705544 308.262
0.0084707544 309.062
0.0084709544 309.461
0.0084711544 305.463
0.0084713544 308.662
0.0084715544 309.461
0.0084717544 307.062
0.0084719544 309.861
0.0084721544 308.262
0.0084723544 311.061
0.0084725544 309.461
0.0084727544 309.861
0.0084729544 309.062
0.0084731544 307.062
0.0084733544 310.261
0.0084735544 309.461
0.0084737544 311.86
0.0084739544 310.661
0.0084741544 310.261
0.0084743544 313.46
0.0084745544 310.261
0.0084747544 311.061
0.0084749544 314.259
0.0084751544 313.46
0.0084753544 309.861
0.0084755544 313.46
0.0084757544 309.861
0.0084759544 309.461
0.0084761544 313.06
0.0084763544 308.262
0.0084765544 313.46
0.0084767544 311.46
0.0084769544 311.061
0.0084771544 312.66
0.0084773544 310.661
0.0084775544 310.661
0.0084777544 312.26
0.0084779544 310.261
0.0084781544 310.661
0.0084783544 311.46
0.0084785544 309.861
0.0084787544 311.46
0.0084789544 311.46
0.0084791544 312.26
0.0084793544 312.66
0.0084795544 314.659
0.0084797544 313.46
0.0084799544 312.26
0.0084801544 313.06
0.0084803544 313.46
0.0084805544 311.46
0.0084807544 310.661
0.0084809544 312.66
0.0084811544 312.26
0.0084813544 312.66
0.0084815544 310.661
0.0084817544 309.861
0.0084819544 312.66
0.0084821544 312.66
0.0084823544 311.86
0.0084825544 311.86
0.0084827544 313.06
0.0084829544 313.859
0.0084831544 311.86
0.0084833544 311.46
0.0084835544 314.659
0.0084837544 317.858
0.0084839544 313.859
0.0084841544 312.26
0.0084843544 314.659
0.0084845544 314.259
0.0084847544 312.26
0.0084849544 311.86
0.0084851544 311.86
0.0084853544 312.26
0.0084855544 314.659
0.0084857544 315.459
0.0084859544 313.06
0.0084861544 315.459
0.0084863544 313.06
0.0084865544 311.86
0.0084867544 314.259
0.0084869544 313.859
0.0084871544 314.259
0.0084873544 311.46
0.0084875544 314.659
0.0084877544 314.259
0.0084879544 311.46
0.0084881544 314.659
0.0084883544 313.46
0.0084885544 314.259
0.0084887544 315.459
0.0084889544 313.859
0.0084891544 313.859
0.0084893544 313.859
0.0084895544 314.259
0.0084897544 314.259
0.0084899544 315.059
0.0084901544 314.659
0.0084903544 314.259
0.0084905544 313.859
0.0084907544 313.06
0.0084909544 314.659
0.0084911544 312.66
0.0084913544 317.858
0.0084915544 315.459
0.0084917544 315.059
0.0084919544 315.459
0.0084921544 313.859
0.0084923544 315.858
0.0084925544 316.258
0.0084927544 314.659
0.0084929544 313.46
0.0084931544 313.06
0.0084933544 315.059
0.0084935544 317.458
0.0084937544 313.46
0.0084939544 314.259
0.0084941544 313.06
0.0084943544 319.057
0.0084945544 315.059
0.0084947544 312.26
0.0084949544 313.859
0.0084951544 316.258
0.0084953544 314.259
0.0084955544 316.258
0.0084957544 316.658
0.0084959544 315.858
0.0084961544 317.058
0.0084963544 319.057
0.0084965544 315.459
0.0084967544 317.858
0.0084969544 318.257
0.0084971544 317.858
0.0084973544 315.459
0.0084975544 315.858
0.0084977544 315.858
0.0084979544 319.457
0.0084981544 316.658
0.0084983544 315.858
0.0084985544 321.856
0.0084987544 317.858
0.0084989544 317.858
0.0084991544 318.657
0.0084993544 320.257
0.0084995544 316.258
0.0084997544 319.057
0.0084999544 319.857
0.0085001544 319.057
0.0085003544 319.057
0.0085005544 319.057
0.0085007544 317.058
0.0085009544 319.057
0.0085011544 318.257
0.0085013544 319.057
0.0085015544 317.058
0.0085017544 316.658
0.0085019544 317.858
0.0085021544 316.658
0.0085023544 315.858
0.0085025544 319.057
0.0085027544 319.457
0.0085029544 320.656
0.0085031544 317.058
0.0085033544 317.458
0.0085035544 318.257
0.0085037544 317.858
0.0085039544 319.057
0.0085041544 317.058
0.0085043544 318.657
0.0085045544 319.057
0.0085047544 317.458
0.0085049544 319.057
0.0085051544 319.057
0.0085053544 319.857
0.0085055544 319.857
0.0085057544 321.456
0.0085059544 319.057
0.0085061544 317.458
0.0085063544 318.657
0.0085065544 319.857
0.0085067544 319.857
0.0085069544 319.057
0.0085071544 320.257
0.0085073544 318.257
0.0085075544 322.655
0.0085077544 319.857
0.0085079544 320.257
0.0085081544 321.056
0.0085083544 319.857
0.0085085544 321.456
0.0085087544 322.256
0.0085089544 323.055
0.0085091544 321.456
0.0085093544 319.857
0.0085095544 321.056
0.0085097544 318.657
0.0085099544 318.257
0.0085101544 317.458
0.0085103544 319.457
0.0085105544 321.056
0.0085107544 322.655
0.0085109544 319.457
0.0085111544 320.656
0.0085113544 319.457
0.0085115544 320.257
0.0085117544 317.858
0.0085119544 317.458
0.0085121544 320.257
0.0085123544 319.457
0.0085125544 320.257
0.0085127544 319.857
0.0085129544 319.857
0.0085131544 321.056
0.0085133544 319.857
0.0085135544 319.057
0.0085137544 322.655
0.0085139544 321.456
0.0085141544 318.657
0.0085143544 318.657
0.0085145544 320.257
0.0085147544 320.656
0.0085149544 321.056
0.0085151544 322.256
0.0085153544 319.457
0.0085155544 318.257
0.0085157544 319.457
0.0085159544 320.656
0.0085161544 319.857
0.0085163544 317.858
0.0085165544 322.256
0.0085167544 320.656
0.0085169544 322.256
0.0085171544 319.057
0.0085173544 319.057
0.0085175544 319.457
0.0085177544 321.856
0.0085179544 319.457
0.0085181544 319.857
0.0085183544 321.456
0.0085185544 321.456
0.0085187544 322.256
0.0085189544 319.457
0.0085191544 320.656
0.0085193544 320.257
0.0085195544 320.656
0.0085197544 320.257
0.0085199544 323.455
0.0085201544 322.256
0.0085203544 321.056
0.0085205544 323.855
0.0085207544 319.857
0.0085209544 320.257
0.0085211544 319.057
0.0085213544 324.255
0.0085215544 319.057
0.0085217544 322.655
0.0085219544 322.256
0.0085221544 321.056
0.0085223544 321.856
0.0085225544 323.055
0.0085227544 321.856
0.0085229544 321.456
0.0085231544 322.655
0.0085233544 320.257
0.0085235544 320.257
0.0085237544 321.056
0.0085239544 320.656
0.0085241544 322.256
0.0085243544 323.055
0.0085245544 321.456
0.0085247544 325.054
0.0085249544 322.256
0.0085251544 324.255
0.0085253544 321.456
0.0085255544 321.856
0.0085257544 323.855
0.0085259544 322.256
0.0085261544 322.256
0.0085263544 324.255
0.0085265544 320.656
0.0085267544 323.055
0.0085269544 321.856
0.0085271544 322.256
0.0085273544 322.256
0.0085275544 323.455
0.0085277544 326.254
0.0085279544 324.255
0.0085281544 324.255
0.0085283544 322.256
0.0085285544 321.056
0.0085287544 321.856
0.0085289544 322.256
0.0085291544 326.254
0.0085293544 325.854
0.0085295544 323.055
0.0085297544 324.655
0.0085299544 323.855
0.0085301544 323.455
0.0085303544 323.055
0.0085305544 321.856
0.0085307544 322.655
0.0085309544 322.655
0.0085311544 323.455
0.0085313544 324.255
0.0085315544 324.655
0.0085317544 324.255
0.0085319544 320.656
0.0085321544 324.255
0.0085323544 325.454
0.0085325544 322.256
0.0085327544 323.855
0.0085329544 322.256
0.0085331544 322.256
0.0085333544 324.655
0.0085335544 323.855
0.0085337544 323.855
0.0085339544 323.855
0.0085341544 327.053
0.0085343544 323.055
0.0085345544 322.256
0.0085347544 325.454
0.0085349544 323.855
0.0085351544 325.054
0.0085353544 322.655
0.0085355544 321.456
0.0085357544 326.254
0.0085359544 324.255
0.0085361544 323.055
0.0085363544 323.855
0.0085365544 323.455
0.0085367544 324.255
0.0085369544 322.256
0.0085371544 327.453
0.0085373544 327.453
0.0085375544 325.454
0.0085377544 325.054
0.0085379544 323.855
0.0085381544 326.254
0.0085383544 322.655
0.0085385544 322.256
0.0085387544 321.856
0.0085389544 323.855
0.0085391544 327.053
0.0085393544 325.054
0.0085395544 324.255
0.0085397544 323.455
0.0085399544 327.853
0.0085401544 323.455
0.0085403544 323.855
0.0085405544 324.255
0.0085407544 327.453
0.0085409544 325.854
0.0085411544 323.055
0.0085413544 323.855
0.0085415544 323.855
0.0085417544 324.655
0.0085419544 324.255
0.0085421544 323.855
0.0085423544 326.254
0.0085425544 322.655
0.0085427544 323.455
0.0085429544 325.854
0.0085431544 323.855
0.0085433544 325.454
0.0085435544 324.655
0.0085437544 325.854
0.0085439544 321.456
0.0085441544 323.455
0.0085443544 325.454
0.0085445544 325.854
0.0085447544 325.854
0.0085449544 324.255
0.0085451544 325.054
0.0085453544 325.454
0.0085455544 325.054
0.0085457544 325.454
0.0085459544 329.452
0.0085461544 325.454
0.0085463544 326.254
0.0085465544 324.655
0.0085467544 323.055
0.0085469544 326.654
0.0085471544 325.454
0.0085473544 324.655
0.0085475544 324.255
0.0085477544 327.453
0.0085479544 327.053
0.0085481544 328.253
0.0085483544 325.054
0.0085485544 328.253
0.0085487544 328.253
0.0085489544 326.254
0.0085491544 325.054
0.0085493544 326.254
0.0085495544 328.653
0.0085497544 327.053
0.0085499544 328.653
0.0085501544 327.853
0.0085503544 327.853
0.0085505544 326.654
0.0085507544 329.852
0.0085509544 326.654
0.0085511544 327.053
0.0085513544 327.053
0.0085515544 329.852
0.0085517544 326.654
0.0085519544 328.253
0.0085521544 328.653
0.0085523544 326.254
0.0085525544 327.853
0.0085527544 328.253
0.0085529544 327.453
0.0085531544 328.653
0.0085533544 327.453
0.0085535544 326.654
0.0085537544 326.254
0.0085539544 329.852
0.0085541544 325.854
0.0085543544 326.654
0.0085545544 330.252
0.0085547544 326.254
0.0085549544 327.453
0.0085551544 327.053
0.0085553544 327.853
0.0085555544 328.653
0.0085557544 329.053
0.0085559544 329.053
0.0085561544 326.254
0.0085563544 328.253
0.0085565544 328.653
0.0085567544 330.252
0.0085569544 331.052
0.0085571544 327.853
0.0085573544 328.253
0.0085575544 329.452
0.0085577544 329.053
0.0085579544 329.852
0.0085581544 330.652
0.0085583544 325.054
0.0085585544 327.453
0.0085587544 329.452
0.0085589544 330.652
0.0085591544 329.452
0.0085593544 330.652
0.0085595544 331.851
0.0085597544 329.452
0.0085599544 329.452
0.0085601544 329.452
0.0085603544 331.851
0.0085605544 329.452
0.0085607544 329.452
0.0085609544 327.853
0.0085611544 329.852
0.0085613544 329.053
0.0085615544 327.853
0.0085617544 328.653
0.0085619544 329.852
0.0085621544 329.452
0.0085623544 331.452
0.0085625544 329.452
0.0085627544 329.053
0.0085629544 330.252
0.0085631544 328.653
0.0085633544 329.852
0.0085635544 331.052
0.0085637544 327.053
0.0085639544 332.251
0.0085641544 327.053
0.0085643544 329.852
0.0085645544 330.252
0.0085647544 329.852
0.0085649544 329.452
0.0085651544 331.452
0.0085653544 331.851
0.0085655544 329.852
0.0085657544 330.652
0.0085659544 329.452
0.0085661544 331.052
0.0085663544 330.252
0.0085665544 331.052
0.0085667544 328.253
0.0085669544 330.652
0.0085671544 329.452
0.0085673544 332.251
0.0085675544 329.053
0.0085677544 331.452
0.0085679544 330.652
0.0085681544 331.052
0.0085683544 333.451
0.0085685544 331.052
0.0085687544 330.252
0.0085689544 329.452
0.0085691544 331.452
0.0085693544 331.851
0.0085695544 329.452
0.0085697544 330.252
0.0085699544 327.453
0.0085701544 328.653
0.0085703544 331.452
0.0085705544 331.452
0.0085707544 331.452
0.0085709544 332.251
0.0085711544 329.452
0.0085713544 329.852
0.0085715544 333.451
0.0085717544 331.851
0.0085719544 329.053
0.0085721544 331.851
0.0085723544 332.251
0.0085725544 331.452
0.0085727544 330.652
0.0085729544 331.851
0.0085731544 331.452
0.0085733544 330.652
0.0085735544 329.053
0.0085737544 331.052
0.0085739544 330.252
0.0085741544 329.452
0.0085743544 331.452
0.0085745544 330.252
0.0085747544 330.652
0.0085749544 331.452
0.0085751544 328.653
0.0085753544 329.852
0.0085755544 329.452
0.0085757544 331.851
0.0085759544 331.052
0.0085761544 329.852
0.0085763544 331.452
0.0085765544 332.251
0.0085767544 332.251
0.0085769544 328.253
0.0085771544 329.452
0.0085773544 331.052
0.0085775544 328.653
0.0085777544 332.651
0.0085779544 329.053
0.0085781544 331.851
0.0085783544 331.851
0.0085785544 331.052
0.0085787544 331.452
0.0085789544 331.052
0.0085791544 330.252
0.0085793544 329.452
0.0085795544 330.652
0.0085797544 329.852
0.0085799544 329.852
0.0085801544 329.452
0.0085803544 330.652
0.0085805544 333.051
0.0085807544 332.251
0.0085809544 333.051
0.0085811544 332.251
0.0085813544 333.451
0.0085815544 331.452
0.0085817544 332.251
0.0085819544 332.251
0.0085821544 331.452
0.0085823544 332.251
0.0085825544 329.852
0.0085827544 331.452
0.0085829544 333.85
0.0085831544 333.85
0.0085833544 329.452
0.0085835544 331.452
0.0085837544 330.252
0.0085839544 333.451
0.0085841544 331.052
0.0085843544 330.652
0.0085845544 332.251
0.0085847544 333.451
0.0085849544 333.85
0.0085851544 333.051
0.0085853544 333.85
0.0085855544 330.252
0.0085857544 332.251
0.0085859544 331.851
0.0085861544 332.651
0.0085863544 331.452
0.0085865544 332.251
0.0085867544 331.452
0.0085869544 330.652
0.0085871544 333.85
0.0085873544 331.851
0.0085875544 333.85
0.0085877544 332.651
0.0085879544 330.252
0.0085881544 333.451
0.0085883544 332.251
0.0085885544 334.25
0.0085887544 332.251
0.0085889544 332.651
0.0085891544 331.851
0.0085893544 334.25
0.0085895544 332.651
0.0085897544 333.85
0.0085899544 332.651
0.0085901544 331.052
0.0085903544 332.651
0.0085905544 331.052
0.0085907544 333.85
0.0085909544 333.051
0.0085911544 334.65
0.0085913544 333.051
0.0085915544 333.051
0.0085917544 332.251
0.0085919544 331.851
0.0085921544 333.451
0.0085923544 333.451
0.0085925544 333.85
0.0085927544 330.252
0.0085929544 334.65
0.0085931544 334.65
0.0085933544 334.25
0.0085935544 334.65
0.0085937544 333.451
0.0085939544 332.251
0.0085941544 333.451
0.0085943544 333.051
0.0085945544 331.851
0.0085947544 334.25
0.0085949544 333.051
0.0085951544 334.25
0.0085953544 333.451
0.0085955544 334.65
0.0085957544 337.849
0.0085959544 334.25
0.0085961544 333.051
0.0085963544 336.249
0.0085965544 334.65
0.0085967544 333.051
0.0085969544 333.85
0.0085971544 334.25
0.0085973544 334.65
0.0085975544 333.451
0.0085977544 335.45
0.0085979544 336.249
0.0085981544 337.849
0.0085983544 335.85
0.0085985544 336.249
0.0085987544 337.049
0.0085989544 335.45
0.0085991544 337.049
0.0085993544 337.849
0.0085995544 335.45
0.0085997544 334.25
0.0085999544 334.25
0.0086001544 335.05
0.0086003544 335.45
0.0086005544 335.45
0.0086007544 337.449
0.0086009544 334.25
0.0086011544 334.65
0.0086013544 334.25
0.0086015544 335.05
0.0086017544 335.05
0.0086019544 334.25
0.0086021544 335.05
0.0086023544 337.049
0.0086025544 335.45
0.0086027544 335.05
0.0086029544 335.85
0.0086031544 337.049
0.0086033544 338.248
0.0086035544 337.049
0.0086037544 337.049
0.0086039544 337.049
0.0086041544 335.05
0.0086043544 338.248
0.0086045544 337.049
0.0086047544 336.649
0.0086049544 337.049
0.0086051544 335.85
0.0086053544 336.649
0.0086055544 335.05
0.0086057544 335.05
0.0086059544 335.85
0.0086061544 338.248
0.0086063544 335.45
0.0086065544 335.05
0.0086067544 336.249
0.0086069544 338.648
0.0086071544 338.648
0.0086073544 333.451
0.0086075544 338.648
0.0086077544 338.648
0.0086079544 335.45
0.0086081544 335.85
0.0086083544 337.049
0.0086085544 334.65
0.0086087544 336.249
0.0086089544 337.849
0.0086091544 339.048
0.0086093544 337.849
0.0086095544 336.249
0.0086097544 337.049
0.0086099544 336.249
0.0086101544 337.049
0.0086103544 339.448
0.0086105544 337.849
0.0086107544 336.249
0.0086109544 335.85
0.0086111544 337.849
0.0086113544 339.848
0.0086115544 337.449
0.0086117544 339.048
0.0086119544 338.248
0.0086121544 338.648
0.0086123544 337.049
0.0086125544 337.849
0.0086127544 338.248
0.0086129544 337.049
0.0086131544 338.648
0.0086133544 336.649
0.0086135544 333.85
0.0086137544 337.049
0.0086139544 337.849
0.0086141544 339.848
0.0086143544 337.449
0.0086145544 339.848
0.0086147544 337.049
0.0086149544 338.248
0.0086151544 338.648
0.0086153544 339.448
0.0086155544 339.048
0.0086157544 336.249
0.0086159544 339.048
0.0086161544 339.048
0.0086163544 338.648
0.0086165544 337.449
0.0086167544 337.049
0.0086169544 340.647
0.0086171544 340.647
0.0086173544 340.647
0.0086175544 340.647
0.0086177544 338.648
0.0086179544 341.047
0.0086181544 339.848
0.0086183544 340.248
0.0086185544 338.648
0.0086187544 339.848
0.0086189544 336.649
0.0086191544 341.047
0.0086193544 339.048
0.0086195544 340.647
0.0086197544 339.048
0.0086199544 339.048
0.0086201544 338.648
0.0086203544 339.848
0.0086205544 340.647
0.0086207544 338.248
0.0086209544 341.047
0.0086211544 339.048
0.0086213544 342.247
0.0086215544 341.847
0.0086217544 339.048
0.0086219544 339.048
0.0086221544 340.248
0.0086223544 341.847
0.0086225544 339.448
0.0086227544 339.048
0.0086229544 340.248
0.0086231544 339.848
0.0086233544 338.648
0.0086235544 340.647
0.0086237544 340.248
0.0086239544 338.648
0.0086241544 340.647
0.0086243544 340.248
0.0086245544 340.248
0.0086247544 341.847
0.0086249544 341.847
0.0086251544 339.848
0.0086253544 343.046
0.0086255544 339.848
0.0086257544 341.847
0.0086259544 341.447
0.0086261544 341.447
0.0086263544 341.047
0.0086265544 342.646
0.0086267544 341.847
0.0086269544 339.048
0.0086271544 342.646
0.0086273544 341.047
0.0086275544 343.046
0.0086277544 342.247
0.0086279544 342.247
0.0086281544 339.448
0.0086283544 344.246
0.0086285544 344.246
0.0086287544 341.847
0.0086289544 342.247
0.0086291544 345.445
0.0086293544 341.047
0.0086295544 341.447
0.0086297544 344.246
0.0086299544 343.446
0.0086301544 341.847
0.0086303544 341.447
0.0086305544 341.047
0.0086307544 341.047
0.0086309544 339.048
0.0086311544 343.446
0.0086313544 342.247
0.0086315544 341.447
0.0086317544 341.047
0.0086319544 343.446
0.0086321544 343.046
0.0086323544 341.847
0.0086325544 343.846
0.0086327544 343.046
0.0086329544 342.646
0.0086331544 343.446
0.0086333544 341.847
0.0086335544 343.046
0.0086337544 343.446
0.0086339544 342.247
0.0086341544 343.046
0.0086343544 345.445
0.0086345544 343.446
0.0086347544 343.046
0.0086349544 341.447
0.0086351544 342.646
0.0086353544 343.446
0.0086355544 342.247
0.0086357544 343.846
0.0086359544 342.247
0.0086361544 343.446
0.0086363544 340.248
0.0086365544 341.447
0.0086367544 345.045
0.0086369544 341.847
0.0086371544 344.246
0.0086373544 343.446
0.0086375544 341.047
0.0086377544 343.046
0.0086379544 341.847
0.0086381544 343.446
0.0086383544 343.846
0.0086385544 343.446
0.0086387544 341.047
0.0086389544 341.047
0.0086391544 343.446
0.0086393544 345.845
0.0086395544 342.646
0.0086397544 344.246
0.0086399544 345.045
0.0086401544 345.845
0.0086403544 342.646
0.0086405544 343.846
0.0086407544 343.446
0.0086409544 340.248
0.0086411544 343.846
0.0086413544 343.046
0.0086415544 341.047
0.0086417544 343.046
0.0086419544 343.046
0.0086421544 341.847
0.0086423544 342.247
0.0086425544 347.045
0.0086427544 342.247
0.0086429544 344.246
0.0086431544 344.646
0.0086433544 343.846
0.0086435544 344.246
0.0086437544 343.846
0.0086439544 344.246
0.0086441544 345.045
0.0086443544 343.446
0.0086445544 345.045
0.0086447544 345.045
0.0086449544 343.446
0.0086451544 343.846
0.0086453544 344.246
0.0086455544 345.045
0.0086457544 343.446
0.0086459544 344.246
0.0086461544 345.445
0.0086463544 343.446
0.0086465544 342.646
0.0086467544 343.446
0.0086469544 345.445
0.0086471544 343.446
0.0086473544 345.845
0.0086475544 343.446
0.0086477544 345.045
0.0086479544 345.045
0.0086481544 344.246
0.0086483544 344.646
0.0086485544 344.246
0.0086487544 344.246
0.0086489544 344.246
0.0086491544 344.246
0.0086493544 345.045
0.0086495544 345.845
0.0086497544 346.645
0.0086499544 343.846
0.0086501544 342.247
0.0086503544 344.246
0.0086505544 344.246
0.0086507544 344.646
0.0086509544 342.646
0.0086511544 344.646
0.0086513544 346.645
0.0086515544 345.045
0.0086517544 345.445
0.0086519544 343.046
0.0086521544 344.646
0.0086523544 346.645
0.0086525544 345.445
0.0086527544 343.446
0.0086529544 346.645
0.0086531544 344.646
0.0086533544 347.045
0.0086535544 344.646
0.0086537544 343.446
0.0086539544 343.446
0.0086541544 344.246
0.0086543544 344.646
0.0086545544 343.846
0.0086547544 345.845
0.0086549544 346.245
0.0086551544 344.646
0.0086553544 344.246
0.0086555544 343.446
0.0086557544 344.246
0.0086559544 343.846
0.0086561544 343.846
0.0086563544 348.244
0.0086565544 346.245
0.0086567544 345.845
0.0086569544 344.246
0.0086571544 347.045
0.0086573544 344.646
0.0086575544 343.446
0.0086577544 345.045
0.0086579544 345.845
0.0086581544 345.845
0.0086583544 345.445
0.0086585544 346.245
0.0086587544 343.846
0.0086589544 346.645
0.0086591544 345.045
0.0086593544 343.846
0.0086595544 344.646
0.0086597544 345.845
0.0086599544 345.445
0.0086601544 346.645
0.0086603544 344.246
0.0086605544 347.045
0.0086607544 345.445
0.0086609544 343.446
0.0086611544 347.045
0.0086613544 343.846
0.0086615544 345.445
0.0086617544 348.244
0.0086619544 344.246
0.0086621544 345.845
0.0086623544 343.846
0.0086625544 343.846
0.0086627544 344.246
0.0086629544 344.646
0.0086631544 347.045
0.0086633544 345.845
0.0086635544 345.045
0.0086637544 346.645
0.0086639544 347.844
0.0086641544 345.045
0.0086643544 347.045
0.0086645544 345.445
0.0086647544 346.645
0.0086649544 348.244
0.0086651544 343.446
0.0086653544 347.045
0.0086655544 344.246
0.0086657544 348.244
0.0086659544 345.845
0.0086661544 346.245
0.0086663544 345.045
0.0086665544 346.645
0.0086667544 344.646
0.0086669544 344.246
0.0086671544 345.845
0.0086673544 345.045
0.0086675544 348.644
0.0086677544 347.844
0.0086679544 348.644
0.0086681544 345.445
0.0086683544 346.245
0.0086685544 346.645
0.0086687544 345.845
0.0086689544 347.844
0.0086691544 346.245
0.0086693544 346.245
0.0086695544 346.245
0.0086697544 347.444
0.0086699544 346.245
0.0086701544 346.645
0.0086703544 346.645
0.0086705544 345.845
0.0086707544 346.245
0.0086709544 346.645
0.0086711544 346.245
0.0086713544 347.444
0.0086715544 345.845
0.0086717544 348.244
0.0086719544 347.844
0.0086721544 348.644
0.0086723544 347.844
0.0086725544 346.245
0.0086727544 346.245
0.0086729544 348.644
0.0086731544 346.645
0.0086733544 345.845
0.0086735544 345.045
0.0086737544 349.843
0.0086739544 347.045
0.0086741544 349.843
0.0086743544 345.445
0.0086745544 347.444
0.0086747544 346.645
0.0086749544 347.444
0.0086751544 348.644
0.0086753544 348.244
0.0086755544 347.844
0.0086757544 346.245
0.0086759544 348.244
0.0086761544 347.444
0.0086763544 345.845
0.0086765544 349.443
0.0086767544 349.443
0.0086769544 349.843
0.0086771544 347.844
0.0086773544 347.844
0.0086775544 349.443
0.0086777544 347.844
0.0086779544 348.244
0.0086781544 346.645
0.0086783544 347.444
0.0086785544 347.045
0.0086787544 348.644
0.0086789544 346.645
0.0086791544 347.045
0.0086793544 343.846
0.0086795544 349.443
0.0086797544 351.043
0.0086799544 347.045
0.0086801544 348.244
0.0086803544 349.044
0.0086805544 351.043
0.0086807544 346.645
0.0086809544 347.844
0.0086811544 349.443
0.0086813544 347.444
0.0086815544 349.044
0.0086817544 347.045
0.0086819544 348.644
0.0086821544 348.644
0.0086823544 346.645
0.0086825544 349.843
0.0086827544 350.243
0.0086829544 350.243
0.0086831544 349.443
0.0086833544 351.842
0.0086835544 350.243
0.0086837544 349.843
0.0086839544 347.444
0.0086841544 348.244
0.0086843544 348.244
0.0086845544 351.043
0.0086847544 348.644
0.0086849544 352.642
0.0086851544 351.842
0.0086853544 349.443
0.0086855544 349.044
0.0086857544 349.443
0.0086859544 350.643
0.0086861544 350.643
0.0086863544 353.841
0.0086865544 349.843
0.0086867544 348.244
0.0086869544 348.644
0.0086871544 350.643
0.0086873544 350.243
0.0086875544 352.642
0.0086877544 351.043
0.0086879544 348.644
0.0086881544 349.443
0.0086883544 350.643
0.0086885544 352.242
0.0086887544 347.844
0.0086889544 349.443
0.0086891544 351.842
0.0086893544 348.644
0.0086895544 350.243
0.0086897544 348.244
0.0086899544 352.242
0.0086901544 352.642
0.0086903544 352.242
0.0086905544 352.642
0.0086907544 350.243
0.0086909544 351.842
0.0086911544 351.842
0.0086913544 352.242
0.0086915544 350.643
0.0086917544 352.642
0.0086919544 350.243
0.0086921544 350.243
0.0086923544 352.242
0.0086925544 351.443
0.0086927544 355.041
0.0086929544 351.443
0.0086931544 353.841
0.0086933544 349.443
0.0086935544 351.043
0.0086937544 353.841
0.0086939544 352.242
0.0086941544 354.241
0.0086943544 351.043
0.0086945544 352.642
0.0086947544 350.643
0.0086949544 352.242
0.0086951544 353.841
0.0086953544 354.641
0.0086955544 352.642
0.0086957544 353.042
0.0086959544 352.642
0.0086961544 352.642
0.0086963544 353.442
0.0086965544 353.042
0.0086967544 349.843
0.0086969544 353.442
0.0086971544 351.443
0.0086973544 354.241
0.0086975544 351.043
0.0086977544 351.443
0.0086979544 350.243
0.0086981544 353.042
0.0086983544 354.241
0.0086985544 352.642
0.0086987544 353.042
0.0086989544 354.241
0.0086991544 354.241
0.0086993544 351.842
0.0086995544 353.042
0.0086997544 353.042
0.0086999544 352.242
0.0087001544 351.443
0.0087003544 351.443
0.0087005544 353.042
0.0087007544 351.443
0.0087009544 351.842
0.0087011544 351.043
0.0087013544 351.443
0.0087015544 352.242
0.0087017544 353.442
0.0087019544 353.042
0.0087021544 351.043
0.0087023544 353.042
0.0087025544 350.243
0.0087027544 353.841
0.0087029544 353.442
0.0087031544 355.041
0.0087033544 355.041
0.0087035544 349.843
0.0087037544 351.443
0.0087039544 351.043
0.0087041544 351.842
0.0087043544 352.642
0.0087045544 350.243
0.0087047544 351.842
0.0087049544 351.043
0.0087051544 352.642
0.0087053544 351.842
0.0087055544 348.644
0.0087057544 351.443
0.0087059544 353.042
0.0087061544 353.442
0.0087063544 353.442
0.0087065544 351.043
0.0087067544 354.241
0.0087069544 352.242
0.0087071544 353.442
0.0087073544 351.443
0.0087075544 353.442
0.0087077544 353.442
0.0087079544 352.242
0.0087081544 355.841
0.0087083544 349.843
0.0087085544 352.642
0.0087087544 353.042
0.0087089544 353.042
0.0087091544 351.043
0.0087093544 351.443
0.0087095544 353.841
0.0087097544 354.641
0.0087099544 355.041
0.0087101544 351.842
0.0087103544 353.042
0.0087105544 353.442
0.0087107544 352.242
0.0087109544 354.241
0.0087111544 354.641
0.0087113544 352.242
0.0087115544 352.242
0.0087117544 352.642
0.0087119544 355.041
0.0087121544 353.841
0.0087123544 350.643
0.0087125544 356.24
0.0087127544 353.442
0.0087129544 352.242
0.0087131544 355.041
0.0087133544 355.441
0.0087135544 353.841
0.0087137544 354.241
0.0087139544 356.24
0.0087141544 355.441
0.0087143544 356.24
0.0087145544 352.642
0.0087147544 355.441
0.0087149544 354.241
0.0087151544 352.642
0.0087153544 352.642
0.0087155544 354.641
0.0087157544 354.241
0.0087159544 353.841
0.0087161544 355.041
0.0087163544 355.441
0.0087165544 354.241
0.0087167544 351.842
0.0087169544 355.041
0.0087171544 353.442
0.0087173544 353.042
0.0087175544 355.041
0.0087177544 353.442
0.0087179544 354.641
0.0087181544 353.042
0.0087183544 355.041
0.0087185544 354.641
0.0087187544 358.24
0.0087189544 355.841
0.0087191544 351.842
0.0087193544 357.04
0.0087195544 355.441
0.0087197544 354.241
0.0087199544 355.041
0.0087201544 352.242
0.0087203544 353.442
0.0087205544 356.24
0.0087207544 355.441
0.0087209544 353.042
0.0087211544 349.843
0.0087213544 353.442
0.0087215544 356.24
0.0087217544 354.641
0.0087219544 357.84
0.0087221544 354.641
0.0087223544 356.24
0.0087225544 353.841
0.0087227544 355.841
0.0087229544 354.241
0.0087231544 355.841
0.0087233544 354.641
0.0087235544 354.241
0.0087237544 355.041
0.0087239544 354.241
0.0087241544 356.24
0.0087243544 353.042
0.0087245544 354.641
0.0087247544 356.24
0.0087249544 356.24
0.0087251544 354.241
0.0087253544 354.641
0.0087255544 353.841
0.0087257544 355.041
0.0087259544 355.041
0.0087261544 355.441
0.0087263544 354.241
0.0087265544 355.841
0.0087267544 353.841
0.0087269544 354.641
0.0087271544 354.641
0.0087273544 354.241
0.0087275544 354.241
0.0087277544 356.24
0.0087279544 355.441
0.0087281544 355.841
0.0087283544 353.042
0.0087285544 355.841
0.0087287544 356.24
0.0087289544 357.84
0.0087291544 352.642
0.0087293544 354.241
0.0087295544 357.44
0.0087297544 357.84
0.0087299544 357.04
0.0087301544 356.24
0.0087303544 355.841
0.0087305544 354.641
0.0087307544 357.04
0.0087309544 357.84
0.0087311544 355.441
0.0087313544 359.039
0.0087315544 358.639
0.0087317544 359.039
0.0087319544 357.84
0.0087321544 357.04
0.0087323544 357.84
0.0087325544 357.84
0.0087327544 359.039
0.0087329544 359.039
0.0087331544 358.639
0.0087333544 357.04
0.0087335544 357.04
0.0087337544 357.44
0.0087339544 356.64
0.0087341544 357.44
0.0087343544 355.841
0.0087345544 359.839
0.0087347544 356.24
0.0087349544 357.84
0.0087351544 359.039
0.0087353544 357.44
0.0087355544 358.24
0.0087357544 358.639
0.0087359544 355.841
0.0087361544 357.04
0.0087363544 356.64
0.0087365544 355.041
0.0087367544 359.039
0.0087369544 357.44
0.0087371544 360.239
0.0087373544 356.24
0.0087375544 359.039
0.0087377544 356.24
0.0087379544 357.84
0.0087381544 357.04
0.0087383544 357.44
0.0087385544 357.44
0.0087387544 359.439
0.0087389544 360.239
0.0087391544 360.239
0.0087393544 355.841
0.0087395544 358.639
0.0087397544 358.24
0.0087399544 359.439
0.0087401544 358.24
0.0087403544 357.44
0.0087405544 357.84
0.0087407544 357.84
0.0087409544 358.639
0.0087411544 357.44
0.0087413544 358.639
0.0087415544 360.239
0.0087417544 356.24
0.0087419544 358.639
0.0087421544 358.24
0.0087423544 358.639
0.0087425544 359.039
0.0087427544 357.84
0.0087429544 357.04
0.0087431544 357.84
0.0087433544 356.24
0.0087435544 359.439
0.0087437544 358.24
0.0087439544 357.44
0.0087441544 356.64
0.0087443544 359.039
0.0087445544 358.639
0.0087447544 355.841
0.0087449544 360.239
0.0087451544 363.437
0.0087453544 357.84
0.0087455544 358.24
0.0087457544 357.84
0.0087459544 360.638
0.0087461544 358.639
0.0087463544 357.84
0.0087465544 357.44
0.0087467544 358.639
0.0087469544 361.038
0.0087471544 357.44
0.0087473544 357.04
0.0087475544 360.239
0.0087477544 361.038
0.0087479544 360.239
0.0087481544 360.239
0.0087483544 357.04
0.0087485544 357.84
0.0087487544 358.639
0.0087489544 358.24
0.0087491544 357.44
0.0087493544 358.639
0.0087495544 358.24
0.0087497544 358.24
0.0087499544 359.439
0.0087501544 357.44
0.0087503544 359.039
0.0087505544 359.039
0.0087507544 359.039
0.0087509544 361.038
0.0087511544 359.839
0.0087513544 359.439
0.0087515544 361.038
0.0087517544 362.238
0.0087519544 359.839
0.0087521544 360.239
0.0087523544 359.039
0.0087525544 357.04
0.0087527544 358.639
0.0087529544 360.239
0.0087531544 361.838
0.0087533544 362.238
0.0087535544 358.639
0.0087537544 360.638
0.0087539544 358.24
0.0087541544 360.638
0.0087543544 361.038
0.0087545544 361.438
0.0087547544 360.638
0.0087549544 358.639
0.0087551544 360.239
0.0087553544 358.24
0.0087555544 358.639
0.0087557544 359.839
0.0087559544 361.838
0.0087561544 360.239
0.0087563544 361.038
0.0087565544 361.038
0.0087567544 361.438
0.0087569544 361.038
0.0087571544 360.239
0.0087573544 362.638
0.0087575544 359.039
0.0087577544 361.038
0.0087579544 363.037
0.0087581544 360.638
0.0087583544 361.438
0.0087585544 360.638
0.0087587544 358.639
0.0087589544 361.838
0.0087591544 360.638
0.0087593544 357.04
0.0087595544 361.038
0.0087597544 359.439
0.0087599544 359.839
0.0087601544 359.439
0.0087603544 363.837
0.0087605544 360.638
0.0087607544 363.037
0.0087609544 359.839
0.0087611544 360.638
0.0087613544 362.238
0.0087615544 363.037
0.0087617544 364.237
0.0087619544 362.238
0.0087621544 362.238
0.0087623544 362.638
0.0087625544 358.24
0.0087627544 359.839
0.0087629544 357.84
0.0087631544 361.038
0.0087633544 359.839
0.0087635544 361.038
0.0087637544 361.438
0.0087639544 361.838
0.0087641544 362.638
0.0087643544 361.438
0.0087645544 361.838
0.0087647544 362.238
0.0087649544 362.638
0.0087651544 359.839
0.0087653544 361.838
0.0087655544 359.439
0.0087657544 362.638
0.0087659544 362.638
0.0087661544 362.638
0.0087663544 359.439
0.0087665544 363.037
0.0087667544 364.237
0.0087669544 364.237
0.0087671544 363.837
0.0087673544 362.638
0.0087675544 361.838
0.0087677544 362.638
0.0087679544 359.439
0.0087681544 361.838
0.0087683544 365.036
0.0087685544 361.438
0.0087687544 364.637
0.0087689544 362.638
0.0087691544 363.437
0.0087693544 361.438
0.0087695544 359.839
0.0087697544 362.238
0.0087699544 364.637
0.0087701544 362.638
0.0087703544 363.037
0.0087705544 361.438
0.0087707544 363.037
0.0087709544 361.838
0.0087711544 363.837
0.0087713544 362.238
0.0087715544 363.037
0.0087717544 365.836
0.0087719544 360.638
0.0087721544 364.237
0.0087723544 365.836
0.0087725544 363.437
0.0087727544 363.837
0.0087729544 362.638
0.0087731544 363.437
0.0087733544 364.637
0.0087735544 364.237
0.0087737544 365.036
0.0087739544 362.238
0.0087741544 364.637
0.0087743544 362.238
0.0087745544 366.636
0.0087747544 360.239
0.0087749544 365.036
0.0087751544 365.836
0.0087753544 363.837
0.0087755544 365.436
0.0087757544 361.438
0.0087759544 363.837
0.0087761544 363.437
0.0087763544 365.836
0.0087765544 365.036
0.0087767544 366.236
0.0087769544 362.238
0.0087771544 364.237
0.0087773544 363.037
0.0087775544 363.437
0.0087777544 365.436
0.0087779544 364.237
0.0087781544 362.238
0.0087783544 365.036
0.0087785544 365.436
0.0087787544 365.436
0.0087789544 364.237
0.0087791544 363.037
0.0087793544 365.436
0.0087795544 365.436
0.0087797544 364.637
0.0087799544 365.836
0.0087801544 366.236
0.0087803544 364.237
0.0087805544 363.837
0.0087807544 363.837
0.0087809544 366.236
0.0087811544 363.037
0.0087813544 363.837
0.0087815544 363.437
0.0087817544 363.837
0.0087819544 363.837
0.0087821544 364.237
0.0087823544 366.636
0.0087825544 365.036
0.0087827544 363.837
0.0087829544 365.436
0.0087831544 364.637
0.0087833544 363.837
0.0087835544 367.036
0.0087837544 367.435
0.0087839544 367.835
0.0087841544 368.235
0.0087843544 365.836
0.0087845544 365.436
0.0087847544 366.236
0.0087849544 364.637
0.0087851544 367.036
0.0087853544 369.434
0.0087855544 367.036
0.0087857544 363.837
0.0087859544 367.036
0.0087861544 365.836
0.0087863544 368.235
0.0087865544 365.436
0.0087867544 362.638
0.0087869544 364.637
0.0087871544 365.836
0.0087873544 367.835
0.0087875544 362.638
0.0087877544 366.636
0.0087879544 366.636
0.0087881544 365.436
0.0087883544 367.835
0.0087885544 364.637
0.0087887544 366.236
0.0087889544 367.435
0.0087891544 369.035
0.0087893544 363.837
0.0087895544 367.835
0.0087897544 366.636
0.0087899544 365.836
0.0087901544 369.434
0.0087903544 368.235
0.0087905544 365.836
0.0087907544 365.836
0.0087909544 367.835
0.0087911544 369.035
0.0087913544 368.635
0.0087915544 371.833
0.0087917544 367.036
0.0087919544 370.634
0.0087921544 368.635
0.0087923544 369.035
0.0087925544 364.237
0.0087927544 367.036
0.0087929544 366.236
0.0087931544 367.435
0.0087933544 366.236
0.0087935544 367.036
0.0087937544 368.235
0.0087939544 369.834
0.0087941544 366.236
0.0087943544 367.435
0.0087945544 366.636
0.0087947544 367.435
0.0087949544 367.036
0.0087951544 367.036
0.0087953544 369.434
0.0087955544 365.836
0.0087957544 369.434
0.0087959544 367.835
0.0087961544 368.635
0.0087963544 365.436
0.0087965544 368.635
0.0087967544 367.036
0.0087969544 366.236
0.0087971544 364.237
0.0087973544 369.434
0.0087975544 364.237
0.0087977544 365.836
0.0087979544 367.036
0.0087981544 370.634
0.0087983544 369.434
0.0087985544 370.234
0.0087987544 367.435
0.0087989544 367.835
0.0087991544 367.435
0.0087993544 366.236
0.0087995544 371.833
0.0087997544 367.835
0.0087999544 365.836
0.0088001544 367.435
0.0088003544 367.435
0.0088005544 367.036
0.0088007544 369.434
0.0088009544 370.234
0.0088011544 369.434
0.0088013544 366.236
0.0088015544 367.835
0.0088017544 364.237
0.0088019544 366.236
0.0088021544 368.235
0.0088023544 369.035
0.0088025544 368.635
0.0088027544 368.635
0.0088029544 365.436
0.0088031544 369.434
0.0088033544 369.434
0.0088035544 369.035
0.0088037544 368.235
0.0088039544 367.435
0.0088041544 367.835
0.0088043544 369.834
0.0088045544 365.436
0.0088047544 368.235
0.0088049544 367.435
0.0088051544 370.234
0.0088053544 371.434
0.0088055544 369.434
0.0088057544 369.434
0.0088059544 370.234
0.0088061544 369.434
0.0088063544 367.835
0.0088065544 372.633
0.0088067544 367.435
0.0088069544 371.434
0.0088071544 369.035
0.0088073544 367.036
0.0088075544 367.435
0.0088077544 370.634
0.0088079544 370.234
0.0088081544 369.035
0.0088083544 371.034
0.0088085544 370.234
0.0088087544 371.034
0.0088089544 370.634
0.0088091544 367.435
0.0088093544 371.833
0.0088095544 368.635
0.0088097544 370.234
0.0088099544 368.235
0.0088101544 368.235
0.0088103544 371.833
0.0088105544 368.635
0.0088107544 371.434
0.0088109544 368.235
0.0088111544 367.435
0.0088113544 369.035
0.0088115544 369.834
0.0088117544 369.035
0.0088119544 372.233
0.0088121544 372.233
0.0088123544 370.634
0.0088125544 371.434
0.0088127544 371.034
0.0088129544 369.035
0.0088131544 369.434
0.0088133544 372.233
0.0088135544 369.035
0.0088137544 370.634
0.0088139544 370.234
0.0088141544 370.634
0.0088143544 370.234
0.0088145544 367.835
0.0088147544 368.635
0.0088149544 370.634
0.0088151544 372.633
0.0088153544 371.034
0.0088155544 370.634
0.0088157544 370.634
0.0088159544 371.833
0.0088161544 373.433
0.0088163544 374.232
0.0088165544 370.634
0.0088167544 369.035
0.0088169544 370.234
0.0088171544 371.434
0.0088173544 373.033
0.0088175544 371.034
0.0088177544 371.034
0.0088179544 370.234
0.0088181544 371.034
0.0088183544 368.235
0.0088185544 370.634
0.0088187544 370.234
0.0088189544 370.634
0.0088191544 371.833
0.0088193544 370.234
0.0088195544 370.234
0.0088197544 370.634
0.0088199544 371.833
0.0088201544 371.434
0.0088203544 372.633
0.0088205544 372.233
0.0088207544 370.634
0.0088209544 371.833
0.0088211544 370.634
0.0088213544 371.034
0.0088215544 374.232
0.0088217544 367.036
0.0088219544 370.234
0.0088221544 369.035
0.0088223544 369.035
0.0088225544 368.635
0.0088227544 371.034
0.0088229544 372.233
0.0088231544 371.833
0.0088233544 370.234
0.0088235544 371.034
0.0088237544 370.234
0.0088239544 371.034
0.0088241544 375.032
0.0088243544 370.634
0.0088245544 370.234
0.0088247544 372.633
0.0088249544 371.833
0.0088251544 371.034
0.0088253544 373.033
0.0088255544 371.833
0.0088257544 373.433
0.0088259544 373.033
0.0088261544 372.633
0.0088263544 373.433
0.0088265544 371.833
0.0088267544 372.233
0.0088269544 371.434
0.0088271544 369.035
0.0088273544 371.034
0.0088275544 371.833
0.0088277544 371.034
0.0088279544 371.833
0.0088281544 371.034
0.0088283544 373.033
0.0088285544 371.434
0.0088287544 372.633
0.0088289544 371.434
0.0088291544 371.434
0.0088293544 374.232
0.0088295544 371.833
0.0088297544 370.234
0.0088299544 372.233
0.0088301544 372.633
0.0088303544 373.033
0.0088305544 372.633
0.0088307544 372.233
0.0088309544 367.835
0.0088311544 373.433
0.0088313544 371.434
0.0088315544 373.033
0.0088317544 373.033
0.0088319544 373.033
0.0088321544 371.833
0.0088323544 372.233
0.0088325544 369.834
0.0088327544 372.233
0.0088329544 372.633
0.0088331544 369.035
0.0088333544 371.833
0.0088335544 369.434
0.0088337544 372.633
0.0088339544 371.434
0.0088341544 370.634
0.0088343544 369.035
0.0088345544 373.833
0.0088347544 369.035
0.0088349544 371.434
0.0088351544 370.234
0.0088353544 371.434
0.0088355544 372.233
0.0088357544 370.634
0.0088359544 372.633
0.0088361544 371.434
0.0088363544 374.232
0.0088365544 371.833
0.0088367544 370.634
0.0088369544 372.633
0.0088371544 373.433
0.0088373544 371.833
0.0088375544 373.033
0.0088377544 373.033
0.0088379544 370.234
0.0088381544 375.432
0.0088383544 371.833
0.0088385544 373.833
0.0088387544 373.033
0.0088389544 373.033
0.0088391544 371.833
0.0088393544 373.833
0.0088395544 372.233
0.0088397544 372.233
0.0088399544 372.233
0.0088401544 372.633
0.0088403544 370.634
0.0088405544 371.434
0.0088407544 376.231
0.0088409544 372.633
0.0088411544 373.433
0.0088413544 373.033
0.0088415544 375.032
0.0088417544 371.034
0.0088419544 369.834
0.0088421544 373.033
0.0088423544 373.433
0.0088425544 373.033
0.0088427544 370.634
0.0088429544 374.632
0.0088431544 375.032
0.0088433544 372.233
0.0088435544 372.233
0.0088437544 373.833
0.0088439544 373.033
0.0088441544 373.433
0.0088443544 372.233
0.0088445544 374.632
0.0088447544 374.632
0.0088449544 374.232
0.0088451544 374.232
0.0088453544 374.632
0.0088455544 372.633
0.0088457544 376.231
0.0088459544 375.832
0.0088461544 374.232
0.0088463544 373.033
0.0088465544 372.233
0.0088467544 374.232
0.0088469544 370.234
0.0088471544 373.433
0.0088473544 373.433
0.0088475544 371.034
0.0088477544 372.233
0.0088479544 375.432
0.0088481544 371.434
0.0088483544 374.232
0.0088485544 373.433
0.0088487544 374.232
0.0088489544 374.632
0.0088491544 373.833
0.0088493544 374.232
0.0088495544 374.632
0.0088497544 375.832
0.0088499544 373.433
0.0088501544 375.032
0.0088503544 372.633
0.0088505544 374.232
0.0088507544 373.033
0.0088509544 373.033
0.0088511544 372.633
0.0088513544 374.232
0.0088515544 372.633
0.0088517544 376.231
0.0088519544 373.433
0.0088521544 373.033
0.0088523544 376.231
0.0088525544 374.232
0.0088527544 374.232
0.0088529544 373.833
0.0088531544 373.433
0.0088533544 373.433
0.0088535544 371.034
0.0088537544 371.833
0.0088539544 377.031
0.0088541544 373.833
0.0088543544 376.231
0.0088545544 376.231
0.0088547544 375.032
0.0088549544 377.031
0.0088551544 375.032
0.0088553544 374.232
0.0088555544 372.633
0.0088557544 373.833
0.0088559544 372.633
0.0088561544 374.632
0.0088563544 374.232
0.0088565544 375.832
0.0088567544 376.231
0.0088569544 373.833
0.0088571544 373.833
0.0088573544 373.833
0.0088575544 375.832
0.0088577544 371.833
0.0088579544 374.632
0.0088581544 374.232
0.0088583544 374.232
0.0088585544 375.832
0.0088587544 374.232
0.0088589544 377.031
0.0088591544 374.232
0.0088593544 372.633
0.0088595544 375.032
0.0088597544 374.232
0.0088599544 372.633
0.0088601544 373.433
0.0088603544 374.632
0.0088605544 373.433
0.0088607544 375.032
0.0088609544 373.433
0.0088611544 374.232
0.0088613544 375.832
0.0088615544 377.431
0.0088617544 378.231
0.0088619544 373.833
0.0088621544 373.433
0.0088623544 375.832
0.0088625544 375.032
0.0088627544 377.031
0.0088629544 374.232
0.0088631544 375.032
0.0088633544 375.832
0.0088635544 377.431
0.0088637544 377.031
0.0088639544 375.432
0.0088641544 377.431
0.0088643544 377.831
0.0088645544 373.833
0.0088647544 373.833
0.0088649544 377.831
0.0088651544 374.232
0.0088653544 377.431
0.0088655544 373.433
0.0088657544 375.832
0.0088659544 377.831
0.0088661544 377.031
0.0088663544 378.231
0.0088665544 377.031
0.0088667544 376.631
0.0088669544 373.833
0.0088671544 377.031
0.0088673544 376.231
0.0088675544 374.232
0.0088677544 376.631
0.0088679544 375.432
0.0088681544 376.631
0.0088683544 379.03
0.0088685544 375.032
0.0088687544 373.833
0.0088689544 375.432
0.0088691544 375.032
0.0088693544 376.231
0.0088695544 378.231
0.0088697544 374.632
0.0088699544 377.431
0.0088701544 377.431
0.0088703544 378.63
0.0088705544 378.63
0.0088707544 378.231
0.0088709544 376.231
0.0088711544 377.431
0.0088713544 377.031
0.0088715544 377.031
0.0088717544 379.03
0.0088719544 376.631
0.0088721544 375.432
0.0088723544 372.633
0.0088725544 379.03
0.0088727544 375.032
0.0088729544 380.23
0.0088731544 376.631
0.0088733544 378.63
0.0088735544 375.432
0.0088737544 377.831
0.0088739544 376.231
0.0088741544 379.03
0.0088743544 373.433
0.0088745544 378.63
0.0088747544 377.031
0.0088749544 378.231
0.0088751544 376.231
0.0088753544 376.231
0.0088755544 377.031
0.0088757544 375.432
0.0088759544 378.63
0.0088761544 379.03
0.0088763544 378.63
0.0088765544 378.231
0.0088767544 376.631
0.0088769544 375.432
0.0088771544 377.031
0.0088773544 376.231
0.0088775544 374.632
0.0088777544 377.831
0.0088779544 376.631
0.0088781544 378.63
0.0088783544 377.831
0.0088785544 377.431
0.0088787544 378.231
0.0088789544 376.631
0.0088791544 377.431
0.0088793544 376.631
0.0088795544 375.432
0.0088797544 379.83
0.0088799544 375.032
0.0088801544 377.431
0.0088803544 377.831
0.0088805544 378.231
0.0088807544 375.432
0.0088809544 375.432
0.0088811544 378.231
0.0088813544 379.83
0.0088815544 377.031
0.0088817544 379.03
0.0088819544 379.03
0.0088821544 377.431
0.0088823544 379.43
0.0088825544 378.231
0.0088827544 377.031
0.0088829544 379.83
0.0088831544 377.831
0.0088833544 379.43
0.0088835544 379.83
0.0088837544 381.829
0.0088839544 377.831
0.0088841544 377.031
0.0088843544 380.23
0.0088845544 379.03
0.0088847544 377.431
0.0088849544 378.231
0.0088851544 377.031
0.0088853544 379.43
0.0088855544 382.229
0.0088857544 380.629
0.0088859544 379.83
0.0088861544 381.429
0.0088863544 378.231
0.0088865544 377.031
0.0088867544 379.83
0.0088869544 379.03
0.0088871544 379.43
0.0088873544 378.231
0.0088875544 381.029
0.0088877544 379.43
0.0088879544 379.43
0.0088881544 379.83
0.0088883544 380.23
0.0088885544 377.031
0.0088887544 379.83
0.0088889544 379.03
0.0088891544 378.63
0.0088893544 381.029
0.0088895544 381.829
0.0088897544 379.03
0.0088899544 379.83
0.0088901544 378.63
0.0088903544 381.429
0.0088905544 381.829
0.0088907544 381.829
0.0088909544 379.43
0.0088911544 384.228
0.0088913544 380.23
0.0088915544 379.03
0.0088917544 383.028
0.0088919544 383.028
0.0088921544 383.428
0.0088923544 383.028
0.0088925544 380.629
0.0088927544 381.829
0.0088929544 381.429
0.0088931544 381.429
0.0088933544 378.63
0.0088935544 377.831
0.0088937544 381.429
0.0088939544 384.228
0.0088941544 382.229
0.0088943544 381.829
0.0088945544 380.629
0.0088947544 382.229
0.0088949544 382.229
0.0088951544 379.83
0.0088953544 381.429
0.0088955544 378.231
0.0088957544 381.829
0.0088959544 381.829
0.0088961544 379.83
0.0088963544 381.029
0.0088965544 384.228
0.0088967544 381.029
0.0088969544 380.23
0.0088971544 381.829
0.0088973544 381.029
0.0088975544 384.228
0.0088977544 380.629
0.0088979544 383.028
0.0088981544 381.029
0.0088983544 380.23
0.0088985544 383.028
0.0088987544 380.23
0.0088989544 382.629
0.0088991544 384.628
0.0088993544 383.028
0.0088995544 382.629
0.0088997544 381.029
0.0088999544 383.428
0.0089001544 381.429
0.0089003544 385.028
0.0089005544 383.028
0.0089007544 381.429
0.0089009544 381.029
0.0089011544 384.228
0.0089013544 380.23
0.0089015544 384.228
0.0089017544 382.229
0.0089019544 380.23
0.0089021544 382.229
0.0089023544 384.628
0.0089025544 384.628
0.0089027544 382.229
0.0089029544 382.229
0.0089031544 383.828
0.0089033544 380.23
0.0089035544 382.229
0.0089037544 379.83
0.0089039544 386.227
0.0089041544 381.829
0.0089043544 385.427
0.0089045544 382.229
0.0089047544 383.828
0.0089049544 386.227
0.0089051544 382.629
0.0089053544 383.828
0.0089055544 383.028
0.0089057544 382.629
0.0089059544 383.428
0.0089061544 382.629
0.0089063544 383.828
0.0089065544 383.028
0.0089067544 386.227
0.0089069544 385.427
0.0089071544 382.629
0.0089073544 381.829
0.0089075544 384.628
0.0089077544 384.628
0.0089079544 382.629
0.0089081544 385.028
0.0089083544 381.029
0.0089085544 382.629
0.0089087544 384.228
0.0089089544 383.428
0.0089091544 382.229
0.0089093544 382.629
0.0089095544 385.028
0.0089097544 384.628
0.0089099544 383.028
0.0089101544 383.428
0.0089103544 385.028
0.0089105544 385.028
0.0089107544 385.427
0.0089109544 384.628
0.0089111544 384.228
0.0089113544 383.428
0.0089115544 383.428
0.0089117544 383.028
0.0089119544 385.827
0.0089121544 384.228
0.0089123544 381.829
0.0089125544 383.828
0.0089127544 384.628
0.0089129544 384.628
0.0089131544 384.628
0.0089133544 383.028
0.0089135544 384.228
0.0089137544 382.629
0.0089139544 385.427
0.0089141544 384.628
0.0089143544 383.828
0.0089145544 383.828
0.0089147544 384.628
0.0089149544 385.427
0.0089151544 384.628
0.0089153544 382.229
0.0089155544 385.827
0.0089157544 383.428
0.0089159544 383.428
0.0089161544 385.427
0.0089163544 384.628
0.0089165544 385.028
0.0089167544 385.028
0.0089169544 384.628
0.0089171544 383.028
0.0089173544 385.028
0.0089175544 385.427
0.0089177544 383.428
0.0089179544 385.427
0.0089181544 385.427
0.0089183544 385.427
0.0089185544 383.428
0.0089187544 383.828
0.0089189544 385.827
0.0089191544 386.627
0.0089193544 384.228
0.0089195544 385.427
0.0089197544 387.426
0.0089199544 385.028
0.0089201544 385.028
0.0089203544 383.828
0.0089205544 385.827
0.0089207544 384.628
0.0089209544 385.427
0.0089211544 388.226
0.0089213544 385.028
0.0089215544 386.227
0.0089217544 386.227
0.0089219544 387.027
0.0089221544 385.028
0.0089223544 385.827
0.0089225544 383.828
0.0089227544 385.427
0.0089229544 386.227
0.0089231544 383.828
0.0089233544 389.426
0.0089235544 385.028
0.0089237544 383.428
0.0089239544 384.628
0.0089241544 386.627
0.0089243544 386.227
0.0089245544 386.227
0.0089247544 384.628
0.0089249544 382.629
0.0089251544 383.828
0.0089253544 385.827
0.0089255544 385.827
0.0089257544 387.426
0.0089259544 385.827
0.0089261544 386.627
0.0089263544 387.826
0.0089265544 387.426
0.0089267544 385.827
0.0089269544 384.228
0.0089271544 386.627
0.0089273544 386.627
0.0089275544 384.228
0.0089277544 385.827
0.0089279544 388.226
0.0089281544 388.626
0.0089283544 386.627
0.0089285544 389.026
0.0089287544 387.826
0.0089289544 387.826
0.0089291544 385.827
0.0089293544 387.027
0.0089295544 386.227
0.0089297544 387.027
0.0089299544 387.826
0.0089301544 387.826
0.0089303544 385.827
0.0089305544 391.425
0.0089307544 388.626
0.0089309544 388.626
0.0089311544 386.627
0.0089313544 388.226
0.0089315544 389.026
0.0089317544 387.826
0.0089319544 387.426
0.0089321544 385.427
0.0089323544 386.227
0.0089325544 389.825
0.0089327544 389.026
0.0089329544 386.627
0.0089331544 388.226
0.0089333544 387.426
0.0089335544 387.826
0.0089337544 385.827
0.0089339544 387.826
0.0089341544 386.227
0.0089343544 386.227
0.0089345544 387.027
0.0089347544 385.427
0.0089349544 389.426
0.0089351544 385.827
0.0089353544 387.027
0.0089355544 385.427
0.0089357544 387.426
0.0089359544 387.826
0.0089361544 385.427
0.0089363544 385.827
0.0089365544 389.026
0.0089367544 387.027
0.0089369544 385.827
0.0089371544 388.626
0.0089373544 387.826
0.0089375544 386.627
0.0089377544 387.426
0.0089379544 389.426
0.0089381544 388.626
0.0089383544 390.625
0.0089385544 387.426
0.0089387544 387.426
0.0089389544 388.626
0.0089391544 388.626
0.0089393544 388.226
0.0089395544 387.027
0.0089397544 389.426
0.0089399544 389.426
0.0089401544 387.027
0.0089403544 388.226
0.0089405544 388.626
0.0089407544 389.426
0.0089409544 388.626
0.0089411544 388.226
0.0089413544 386.627
0.0089415544 387.826
0.0089417544 388.626
0.0089419544 387.826
0.0089421544 389.825
0.0089423544 389.426
0.0089425544 388.226
0.0089427544 386.627
0.0089429544 387.027
0.0089431544 388.626
0.0089433544 387.426
0.0089435544 388.226
0.0089437544 387.826
0.0089439544 388.226
0.0089441544 387.027
0.0089443544 387.027
0.0089445544 389.026
0.0089447544 386.627
0.0089449544 389.825
0.0089451544 387.027
0.0089453544 386.627
0.0089455544 386.627
0.0089457544 389.426
0.0089459544 387.027
0.0089461544 389.026
0.0089463544 388.626
0.0089465544 390.225
0.0089467544 389.825
0.0089469544 386.227
0.0089471544 386.227
0.0089473544 387.826
0.0089475544 388.226
0.0089477544 387.027
0.0089479544 390.225
0.0089481544 386.627
0.0089483544 389.825
0.0089485544 388.226
0.0089487544 388.626
0.0089489544 387.426
0.0089491544 389.026
0.0089493544 389.426
0.0089495544 388.626
0.0089497544 390.625
0.0089499544 387.826
0.0089501544 386.627
0.0089503544 389.426
0.0089505544 391.824
0.0089507544 389.026
0.0089509544 391.025
0.0089511544 386.627
0.0089513544 386.227
0.0089515544 391.824
0.0089517544 390.225
0.0089519544 389.026
0.0089521544 393.424
0.0089523544 389.426
0.0089525544 388.626
0.0089527544 389.825
0.0089529544 389.426
0.0089531544 389.825
0.0089533544 387.027
0.0089535544 390.225
0.0089537544 390.625
0.0089539544 387.027
0.0089541544 389.026
0.0089543544 389.426
0.0089545544 391.425
0.0089547544 389.825
0.0089549544 389.825
0.0089551544 387.426
0.0089553544 390.625
0.0089555544 391.025
0.0089557544 391.425
0.0089559544 391.025
0.0089561544 391.025
0.0089563544 391.425
0.0089565544 391.025
0.0089567544 391.824
0.0089569544 387.426
0.0089571544 389.825
0.0089573544 392.224
0.0089575544 390.625
0.0089577544 389.825
0.0089579544 385.827
0.0089581544 389.426
0.0089583544 388.226
0.0089585544 387.826
0.0089587544 390.625
0.0089589544 389.825
0.0089591544 391.025
0.0089593544 392.624
0.0089595544 389.825
0.0089597544 392.624
0.0089599544 389.426
0.0089601544 391.824
0.0089603544 391.425
0.0089605544 391.025
0.0089607544 390.225
0.0089609544 390.625
0.0089611544 391.425
0.0089613544 390.625
0.0089615544 392.624
0.0089617544 391.824
0.0089619544 391.425
0.0089621544 392.624
0.0089623544 391.025
0.0089625544 391.025
0.0089627544 391.824
0.0089629544 391.425
0.0089631544 395.023
0.0089633544 392.224
0.0089635544 392.624
0.0089637544 391.425
0.0089639544 390.625
0.0089641544 391.824
0.0089643544 392.224
0.0089645544 394.223
0.0089647544 391.425
0.0089649544 392.624
0.0089651544 389.825
0.0089653544 392.624
0.0089655544 393.824
0.0089657544 392.224
0.0089659544 393.024
0.0089661544 390.225
0.0089663544 394.223
0.0089665544 392.224
0.0089667544 392.624
0.0089669544 392.224
0.0089671544 392.624
0.0089673544 393.424
0.0089675544 391.425
0.0089677544 391.425
0.0089679544 391.025
0.0089681544 391.425
0.0089683544 391.025
0.0089685544 392.624
0.0089687544 393.824
0.0089689544 392.224
0.0089691544 393.824
0.0089693544 392.224
0.0089695544 391.425
0.0089697544 394.223
0.0089699544 391.824
0.0089701544 391.824
0.0089703544 392.624
0.0089705544 394.223
0.0089707544 392.624
0.0089709544 393.424
0.0089711544 393.424
0.0089713544 395.023
0.0089715544 395.423
0.0089717544 394.223
0.0089719544 393.024
0.0089721544 393.424
0.0089723544 396.622
0.0089725544 392.624
0.0089727544 394.223
0.0089729544 394.223
0.0089731544 393.424
0.0089733544 393.024
0.0089735544 393.824
0.0089737544 395.023
0.0089739544 391.425
0.0089741544 395.423
0.0089743544 394.223
0.0089745544 395.423
0.0089747544 394.223
0.0089749544 394.223
0.0089751544 393.824
0.0089753544 395.423
0.0089755544 395.023
0.0089757544 393.024
0.0089759544 393.024
0.0089761544 392.224
0.0089763544 395.023
0.0089765544 394.623
0.0089767544 393.024
0.0089769544 394.623
0.0089771544 393.024
0.0089773544 394.623
0.0089775544 396.222
0.0089777544 393.824
0.0089779544 392.624
0.0089781544 395.423
0.0089783544 393.424
0.0089785544 393.424
0.0089787544 396.622
0.0089789544 394.223
0.0089791544 395.023
0.0089793544 392.624
0.0089795544 393.824
0.0089797544 395.423
0.0089799544 392.624
0.0089801544 392.624
0.0089803544 392.224
0.0089805544 393.024
0.0089807544 393.024
0.0089809544 395.023
0.0089811544 393.824
0.0089813544 393.024
0.0089815544 395.423
0.0089817544 393.824
0.0089819544 395.423
0.0089821544 394.223
0.0089823544 397.822
0.0089825544 394.223
0.0089827544 395.823
0.0089829544 397.422
0.0089831544 394.223
0.0089833544 394.623
0.0089835544 395.823
0.0089837544 393.824
0.0089839544 395.423
0.0089841544 397.822
0.0089843544 395.823
0.0089845544 391.425
0.0089847544 394.223
0.0089849544 397.422
0.0089851544 396.622
0.0089853544 397.422
0.0089855544 397.422
0.0089857544 397.022
0.0089859544 394.223
0.0089861544 395.823
0.0089863544 395.423
0.0089865544 397.422
0.0089867544 395.823
0.0089869544 396.222
0.0089871544 399.021
0.0089873544 395.823
0.0089875544 396.622
0.0089877544 396.622
0.0089879544 395.823
0.0089881544 396.222
0.0089883544 400.221
0.0089885544 397.822
0.0089887544 397.822
0.0089889544 397.822
0.0089891544 399.821
0.0089893544 395.423
0.0089895544 396.622
0.0089897544 398.222
0.0089899544 397.022
0.0089901544 397.422
0.0089903544 398.222
0.0089905544 398.621
0.0089907544 399.421
0.0089909544 398.222
0.0089911544 397.822
0.0089913544 398.621
0.0089915544 399.821
0.0089917544 396.222
0.0089919544 398.621
0.0089921544 399.421
0.0089923544 397.822
0.0089925544 395.823
0.0089927544 398.222
0.0089929544 397.422
0.0089931544 401.42
0.0089933544 396.222
0.0089935544 398.621
0.0089937544 397.822
0.0089939544 397.422
0.0089941544 399.021
0.0089943544 399.021
0.0089945544 399.821
0.0089947544 397.822
0.0089949544 401.82
0.0089951544 399.021
0.0089953544 396.222
0.0089955544 397.022
0.0089957544 397.822
0.0089959544 395.823
0.0089961544 395.823
0.0089963544 399.421
0.0089965544 399.421
0.0089967544 399.021
0.0089969544 400.621
0.0089971544 399.421
0.0089973544 399.821
0.0089975544 398.621
0.0089977544 400.621
0.0089979544 400.621
0.0089981544 398.222
0.0089983544 397.422
0.0089985544 397.822
0.0089987544 397.022
0.0089989544 400.621
0.0089991544 399.021
0.0089993544 400.221
0.0089995544 401.02
0.0089997544 400.221
0.0089999544 401.42
0.0090001544 397.022
0.0090003544 399.421
0.0090005544 401.42
0.0090007544 399.421
0.0090009544 397.822
0.0090011544 400.221
0.0090013544 398.621
0.0090015544 399.421
0.0090017544 399.421
0.0090019544 399.821
0.0090021544 402.62
0.0090023544 401.42
0.0090025544 399.421
0.0090027544 397.422
0.0090029544 399.821
0.0090031544 399.421
0.0090033544 401.02
0.0090035544 402.22
0.0090037544 400.221
0.0090039544 399.021
0.0090041544 398.222
0.0090043544 401.42
0.0090045544 401.82
0.0090047544 402.62
0.0090049544 399.421
0.0090051544 398.222
0.0090053544 399.821
0.0090055544 401.02
0.0090057544 401.02
0.0090059544 404.619
0.0090061544 403.019
0.0090063544 402.22
0.0090065544 403.419
0.0090067544 402.62
0.0090069544 399.821
0.0090071544 403.019
0.0090073544 399.021
0.0090075544 399.821
0.0090077544 400.621
0.0090079544 401.02
0.0090081544 399.821
0.0090083544 400.621
0.0090085544 400.621
0.0090087544 399.021
0.0090089544 401.42
0.0090091544 400.621
0.0090093544 401.42
0.0090095544 402.22
0.0090097544 403.419
0.0090099544 402.22
0.0090101544 402.62
0.0090103544 400.221
0.0090105544 400.621
0.0090107544 400.221
0.0090109544 399.821
0.0090111544 402.62
0.0090113544 401.42
0.0090115544 401.02
0.0090117544 403.819
0.0090119544 402.62
0.0090121544 401.82
0.0090123544 397.822
0.0090125544 401.42
0.0090127544 402.62
0.0090129544 401.42
0.0090131544 400.621
0.0090133544 402.62
0.0090135544 401.82
0.0090137544 401.82
0.0090139544 402.22
0.0090141544 401.02
0.0090143544 401.42
0.0090145544 401.82
0.0090147544 400.221
0.0090149544 401.42
0.0090151544 401.82
0.0090153544 403.019
0.0090155544 400.621
0.0090157544 404.219
0.0090159544 402.22
0.0090161544 403.419
0.0090163544 403.019
0.0090165544 403.819
0.0090167544 402.62
0.0090169544 405.019
0.0090171544 403.819
0.0090173544 403.819
0.0090175544 403.019
0.0090177544 402.62
0.0090179544 405.019
0.0090181544 404.619
0.0090183544 406.618
0.0090185544 403.819
0.0090187544 403.819
0.0090189544 402.22
0.0090191544 404.619
0.0090193544 401.82
0.0090195544 402.22
0.0090197544 404.619
0.0090199544 402.62
0.0090201544 403.019
0.0090203544 404.619
0.0090205544 404.619
0.0090207544 403.819
0.0090209544 401.82
0.0090211544 403.819
0.0090213544 403.419
0.0090215544 404.619
0.0090217544 403.019
0.0090219544 403.419
0.0090221544 405.818
0.0090223544 405.418
0.0090225544 405.019
0.0090227544 405.019
0.0090229544 405.418
0.0090231544 404.619
0.0090233544 406.618
0.0090235544 404.619
0.0090237544 401.82
0.0090239544 403.419
0.0090241544 405.418
0.0090243544 403.419
0.0090245544 405.019
0.0090247544 405.019
0.0090249544 405.818
0.0090251544 403.819
0.0090253544 404.619
0.0090255544 402.62
0.0090257544 401.42
0.0090259544 403.419
0.0090261544 406.618
0.0090263544 404.219
0.0090265544 402.22
0.0090267544 402.22
0.0090269544 404.619
0.0090271544 402.62
0.0090273544 406.218
0.0090275544 407.018
0.0090277544 405.019
0.0090279544 407.018
0.0090281544 405.019
0.0090283544 406.218
0.0090285544 408.617
0.0090287544 405.818
0.0090289544 405.418
0.0090291544 403.419
0.0090293544 403.819
0.0090295544 404.219
0.0090297544 403.819
0.0090299544 405.019
0.0090301544 406.618
0.0090303544 405.418
0.0090305544 406.218
0.0090307544 404.619
0.0090309544 405.019
0.0090311544 405.818
0.0090313544 406.218
0.0090315544 407.817
0.0090317544 408.617
0.0090319544 406.618
0.0090321544 404.219
0.0090323544 406.618
0.0090325544 405.418
0.0090327544 406.218
0.0090329544 406.618
0.0090331544 407.817
0.0090333544 407.417
0.0090335544 406.618
0.0090337544 404.619
0.0090339544 407.018
0.0090341544 406.618
0.0090343544 406.618
0.0090345544 406.218
0.0090347544 406.218
0.0090349544 406.618
0.0090351544 404.619
0.0090353544 409.017
0.0090355544 407.817
0.0090357544 406.618
0.0090359544 406.618
0.0090361544 407.417
0.0090363544 406.618
0.0090365544 407.018
0.0090367544 406.218
0.0090369544 405.818
0.0090371544 407.018
0.0090373544 409.816
0.0090375544 407.417
0.0090377544 407.417
0.0090379544 407.018
0.0090381544 407.817
0.0090383544 409.417
0.0090385544 403.819
0.0090387544 411.016
0.0090389544 408.217
0.0090391544 406.618
0.0090393544 410.216
0.0090395544 409.017
0.0090397544 407.417
0.0090399544 408.617
0.0090401544 410.216
0.0090403544 407.817
0.0090405544 409.417
0.0090407544 410.216
0.0090409544 411.016
0.0090411544 407.018
0.0090413544 410.216
0.0090415544 410.616
0.0090417544 410.616
0.0090419544 409.816
0.0090421544 409.017
0.0090423544 407.417
0.0090425544 410.616
0.0090427544 409.017
0.0090429544 406.618
0.0090431544 407.417
0.0090433544 411.016
0.0090435544 409.017
0.0090437544 407.018
0.0090439544 410.216
0.0090441544 409.417
0.0090443544 409.017
0.0090445544 409.816
0.0090447544 409.017
0.0090449544 411.816
0.0090451544 411.016
0.0090453544 411.416
0.0090455544 407.018
0.0090457544 409.017
0.0090459544 410.616
0.0090461544 410.216
0.0090463544 411.816
0.0090465544 406.618
0.0090467544 408.617
0.0090469544 411.016
0.0090471544 410.616
0.0090473544 409.017
0.0090475544 407.417
0.0090477544 410.616
0.0090479544 409.816
0.0090481544 410.216
0.0090483544 410.216
0.0090485544 411.016
0.0090487544 409.816
0.0090489544 410.216
0.0090491544 411.016
0.0090493544 409.816
0.0090495544 410.616
0.0090497544 406.618
0.0090499544 411.816
0.0090501544 410.616
0.0090503544 409.417
0.0090505544 410.216
0.0090507544 411.816
0.0090509544 411.016
0.0090511544 411.016
0.0090513544 410.616
0.0090515544 413.415
0.0090517544 410.616
0.0090519544 410.216
0.0090521544 411.816
0.0090523544 410.616
0.0090525544 412.215
0.0090527544 413.415
0.0090529544 410.616
0.0090531544 410.616
0.0090533544 413.015
0.0090535544 409.417
0.0090537544 407.018
0.0090539544 410.616
0.0090541544 413.415
0.0090543544 410.216
0.0090545544 410.216
0.0090547544 411.816
0.0090549544 409.017
0.0090551544 410.216
0.0090553544 411.416
0.0090555544 410.616
0.0090557544 409.816
0.0090559544 411.416
0.0090561544 413.015
0.0090563544 412.215
0.0090565544 414.614
0.0090567544 409.816
0.0090569544 413.415
0.0090571544 411.416
0.0090573544 409.816
0.0090575544 410.616
0.0090577544 411.816
0.0090579544 411.816
0.0090581544 411.416
0.0090583544 409.816
0.0090585544 413.415
0.0090587544 414.214
0.0090589544 414.614
0.0090591544 411.816
0.0090593544 411.816
0.0090595544 413.415
0.0090597544 412.215
0.0090599544 413.815
0.0090601544 415.014
0.0090603544 412.615
0.0090605544 413.015
0.0090607544 412.215
0.0090609544 408.617
0.0090611544 411.016
0.0090613544 413.415
0.0090615544 413.415
0.0090617544 409.816
0.0090619544 411.016
0.0090621544 412.215
0.0090623544 412.615
0.0090625544 410.616
0.0090627544 413.015
0.0090629544 413.015
0.0090631544 412.615
0.0090633544 413.815
0.0090635544 411.416
0.0090637544 411.816
0.0090639544 413.815
0.0090641544 411.416
0.0090643544 412.615
0.0090645544 413.415
0.0090647544 413.815
0.0090649544 414.214
0.0090651544 413.815
0.0090653544 411.416
0.0090655544 415.014
0.0090657544 413.015
0.0090659544 413.815
0.0090661544 411.816
0.0090663544 412.215
0.0090665544 411.816
0.0090667544 415.414
0.0090669544 412.615
0.0090671544 410.616
0.0090673544 413.815
0.0090675544 411.016
0.0090677544 409.417
0.0090679544 414.214
0.0090681544 413.015
0.0090683544 414.214
0.0090685544 413.415
0.0090687544 415.414
0.0090689544 412.215
0.0090691544 413.815
0.0090693544 417.013
0.0090695544 413.815
0.0090697544 415.814
0.0090699544 413.815
0.0090701544 414.614
0.0090703544 413.815
0.0090705544 415.414
0.0090707544 416.214
0.0090709544 413.815
0.0090711544 414.614
0.0090713544 415.014
0.0090715544 412.215
0.0090717544 416.214
0.0090719544 413.815
0.0090721544 412.615
0.0090723544 414.614
0.0090725544 416.613
0.0090727544 413.415
0.0090729544 413.015
0.0090731544 414.614
0.0090733544 414.214
0.0090735544 417.013
0.0090737544 415.014
0.0090739544 414.614
0.0090741544 413.815
0.0090743544 414.214
0.0090745544 413.815
0.0090747544 415.414
0.0090749544 413.015
0.0090751544 416.613
0.0090753544 415.814
0.0090755544 415.014
0.0090757544 416.613
0.0090759544 417.813
0.0090761544 415.414
0.0090763544 416.613
0.0090765544 414.614
0.0090767544 415.014
0.0090769544 414.614
0.0090771544 414.614
0.0090773544 416.613
0.0090775544 415.414
0.0090777544 417.013
0.0090779544 415.014
0.0090781544 416.214
0.0090783544 413.815
0.0090785544 413.015
0.0090787544 415.414
0.0090789544 415.414
0.0090791544 417.013
0.0090793544 417.013
0.0090795544 416.613
0.0090797544 414.214
0.0090799544 417.013
0.0090801544 415.814
0.0090803544 417.413
0.0090805544 415.014
0.0090807544 412.615
0.0090809544 417.013
0.0090811544 414.614
0.0090813544 416.613
0.0090815544 418.213
0.0090817544 417.813
0.0090819544 418.213
0.0090821544 417.413
0.0090823544 415.814
0.0090825544 415.814
0.0090827544 414.614
0.0090829544 417.013
0.0090831544 415.414
0.0090833544 417.813
0.0090835544 416.613
0.0090837544 417.813
0.0090839544 417.813
0.0090841544 415.014
0.0090843544 418.213
0.0090845544 418.213
0.0090847544 418.213
0.0090849544 416.613
0.0090851544 417.413
0.0090853544 416.214
0.0090855544 415.014
0.0090857544 416.613
0.0090859544 415.014
0.0090861544 415.014
0.0090863544 414.214
0.0090865544 415.814
0.0090867544 418.213
0.0090869544 417.813
0.0090871544 418.213
0.0090873544 416.214
0.0090875544 418.612
0.0090877544 415.814
0.0090879544 419.412
0.0090881544 417.413
0.0090883544 417.813
0.0090885544 418.612
0.0090887544 417.413
0.0090889544 416.214
0.0090891544 418.213
0.0090893544 415.414
0.0090895544 415.814
0.0090897544 415.814
0.0090899544 415.814
0.0090901544 418.213
0.0090903544 420.612
0.0090905544 418.612
0.0090907544 420.612
0.0090909544 419.012
0.0090911544 420.612
0.0090913544 419.812
0.0090915544 418.612
0.0090917544 419.812
0.0090919544 419.012
0.0090921544 419.412
0.0090923544 419.412
0.0090925544 419.012
0.0090927544 417.413
0.0090929544 419.412
0.0090931544 417.813
0.0090933544 419.012
0.0090935544 421.411
0.0090937544 417.413
0.0090939544 418.213
0.0090941544 420.212
0.0090943544 416.613
0.0090945544 418.213
0.0090947544 418.612
0.0090949544 419.812
0.0090951544 418.612
0.0090953544 419.012
0.0090955544 419.412
0.0090957544 418.612
0.0090959544 419.812
0.0090961544 419.412
0.0090963544 419.012
0.0090965544 421.011
0.0090967544 419.412
0.0090969544 418.612
0.0090971544 420.612
0.0090973544 419.412
0.0090975544 419.412
0.0090977544 420.212
0.0090979544 417.013
0.0090981544 417.813
0.0090983544 418.213
0.0090985544 419.412
0.0090987544 419.012
0.0090989544 417.013
0.0090991544 417.413
0.0090993544 419.812
0.0090995544 420.212
0.0090997544 419.412
0.0090999544 418.612
0.0091001544 417.013
0.0091003544 415.414
0.0091005544 419.012
0.0091007544 417.413
0.0091009544 421.411
0.0091011544 419.412
0.0091013544 417.413
0.0091015544 418.612
0.0091017544 418.213
0.0091019544 418.612
0.0091021544 419.012
0.0091023544 417.013
0.0091025544 419.012
0.0091027544 418.612
0.0091029544 418.213
0.0091031544 421.811
0.0091033544 417.013
0.0091035544 419.812
0.0091037544 420.212
0.0091039544 419.812
0.0091041544 420.212
0.0091043544 418.213
0.0091045544 420.212
0.0091047544 421.411
0.0091049544 418.612
0.0091051544 418.612
0.0091053544 417.813
0.0091055544 418.612
0.0091057544 417.813
0.0091059544 418.612
0.0091061544 419.412
0.0091063544 417.413
0.0091065544 419.012
0.0091067544 419.012
0.0091069544 420.612
0.0091071544 420.212
0.0091073544 417.013
0.0091075544 419.412
0.0091077544 418.612
0.0091079544 421.011
0.0091081544 418.612
0.0091083544 418.612
0.0091085544 419.412
0.0091087544 418.612
0.0091089544 419.412
0.0091091544 421.411
0.0091093544 422.611
0.0091095544 417.013
0.0091097544 417.013
0.0091099544 418.213
0.0091101544 417.813
0.0091103544 417.013
0.0091105544 419.412
0.0091107544 420.212
0.0091109544 419.412
0.0091111544 419.412
0.0091113544 419.412
0.0091115544 421.011
0.0091117544 416.613
0.0091119544 419.412
0.0091121544 418.213
0.0091123544 418.612
0.0091125544 420.212
0.0091127544 420.612
0.0091129544 421.811
0.0091131544 419.012
0.0091133544 419.412
0.0091135544 420.212
0.0091137544 420.212
0.0091139544 419.012
0.0091141544 420.212
0.0091143544 421.011
0.0091145544 421.011
0.0091147544 419.812
0.0091149544 422.211
0.0091151544 420.612
0.0091153544 418.612
0.0091155544 418.213
0.0091157544 419.812
0.0091159544 419.012
0.0091161544 421.411
0.0091163544 418.612
0.0091165544 419.412
0.0091167544 421.011
0.0091169544 418.213
0.0091171544 421.411
0.0091173544 419.012
0.0091175544 419.012
0.0091177544 422.211
0.0091179544 419.012
0.0091181544 421.811
0.0091183544 419.412
0.0091185544 419.012
0.0091187544 417.813
0.0091189544 418.612
0.0091191544 418.213
0.0091193544 420.612
0.0091195544 421.811
0.0091197544 419.812
0.0091199544 420.212
0.0091201544 421.011
0.0091203544 421.011
0.0091205544 418.213
0.0091207544 419.412
0.0091209544 420.212
0.0091211544 421.411
0.0091213544 421.811
0.0091215544 421.411
0.0091217544 421.411
0.0091219544 418.213
0.0091221544 421.011
0.0091223544 422.211
0.0091225544 420.612
0.0091227544 421.411
0.0091229544 420.612
0.0091231544 420.212
0.0091233544 421.011
0.0091235544 419.412
0.0091237544 418.612
0.0091239544 419.812
0.0091241544 421.011
0.0091243544 420.212
0.0091245544 424.21
0.0091247544 419.812
0.0091249544 421.811
0.0091251544 421.411
0.0091253544 421.811
0.0091255544 421.411
0.0091257544 421.811
0.0091259544 420.612
0.0091261544 422.211
0.0091263544 419.812
0.0091265544 421.411
0.0091267544 419.812
0.0091269544 422.211
0.0091271544 420.612
0.0091273544 422.611
0.0091275544 421.811
0.0091277544 421.811
0.0091279544 420.212
0.0091281544 421.411
0.0091283544 423.01
0.0091285544 421.811
0.0091287544 419.012
0.0091289544 419.012
0.0091291544 423.01
0.0091293544 421.811
0.0091295544 423.41
0.0091297544 419.012
0.0091299544 419.812
0.0091301544 418.612
0.0091303544 423.41
0.0091305544 421.011
0.0091307544 421.411
0.0091309544 421.811
0.0091311544 419.412
0.0091313544 421.811
0.0091315544 421.411
0.0091317544 419.412
0.0091319544 421.011
0.0091321544 421.411
0.0091323544 421.811
0.0091325544 423.01
0.0091327544 420.612
0.0091329544 420.212
0.0091331544 420.612
0.0091333544 421.011
0.0091335544 419.412
0.0091337544 419.812
0.0091339544 419.012
0.0091341544 419.812
0.0091343544 421.011
0.0091345544 419.812
0.0091347544 419.412
0.0091349544 421.411
0.0091351544 419.012
0.0091353544 421.411
0.0091355544 419.012
0.0091357544 420.612
0.0091359544 422.611
0.0091361544 421.411
0.0091363544 419.412
0.0091365544 420.612
0.0091367544 420.612
0.0091369544 421.011
0.0091371544 419.412
0.0091373544 419.012
0.0091375544 419.412
0.0091377544 421.011
0.0091379544 421.811
0.0091381544 422.611
0.0091383544 419.012
0.0091385544 423.41
0.0091387544 419.812
0.0091389544 418.213
0.0091391544 418.213
0.0091393544 421.811
0.0091395544 421.011
0.0091397544 419.012
0.0091399544 421.011
0.0091401544 419.412
0.0091403544 420.612
0.0091405544 420.612
0.0091407544 418.612
0.0091409544 421.811
0.0091411544 419.412
0.0091413544 420.612
0.0091415544 419.012
0.0091417544 419.012
0.0091419544 419.412
0.0091421544 419.412
0.0091423544 421.011
0.0091425544 421.811
0.0091427544 421.011
0.0091429544 421.011
0.0091431544 421.811
0.0091433544 418.612
0.0091435544 420.612
0.0091437544 418.213
0.0091439544 418.612
0.0091441544 418.612
0.0091443544 419.412
0.0091445544 419.412
0.0091447544 418.612
0.0091449544 420.612
0.0091451544 419.412
0.0091453544 421.411
0.0091455544 420.612
0.0091457544 419.012
0.0091459544 420.612
0.0091461544 417.813
0.0091463544 419.012
0.0091465544 418.213
0.0091467544 419.412
0.0091469544 419.812
0.0091471544 420.612
0.0091473544 417.813
0.0091475544 419.412
0.0091477544 418.213
0.0091479544 419.812
0.0091481544 421.011
0.0091483544 421.411
0.0091485544 420.612
0.0091487544 418.612
0.0091489544 423.81
0.0091491544 420.212
0.0091493544 420.212
0.0091495544 419.412
0.0091497544 421.011
0.0091499544 419.812
0.0091501544 421.811
0.0091503544 419.412
0.0091505544 419.412
0.0091507544 419.412
0.0091509544 419.812
0.0091511544 419.412
0.0091513544 420.612
0.0091515544 420.212
0.0091517544 421.011
0.0091519544 420.212
0.0091521544 422.611
0.0091523544 421.411
0.0091525544 421.811
0.0091527544 421.411
0.0091529544 418.612
0.0091531544 418.612
0.0091533544 424.61
0.0091535544 422.611
0.0091537544 419.812
0.0091539544 421.811
0.0091541544 423.01
0.0091543544 423.81
0.0091545544 422.211
0.0091547544 419.812
0.0091549544 420.612
0.0091551544 421.811
0.0091553544 420.612
0.0091555544 421.811
0.0091557544 421.811
0.0091559544 420.212
0.0091561544 422.211
0.0091563544 422.611
0.0091565544 421.811
0.0091567544 423.01
0.0091569544 421.811
0.0091571544 422.611
0.0091573544 421.011
0.0091575544 421.011
0.0091577544 421.011
0.0091579544 421.811
0.0091581544 422.611
0.0091583544 421.011
0.0091585544 421.811
0.0091587544 421.811
0.0091589544 421.811
0.0091591544 422.211
0.0091593544 422.611
0.0091595544 423.01
0.0091597544 419.812
0.0091599544 424.61
0.0091601544 423.41
0.0091603544 421.011
0.0091605544 424.61
0.0091607544 421.411
0.0091609544 421.411
0.0091611544 421.811
0.0091613544 420.612
0.0091615544 421.011
0.0091617544 421.011
0.0091619544 422.611
0.0091621544 422.211
0.0091623544 423.41
0.0091625544 424.61
0.0091627544 424.21
0.0091629544 422.611
0.0091631544 423.41
0.0091633544 424.21
0.0091635544 422.211
0.0091637544 423.01
0.0091639544 421.011
0.0091641544 424.21
0.0091643544 421.811
0.0091645544 425.809
0.0091647544 422.611
0.0091649544 425.01
0.0091651544 423.41
0.0091653544 421.411
0.0091655544 423.41
0.0091657544 421.411
0.0091659544 424.61
0.0091661544 424.61
0.0091663544 425.409
0.0091665544 424.61
0.0091667544 422.211
0.0091669544 423.81
0.0091671544 421.811
0.0091673544 425.809
0.0091675544 422.611
0.0091677544 423.41
0.0091679544 425.01
0.0091681544 422.611
0.0091683544 424.61
0.0091685544 424.21
0.0091687544 425.409
0.0091689544 424.61
0.0091691544 423.01
0.0091693544 422.611
0.0091695544 424.21
0.0091697544 424.61
0.0091699544 427.409
0.0091701544 424.61
0.0091703544 424.61
0.0091705544 427.409
0.0091707544 425.409
0.0091709544 425.809
0.0091711544 425.409
0.0091713544 423.41
0.0091715544 429.008
0.0091717544 426.609
0.0091719544 425.01
0.0091721544 425.809
0.0091723544 425.01
0.0091725544 425.01
0.0091727544 426.209
0.0091729544 423.41
0.0091731544 423.41
0.0091733544 425.409
0.0091735544 425.409
0.0091737544 425.409
0.0091739544 426.209
0.0091741544 424.21
0.0091743544 424.21
0.0091745544 422.211
0.0091747544 426.209
0.0091749544 427.409
0.0091751544 424.61
0.0091753544 427.409
0.0091755544 424.21
0.0091757544 425.01
0.0091759544 426.209
0.0091761544 427.409
0.0091763544 425.01
0.0091765544 426.209
0.0091767544 425.409
0.0091769544 424.61
0.0091771544 424.21
0.0091773544 426.609
0.0091775544 425.01
0.0091777544 427.409
0.0091779544 426.609
0.0091781544 426.209
0.0091783544 426.609
0.0091785544 427.409
0.0091787544 428.208
0.0091789544 426.209
0.0091791544 428.208
0.0091793544 427.009
0.0091795544 426.609
0.0091797544 425.809
0.0091799544 426.209
0.0091801544 425.809
0.0091803544 427.009
0.0091805544 425.01
0.0091807544 427.009
0.0091809544 425.809
0.0091811544 427.409
0.0091813544 427.808
0.0091815544 427.409
0.0091817544 427.409
0.0091819544 425.809
0.0091821544 427.409
0.0091823544 426.209
0.0091825544 423.41
0.0091827544 429.008
0.0091829544 430.607
0.0091831544 429.008
0.0091833544 426.209
0.0091835544 426.209
0.0091837544 427.409
0.0091839544 425.01
0.0091841544 426.609
0.0091843544 428.608
0.0091845544 429.408
0.0091847544 427.808
0.0091849544 427.409
0.0091851544 426.609
0.0091853544 426.609
0.0091855544 427.808
0.0091857544 429.408
0.0091859544 426.609
0.0091861544 425.409
0.0091863544 428.608
0.0091865544 427.009
0.0091867544 430.207
0.0091869544 430.207
0.0091871544 428.208
0.0091873544 427.409
0.0091875544 424.61
0.0091877544 427.808
0.0091879544 429.408
0.0091881544 427.409
0.0091883544 425.809
0.0091885544 425.809
0.0091887544 426.609
0.0091889544 427.409
0.0091891544 427.409
0.0091893544 427.009
0.0091895544 429.008
0.0091897544 431.007
0.0091899544 430.207
0.0091901544 427.009
0.0091903544 426.209
0.0091905544 425.809
0.0091907544 427.009
0.0091909544 427.808
0.0091911544 428.208
0.0091913544 429.807
0.0091915544 426.209
0.0091917544 427.808
0.0091919544 429.807
0.0091921544 431.007
0.0091923544 429.008
0.0091925544 428.208
0.0091927544 428.608
0.0091929544 427.409
0.0091931544 425.809
0.0091933544 428.208
0.0091935544 428.208
0.0091937544 427.009
0.0091939544 426.209
0.0091941544 427.409
0.0091943544 428.608
0.0091945544 427.808
0.0091947544 427.808
0.0091949544 428.208
0.0091951544 427.409
0.0091953544 429.408
0.0091955544 430.207
0.0091957544 424.61
0.0091959544 428.208
0.0091961544 426.209
0.0091963544 427.808
0.0091965544 424.61
0.0091967544 427.409
0.0091969544 429.008
0.0091971544 428.208
0.0091973544 427.409
0.0091975544 429.807
0.0091977544 429.008
0.0091979544 427.808
0.0091981544 428.608
0.0091983544 427.009
0.0091985544 429.408
0.0091987544 427.808
0.0091989544 426.609
0.0091991544 428.208
0.0091993544 428.608
0.0091995544 426.209
0.0091997544 429.008
0.0091999544 429.408
0.0092001544 425.01
0.0092003544 429.807
0.0092005544 427.808
0.0092007544 429.008
0.0092009544 427.808
0.0092011544 427.808
0.0092013544 425.809
0.0092015544 427.009
0.0092017544 429.008
0.0092019544 427.808
0.0092021544 429.408
0.0092023544 432.206
0.0092025544 429.408
0.0092027544 427.808
0.0092029544 430.207
0.0092031544 427.009
0.0092033544 427.808
0.0092035544 426.609
0.0092037544 429.408
0.0092039544 425.809
0.0092041544 426.609
0.0092043544 424.21
0.0092045544 429.807
0.0092047544 427.808
0.0092049544 425.01
0.0092051544 428.208
0.0092053544 426.609
0.0092055544 429.408
0.0092057544 429.008
0.0092059544 427.409
0.0092061544 427.009
0.0092063544 427.009
0.0092065544 427.808
0.0092067544 426.609
0.0092069544 426.209
0.0092071544 429.408
0.0092073544 428.608
0.0092075544 427.409
0.0092077544 428.608
0.0092079544 428.208
0.0092081544 428.608
0.0092083544 424.61
0.0092085544 427.808
0.0092087544 426.609
0.0092089544 428.208
0.0092091544 430.207
0.0092093544 428.608
0.0092095544 427.808
0.0092097544 427.808
0.0092099544 428.208
0.0092101544 427.808
0.0092103544 429.008
0.0092105544 429.408
0.0092107544 426.609
0.0092109544 427.409
0.0092111544 429.807
0.0092113544 429.008
0.0092115544 429.408
0.0092117544 426.209
0.0092119544 428.208
0.0092121544 428.208
0.0092123544 429.008
0.0092125544 428.208
0.0092127544 429.807
0.0092129544 429.807
0.0092131544 427.009
0.0092133544 429.408
0.0092135544 430.607
0.0092137544 428.208
0.0092139544 429.008
0.0092141544 429.807
0.0092143544 427.009
0.0092145544 425.809
0.0092147544 427.409
0.0092149544 431.007
0.0092151544 427.409
0.0092153544 431.007
0.0092155544 430.207
0.0092157544 428.208
0.0092159544 429.008
0.0092161544 429.807
0.0092163544 429.408
0.0092165544 428.208
0.0092167544 426.609
0.0092169544 430.207
0.0092171544 430.607
0.0092173544 430.207
0.0092175544 429.008
0.0092177544 429.807
0.0092179544 429.807
0.0092181544 429.408
0.0092183544 430.207
0.0092185544 432.606
0.0092187544 429.807
0.0092189544 431.807
0.0092191544 426.209
0.0092193544 429.807
0.0092195544 432.206
0.0092197544 429.408
0.0092199544 429.807
0.0092201544 429.408
0.0092203544 428.208
0.0092205544 432.206
0.0092207544 430.207
0.0092209544 430.607
0.0092211544 427.409
0.0092213544 429.408
0.0092215544 430.207
0.0092217544 430.207
0.0092219544 430.207
0.0092221544 429.807
0.0092223544 429.807
0.0092225544 429.807
0.0092227544 431.807
0.0092229544 431.007
0.0092231544 430.207
0.0092233544 431.407
0.0092235544 428.608
0.0092237544 429.807
0.0092239544 430.607
0.0092241544 429.807
0.0092243544 431.807
0.0092245544 428.608
0.0092247544 430.607
0.0092249544 432.606
0.0092251544 429.408
0.0092253544 431.007
0.0092255544 430.207
0.0092257544 430.607
0.0092259544 431.807
0.0092261544 429.807
0.0092263544 429.008
0.0092265544 429.408
0.0092267544 431.407
0.0092269544 431.007
0.0092271544 429.408
0.0092273544 430.207
0.0092275544 430.207
0.0092277544 429.807
0.0092279544 429.807
0.0092281544 433.006
0.0092283544 431.007
0.0092285544 429.408
0.0092287544 428.608
0.0092289544 430.607
0.0092291544 429.807
0.0092293544 433.006
0.0092295544 429.008
0.0092297544 431.407
0.0092299544 433.006
0.0092301544 429.807
0.0092303544 431.007
0.0092305544 433.006
0.0092307544 430.207
0.0092309544 430.207
0.0092311544 429.807
0.0092313544 431.007
0.0092315544 432.606
0.0092317544 429.807
0.0092319544 431.407
0.0092321544 431.807
0.0092323544 430.607
0.0092325544 432.206
0.0092327544 432.206
0.0092329544 430.607
0.0092331544 431.407
0.0092333544 430.207
0.0092335544 429.807
0.0092337544 430.607
0.0092339544 430.207
0.0092341544 432.206
0.0092343544 432.606
0.0092345544 430.607
0.0092347544 429.008
0.0092349544 431.807
0.0092351544 429.408
0.0092353544 428.208
0.0092355544 430.207
0.0092357544 433.006
0.0092359544 431.807
0.0092361544 431.807
0.0092363544 431.007
0.0092365544 432.206
0.0092367544 431.407
0.0092369544 431.407
0.0092371544 431.407
0.0092373544 432.606
0.0092375544 428.608
0.0092377544 429.807
0.0092379544 431.007
0.0092381544 431.807
0.0092383544 432.606
0.0092385544 433.806
0.0092387544 431.007
0.0092389544 430.607
0.0092391544 432.606
0.0092393544 429.807
0.0092395544 429.008
0.0092397544 430.607
0.0092399544 429.807
0.0092401544 430.207
0.0092403544 431.807
0.0092405544 429.807
0.0092407544 434.605
0.0092409544 431.807
0.0092411544 433.006
0.0092413544 430.607
0.0092415544 430.207
0.0092417544 433.406
0.0092419544 433.006
0.0092421544 431.407
0.0092423544 432.606
0.0092425544 431.807
0.0092427544 433.806
0.0092429544 434.205
0.0092431544 428.208
0.0092433544 429.408
0.0092435544 434.205
0.0092437544 433.406
0.0092439544 431.407
0.0092441544 433.006
0.0092443544 434.205
0.0092445544 431.807
0.0092447544 433.006
0.0092449544 433.406
0.0092451544 430.607
0.0092453544 432.206
0.0092455544 431.407
0.0092457544 429.807
0.0092459544 429.807
0.0092461544 434.605
0.0092463544 432.206
0.0092465544 433.006
0.0092467544 430.607
0.0092469544 431.807
0.0092471544 433.006
0.0092473544 431.807
0.0092475544 433.006
0.0092477544 432.206
0.0092479544 431.807
0.0092481544 434.605
0.0092483544 431.407
0.0092485544 431.807
0.0092487544 434.205
0.0092489544 430.207
0.0092491544 432.206
0.0092493544 434.205
0.0092495544 432.606
0.0092497544 434.605
0.0092499544 433.006
0.0092501544 435.405
0.0092503544 432.606
0.0092505544 434.605
0.0092507544 433.006
0.0092509544 434.205
0.0092511544 431.407
0.0092513544 434.205
0.0092515544 433.006
0.0092517544 434.205
0.0092519544 433.406
0.0092521544 432.606
0.0092523544 431.007
0.0092525544 433.006
0.0092527544 434.205
0.0092529544 435.005
0.0092531544 435.005
0.0092533544 431.007
0.0092535544 433.406
0.0092537544 432.206
0.0092539544 434.605
0.0092541544 434.205
0.0092543544 432.606
0.0092545544 433.806
0.0092547544 435.005
0.0092549544 434.605
0.0092551544 433.806
0.0092553544 434.605
0.0092555544 434.205
0.0092557544 432.606
0.0092559544 432.206
0.0092561544 434.205
0.0092563544 433.806
0.0092565544 434.205
0.0092567544 435.805
0.0092569544 435.805
0.0092571544 435.405
0.0092573544 432.606
0.0092575544 435.405
0.0092577544 435.805
0.0092579544 434.205
0.0092581544 432.606
0.0092583544 435.005
0.0092585544 434.205
0.0092587544 437.404
0.0092589544 436.604
0.0092591544 435.405
0.0092593544 435.005
0.0092595544 438.204
0.0092597544 437.404
0.0092599544 436.205
0.0092601544 437.404
0.0092603544 435.005
0.0092605544 435.005
0.0092607544 436.604
0.0092609544 435.005
0.0092611544 435.805
0.0092613544 434.205
0.0092615544 434.205
0.0092617544 435.805
0.0092619544 435.805
0.0092621544 435.005
0.0092623544 435.805
0.0092625544 439.403
0.0092627544 433.806
0.0092629544 438.604
0.0092631544 432.606
0.0092633544 435.005
0.0092635544 439.403
0.0092637544 431.807
0.0092639544 435.805
0.0092641544 435.005
0.0092643544 433.806
0.0092645544 438.204
0.0092647544 435.005
0.0092649544 437.004
0.0092651544 439.003
0.0092653544 438.204
0.0092655544 437.004
0.0092657544 439.403
0.0092659544 435.805
0.0092661544 437.804
0.0092663544 437.004
0.0092665544 436.205
0.0092667544 437.404
0.0092669544 439.403
0.0092671544 435.805
0.0092673544 435.005
0.0092675544 437.804
0.0092677544 441.002
0.0092679544 437.804
0.0092681544 433.806
0.0092683544 439.003
0.0092685544 439.003
0.0092687544 438.604
0.0092689544 437.804
0.0092691544 437.804
0.0092693544 437.404
0.0092695544 438.204
0.0092697544 437.004
0.0092699544 439.003
0.0092701544 435.405
0.0092703544 438.604
0.0092705544 437.404
0.0092707544 437.804
0.0092709544 437.004
0.0092711544 439.803
0.0092713544 440.203
0.0092715544 436.205
0.0092717544 437.004
0.0092719544 440.203
0.0092721544 440.203
0.0092723544 439.803
0.0092725544 439.403
0.0092727544 437.404
0.0092729544 441.002
0.0092731544 439.803
0.0092733544 439.403
0.0092735544 441.402
0.0092737544 442.202
0.0092739544 440.203
0.0092741544 441.802
0.0092743544 438.604
0.0092745544 435.805
0.0092747544 438.204
0.0092749544 441.002
0.0092751544 439.803
0.0092753544 439.003
0.0092755544 441.002
0.0092757544 441.802
0.0092759544 440.603
0.0092761544 441.402
0.0092763544 439.003
0.0092765544 442.202
0.0092767544 441.402
0.0092769544 439.403
0.0092771544 442.602
0.0092773544 441.802
0.0092775544 439.803
0.0092777544 439.403
0.0092779544 439.003
0.0092781544 440.603
0.0092783544 442.602
0.0092785544 442.202
0.0092787544 441.402
0.0092789544 442.202
0.0092791544 441.802
0.0092793544 441.802
0.0092795544 438.204
0.0092797544 437.804
0.0092799544 441.002
0.0092801544 443.401
0.0092803544 443.002
0.0092805544 440.603
0.0092807544 440.203
0.0092809544 439.003
0.0092811544 441.002
0.0092813544 441.802
0.0092815544 443.801
0.0092817544 445.4
0.0092819544 443.401
0.0092821544 441.402
0.0092823544 443.401
0.0092825544 442.202
0.0092827544 440.603
0.0092829544 441.002
0.0092831544 443.401
0.0092833544 444.601
0.0092835544 444.201
0.0092837544 443.801
0.0092839544 443.401
0.0092841544 441.802
0.0092843544 444.201
0.0092845544 443.401
0.0092847544 441.802
0.0092849544 445.8
0.0092851544 444.201
0.0092853544 448.599
0.0092855544 445.8
0.0092857544 443.002
0.0092859544 445.001
0.0092861544 445.8
0.0092863544 443.002
0.0092865544 445.4
0.0092867544 448.199
0.0092869544 445.001
0.0092871544 445.4
0.0092873544 447
0.0092875544 445.8
0.0092877544 445.8
0.0092879544 446.6
0.0092881544 445.4
0.0092883544 442.602
0.0092885544 447
0.0092887544 444.201
0.0092889544 447
0.0092891544 447
0.0092893544 448.199
0.0092895544 447
0.0092897544 447
0.0092899544 445.4
0.0092901544 447.799
0.0092903544 448.599
0.0092905544 448.199
0.0092907544 447.4
0.0092909544 444.601
0.0092911544 446.2
0.0092913544 447
0.0092915544 448.199
0.0092917544 447
0.0092919544 449.399
0.0092921544 445.8
0.0092923544 447.4
0.0092925544 447.799
0.0092927544 446.2
0.0092929544 448.999
0.0092931544 447
0.0092933544 447.4
0.0092935544 445.4
0.0092937544 448.199
0.0092939544 449.399
0.0092941544 448.599
0.0092943544 447
0.0092945544 448.599
0.0092947544 446.6
0.0092949544 449.798
0.0092951544 446.2
0.0092953544 448.199
0.0092955544 448.199
0.0092957544 447.799
0.0092959544 448.199
0.0092961544 447.799
0.0092963544 448.999
0.0092965544 447.799
0.0092967544 449.399
0.0092969544 451.798
0.0092971544 450.598
0.0092973544 447.799
0.0092975544 447.4
0.0092977544 447.4
0.0092979544 449.798
0.0092981544 446.2
0.0092983544 450.998
0.0092985544 447.4
0.0092987544 445.8
0.0092989544 446.6
0.0092991544 448.599
0.0092993544 450.598
0.0092995544 449.798
0.0092997544 450.998
0.0092999544 447.799
0.0093001544 448.999
0.0093003544 450.198
0.0093005544 446.2
0.0093007544 448.999
0.0093009544 451.398
0.0093011544 446.6
0.0093013544 448.999
0.0093015544 450.998
0.0093017544 448.999
0.0093019544 448.599
0.0093021544 451.398
0.0093023544 450.598
0.0093025544 448.599
0.0093027544 448.999
0.0093029544 451.398
0.0093031544 449.798
0.0093033544 450.598
0.0093035544 449.399
0.0093037544 450.998
0.0093039544 449.399
0.0093041544 450.998
0.0093043544 452.997
0.0093045544 452.197
0.0093047544 450.998
0.0093049544 451.798
0.0093051544 451.398
0.0093053544 448.599
0.0093055544 452.197
0.0093057544 450.198
0.0093059544 453.797
0.0093061544 450.198
0.0093063544 452.197
0.0093065544 450.998
0.0093067544 452.197
0.0093069544 449.798
0.0093071544 449.798
0.0093073544 453.397
0.0093075544 450.598
0.0093077544 452.997
0.0093079544 454.596
0.0093081544 452.997
0.0093083544 451.398
0.0093085544 451.798
0.0093087544 452.197
0.0093089544 452.597
0.0093091544 453.797
0.0093093544 452.997
0.0093095544 452.597
0.0093097544 453.397
0.0093099544 450.198
0.0093101544 454.197
0.0093103544 455.396
0.0093105544 455.796
0.0093107544 453.397
0.0093109544 451.798
0.0093111544 452.197
0.0093113544 452.597
0.0093115544 454.197
0.0093117544 453.397
0.0093119544 453.397
0.0093121544 451.798
0.0093123544 454.996
0.0093125544 454.596
0.0093127544 454.197
0.0093129544 454.596
0.0093131544 453.797
0.0093133544 452.997
0.0093135544 454.596
0.0093137544 452.997
0.0093139544 454.996
0.0093141544 452.197
0.0093143544 452.597
0.0093145544 453.797
0.0093147544 451.798
0.0093149544 454.596
0.0093151544 454.996
0.0093153544 456.595
0.0093155544 455.796
0.0093157544 456.595
0.0093159544 456.595
0.0093161544 454.596
0.0093163544 456.595
0.0093165544 457.795
0.0093167544 454.197
0.0093169544 458.195
0.0093171544 457.795
0.0093173544 456.196
0.0093175544 456.595
0.0093177544 460.194
0.0093179544 457.395
0.0093181544 454.996
0.0093183544 456.995
0.0093185544 454.596
0.0093187544 456.196
0.0093189544 456.196
0.0093191544 455.396
0.0093193544 458.195
0.0093195544 454.596
0.0093197544 455.796
0.0093199544 456.595
0.0093201544 456.196
0.0093203544 456.595
0.0093205544 457.395
0.0093207544 458.195
0.0093209544 458.595
0.0093211544 458.595
0.0093213544 457.395
0.0093215544 457.395
0.0093217544 458.595
0.0093219544 453.797
0.0093221544 460.594
0.0093223544 458.595
0.0093225544 458.595
0.0093227544 458.195
0.0093229544 459.394
0.0093231544 456.995
0.0093233544 458.195
0.0093235544 457.795
0.0093237544 458.994
0.0093239544 460.594
0.0093241544 457.795
0.0093243544 459.394
0.0093245544 459.394
0.0093247544 458.195
0.0093249544 459.794
0.0093251544 458.595
0.0093253544 460.993
0.0093255544 458.595
0.0093257544 459.794
0.0093259544 460.594
0.0093261544 459.794
0.0093263544 464.592
0.0093265544 462.593
0.0093267544 461.393
0.0093269544 461.793
0.0093271544 462.193
0.0093273544 461.393
0.0093275544 461.793
0.0093277544 461.393
0.0093279544 460.993
0.0093281544 462.593
0.0093283544 462.593
0.0093285544 460.993
0.0093287544 461.793
0.0093289544 462.993
0.0093291544 461.793
0.0093293544 461.793
0.0093295544 462.593
0.0093297544 461.793
0.0093299544 462.193
0.0093301544 460.194
0.0093303544 465.392
0.0093305544 459.794
0.0093307544 460.594
0.0093309544 465.392
0.0093311544 461.393
0.0093313544 464.192
0.0093315544 459.794
0.0093317544 462.993
0.0093319544 462.993
0.0093321544 462.193
0.0093323544 461.393
0.0093325544 459.394
0.0093327544 463.392
0.0093329544 465.392
0.0093331544 461.793
0.0093333544 464.592
0.0093335544 464.992
0.0093337544 462.993
0.0093339544 463.392
0.0093341544 462.993
0.0093343544 461.393
0.0093345544 464.592
0.0093347544 462.593
0.0093349544 464.192
0.0093351544 464.192
0.0093353544 461.393
0.0093355544 463.392
0.0093357544 463.392
0.0093359544 463.392
0.0093361544 467.79
0.0093363544 464.992
0.0093365544 466.191
0.0093367544 468.19
0.0093369544 466.991
0.0093371544 464.592
0.0093373544 464.992
0.0093375544 464.992
0.0093377544 463.792
0.0093379544 464.592
0.0093381544 466.191
0.0093383544 467.391
0.0093385544 464.992
0.0093387544 466.991
0.0093389544 465.392
0.0093391544 464.192
0.0093393544 464.192
0.0093395544 467.391
0.0093397544 467.79
0.0093399544 467.391
0.0093401544 467.391
0.0093403544 464.992
0.0093405544 467.391
0.0093407544 469.39
0.0093409544 468.59
0.0093411544 466.191
0.0093413544 464.592
0.0093415544 463.792
0.0093417544 466.191
0.0093419544 468.59
0.0093421544 466.191
0.0093423544 467.79
0.0093425544 468.99
0.0093427544 469.39
0.0093429544 468.59
0.0093431544 468.59
0.0093433544 466.991
0.0093435544 466.991
0.0093437544 469.79
0.0093439544 467.391
0.0093441544 465.392
0.0093443544 468.99
0.0093445544 467.391
0.0093447544 467.391
0.0093449544 467.79
0.0093451544 466.991
0.0093453544 468.99
0.0093455544 468.99
0.0093457544 468.19
0.0093459544 470.189
0.0093461544 468.59
0.0093463544 471.389
0.0093465544 468.19
0.0093467544 466.991
0.0093469544 469.39
0.0093471544 468.19
0.0093473544 470.189
0.0093475544 468.19
0.0093477544 469.39
0.0093479544 471.789
0.0093481544 468.19
0.0093483544 469.39
0.0093485544 469.39
0.0093487544 468.19
0.0093489544 468.19
0.0093491544 472.188
0.0093493544 469.79
0.0093495544 468.59
0.0093497544 468.99
0.0093499544 472.188
0.0093501544 468.19
0.0093503544 467.391
0.0093505544 469.39
0.0093507544 470.189
0.0093509544 466.991
0.0093511544 469.79
0.0093513544 469.39
0.0093515544 470.589
0.0093517544 469.79
0.0093519544 469.39
0.0093521544 468.19
0.0093523544 472.988
0.0093525544 468.19
0.0093527544 472.988
0.0093529544 470.189
0.0093531544 470.189
0.0093533544 471.789
0.0093535544 472.988
0.0093537544 469.79
0.0093539544 470.989
0.0093541544 470.989
0.0093543544 471.789
0.0093545544 472.188
0.0093547544 470.189
0.0093549544 470.989
0.0093551544 472.988
0.0093553544 469.39
0.0093555544 473.388
0.0093557544 471.789
0.0093559544 469.79
0.0093561544 472.588
0.0093563544 468.19
0.0093565544 472.188
0.0093567544 468.99
0.0093569544 472.988
0.0093571544 472.588
0.0093573544 471.389
0.0093575544 470.989
0.0093577544 471.389
0.0093579544 472.188
0.0093581544 472.188
0.0093583544 472.588
0.0093585544 472.188
0.0093587544 472.988
0.0093589544 473.388
0.0093591544 472.588
0.0093593544 472.588
0.0093595544 471.789
0.0093597544 473.788
0.0093599544 472.188
0.0093601544 470.989
0.0093603544 472.988
0.0093605544 469.79
0.0093607544 473.388
0.0093609544 472.988
0.0093611544 471.389
0.0093613544 472.188
0.0093615544 472.588
0.0093617544 471.789
0.0093619544 472.588
0.0093621544 472.188
0.0093623544 470.589
0.0093625544 473.388
0.0093627544 474.188
0.0093629544 472.188
0.0093631544 474.587
0.0093633544 473.388
0.0093635544 472.188
0.0093637544 473.788
0.0093639544 473.388
0.0093641544 474.587
0.0093643544 473.388
0.0093645544 470.989
0.0093647544 471.789
0.0093649544 474.587
0.0093651544 472.988
0.0093653544 474.987
0.0093655544 473.788
0.0093657544 472.988
0.0093659544 473.388
0.0093661544 475.387
0.0093663544 474.987
0.0093665544 475.387
0.0093667544 475.787
0.0093669544 472.188
0.0093671544 474.987
0.0093673544 474.987
0.0093675544 475.787
0.0093677544 474.587
0.0093679544 476.187
0.0093681544 473.388
0.0093683544 474.188
0.0093685544 472.988
0.0093687544 475.387
0.0093689544 476.187
0.0093691544 474.987
0.0093693544 476.986
0.0093695544 475.787
0.0093697544 477.386
0.0093699544 477.386
0.0093701544 476.187
0.0093703544 473.788
0.0093705544 473.788
0.0093707544 477.786
0.0093709544 476.586
0.0093711544 476.586
0.0093713544 474.587
0.0093715544 476.187
0.0093717544 474.587
0.0093719544 475.387
0.0093721544 475.787
0.0093723544 476.187
0.0093725544 474.987
0.0093727544 474.587
0.0093729544 476.187
0.0093731544 474.987
0.0093733544 476.187
0.0093735544 477.386
0.0093737544 477.786
0.0093739544 476.586
0.0093741544 474.987
0.0093743544 477.786
0.0093745544 475.787
0.0093747544 475.387
0.0093749544 477.786
0.0093751544 475.787
0.0093753544 478.985
0.0093755544 477.386
0.0093757544 475.787
0.0093759544 476.586
0.0093761544 477.786
0.0093763544 474.987
0.0093765544 474.987
0.0093767544 475.787
0.0093769544 478.985
0.0093771544 479.385
0.0093773544 476.187
0.0093775544 475.387
0.0093777544 478.586
0.0093779544 475.387
0.0093781544 479.785
0.0093783544 478.586
0.0093785544 477.786
0.0093787544 479.385
0.0093789544 476.586
0.0093791544 476.586
0.0093793544 477.386
0.0093795544 477.386
0.0093797544 476.187
0.0093799544 476.187
0.0093801544 476.986
0.0093803544 478.186
0.0093805544 476.986
0.0093807544 478.186
0.0093809544 477.386
0.0093811544 476.586
0.0093813544 478.186
0.0093815544 478.186
0.0093817544 479.385
0.0093819544 477.786
0.0093821544 478.186
0.0093823544 476.187
0.0093825544 478.586
0.0093827544 478.586
0.0093829544 478.186
0.0093831544 479.385
0.0093833544 478.985
0.0093835544 478.985
0.0093837544 477.386
0.0093839544 478.186
0.0093841544 478.186
0.0093843544 478.985
0.0093845544 478.586
0.0093847544 479.785
0.0093849544 478.586
0.0093851544 480.985
0.0093853544 481.784
0.0093855544 479.385
0.0093857544 478.586
0.0093859544 479.785
0.0093861544 478.985
0.0093863544 478.586
0.0093865544 478.985
0.0093867544 480.985
0.0093869544 477.786
0.0093871544 478.985
0.0093873544 477.786
0.0093875544 479.385
0.0093877544 480.585
0.0093879544 478.186
0.0093881544 482.184
0.0093883544 478.586
0.0093885544 478.985
0.0093887544 477.386
0.0093889544 479.385
0.0093891544 478.586
0.0093893544 478.586
0.0093895544 478.985
0.0093897544 482.184
0.0093899544 479.385
0.0093901544 477.786
0.0093903544 477.786
0.0093905544 481.784
0.0093907544 478.586
0.0093909544 481.384
0.0093911544 479.785
0.0093913544 478.186
0.0093915544 476.986
0.0093917544 482.184
0.0093919544 481.784
0.0093921544 481.384
0.0093923544 481.384
0.0093925544 478.985
0.0093927544 476.187
0.0093929544 477.386
0.0093931544 482.984
0.0093933544 478.186
0.0093935544 478.586
0.0093937544 481.384
0.0093939544 480.585
0.0093941544 479.385
0.0093943544 480.585
0.0093945544 477.786
0.0093947544 479.785
0.0093949544 481.784
0.0093951544 481.384
0.0093953544 480.985
0.0093955544 480.985
0.0093957544 480.185
0.0093959544 480.185
0.0093961544 480.185
0.0093963544 480.185
0.0093965544 482.584
0.0093967544 480.585
0.0093969544 481.384
0.0093971544 478.985
0.0093973544 480.985
0.0093975544 483.383
0.0093977544 481.384
0.0093979544 482.584
0.0093981544 477.386
0.0093983544 483.783
0.0093985544 482.584
0.0093987544 482.984
0.0093989544 480.185
0.0093991544 480.585
0.0093993544 482.584
0.0093995544 480.985
0.0093997544 481.784
0.0093999544 479.385
0.0094001544 484.183
0.0094003544 482.984
0.0094005544 478.186
0.0094007544 482.584
0.0094009544 483.783
0.0094011544 478.186
0.0094013544 480.985
0.0094015544 481.784
0.0094017544 481.784
0.0094019544 483.783
0.0094021544 482.184
0.0094023544 482.184
0.0094025544 482.184
0.0094027544 483.783
0.0094029544 484.183
0.0094031544 480.985
0.0094033544 482.184
0.0094035544 482.984
0.0094037544 482.184
0.0094039544 482.184
0.0094041544 481.384
0.0094043544 485.383
0.0094045544 482.184
0.0094047544 483.783
0.0094049544 482.984
0.0094051544 483.783
0.0094053544 482.184
0.0094055544 480.185
0.0094057544 484.583
0.0094059544 480.585
0.0094061544 482.584
0.0094063544 482.584
0.0094065544 484.183
0.0094067544 482.984
0.0094069544 480.985
0.0094071544 479.785
0.0094073544 481.784
0.0094075544 483.783
0.0094077544 482.184
0.0094079544 481.784
0.0094081544 482.984
0.0094083544 480.985
0.0094085544 484.183
0.0094087544 484.583
0.0094089544 482.984
0.0094091544 483.783
0.0094093544 482.984
0.0094095544 481.784
0.0094097544 485.383
0.0094099544 484.983
0.0094101544 486.182
0.0094103544 483.783
0.0094105544 483.783
0.0094107544 482.184
0.0094109544 482.984
0.0094111544 482.584
0.0094113544 484.183
0.0094115544 482.584
0.0094117544 484.583
0.0094119544 483.383
0.0094121544 486.982
0.0094123544 483.783
0.0094125544 482.584
0.0094127544 481.784
0.0094129544 484.183
0.0094131544 484.583
0.0094133544 481.784
0.0094135544 484.183
0.0094137544 484.183
0.0094139544 484.583
0.0094141544 485.782
0.0094143544 484.983
0.0094145544 484.183
0.0094147544 484.583
0.0094149544 482.984
0.0094151544 484.183
0.0094153544 483.383
0.0094155544 484.583
0.0094157544 486.582
0.0094159544 484.183
0.0094161544 483.783
0.0094163544 485.383
0.0094165544 485.383
0.0094167544 485.383
0.0094169544 483.783
0.0094171544 484.583
0.0094173544 483.383
0.0094175544 485.383
0.0094177544 483.383
0.0094179544 486.582
0.0094181544 484.983
0.0094183544 487.382
0.0094185544 482.984
0.0094187544 482.584
0.0094189544 486.982
0.0094191544 485.782
0.0094193544 485.782
0.0094195544 483.783
0.0094197544 484.183
0.0094199544 484.983
0.0094201544 486.982
0.0094203544 486.982
0.0094205544 485.782
0.0094207544 484.583
0.0094209544 486.982
0.0094211544 487.781
0.0094213544 483.383
0.0094215544 487.781
0.0094217544 487.382
0.0094219544 487.382
0.0094221544 486.582
0.0094223544 486.982
0.0094225544 486.982
0.0094227544 483.383
0.0094229544 485.782
0.0094231544 484.183
0.0094233544 484.983
0.0094235544 486.982
0.0094237544 483.383
0.0094239544 485.383
0.0094241544 483.783
0.0094243544 484.983
0.0094245544 486.182
0.0094247544 485.782
0.0094249544 488.981
0.0094251544 482.984
0.0094253544 486.582
0.0094255544 487.382
0.0094257544 486.982
0.0094259544 486.982
0.0094261544 484.583
0.0094263544 484.983
0.0094265544 485.383
0.0094267544 485.782
0.0094269544 488.181
0.0094271544 486.582
0.0094273544 484.583
0.0094275544 487.781
0.0094277544 486.982
0.0094279544 486.982
0.0094281544 486.982
0.0094283544 485.383
0.0094285544 485.383
0.0094287544 487.382
0.0094289544 484.983
0.0094291544 485.782
0.0094293544 486.982
0.0094295544 487.382
0.0094297544 484.583
0.0094299544 486.982
0.0094301544 488.181
0.0094303544 485.782
0.0094305544 484.983
0.0094307544 488.581
0.0094309544 487.382
0.0094311544 483.783
0.0094313544 487.382
0.0094315544 486.182
0.0094317544 487.382
0.0094319544 486.182
0.0094321544 484.183
0.0094323544 485.782
0.0094325544 486.182
0.0094327544 485.782
0.0094329544 484.983
0.0094331544 486.982
0.0094333544 484.983
0.0094335544 488.581
0.0094337544 488.981
0.0094339544 484.983
0.0094341544 487.781
0.0094343544 487.382
0.0094345544 484.983
0.0094347544 487.382
0.0094349544 486.982
0.0094351544 485.782
0.0094353544 487.382
0.0094355544 486.182
0.0094357544 485.383
0.0094359544 487.382
0.0094361544 488.581
0.0094363544 484.983
0.0094365544 489.381
0.0094367544 486.982
0.0094369544 488.181
0.0094371544 486.982
0.0094373544 488.981
0.0094375544 486.982
0.0094377544 486.582
0.0094379544 487.781
0.0094381544 487.382
0.0094383544 488.181
0.0094385544 486.582
0.0094387544 487.382
0.0094389544 486.982
0.0094391544 486.982
0.0094393544 487.382
0.0094395544 489.781
0.0094397544 486.982
0.0094399544 488.981
0.0094401544 488.181
0.0094403544 487.382
0.0094405544 486.182
0.0094407544 487.781
0.0094409544 486.982
0.0094411544 486.182
0.0094413544 487.781
0.0094415544 487.382
0.0094417544 489.381
0.0094419544 485.782
0.0094421544 488.981
0.0094423544 484.983
0.0094425544 487.382
0.0094427544 488.981
0.0094429544 486.582
0.0094431544 486.582
0.0094433544 487.781
0.0094435544 486.982
0.0094437544 491.38
0.0094439544 488.181
0.0094441544 488.181
0.0094443544 489.781
0.0094445544 489.381
0.0094447544 488.981
0.0094449544 489.781
0.0094451544 489.781
0.0094453544 488.581
0.0094455544 487.781
0.0094457544 490.98
0.0094459544 489.381
0.0094461544 486.982
0.0094463544 488.981
0.0094465544 486.982
0.0094467544 484.983
0.0094469544 488.581
0.0094471544 488.981
0.0094473544 488.181
0.0094475544 487.781
0.0094477544 489.781
0.0094479544 489.381
0.0094481544 490.18
0.0094483544 486.982
0.0094485544 488.581
0.0094487544 488.181
0.0094489544 489.781
0.0094491544 487.382
0.0094493544 491.78
0.0094495544 489.781
0.0094497544 488.581
0.0094499544 488.581
0.0094501544 488.581
0.0094503544 488.981
0.0094505544 488.581
0.0094507544 487.781
0.0094509544 488.581
0.0094511544 486.982
0.0094513544 488.181
0.0094515544 491.38
0.0094517544 487.382
0.0094519544 488.981
0.0094521544 486.982
0.0094523544 488.981
0.0094525544 487.382
0.0094527544 488.981
0.0094529544 487.781
0.0094531544 487.382
0.0094533544 488.581
0.0094535544 488.581
0.0094537544 488.581
0.0094539544 488.181
0.0094541544 488.981
0.0094543544 489.781
0.0094545544 488.581
0.0094547544 488.181
0.0094549544 487.382
0.0094551544 488.981
0.0094553544 488.181
0.0094555544 487.382
0.0094557544 489.381
0.0094559544 488.181
0.0094561544 491.78
0.0094563544 487.382
0.0094565544 486.182
0.0094567544 488.581
0.0094569544 488.581
0.0094571544 487.781
0.0094573544 487.781
0.0094575544 489.781
0.0094577544 488.181
0.0094579544 490.18
0.0094581544 487.382
0.0094583544 488.181
0.0094585544 488.581
0.0094587544 490.18
0.0094589544 489.781
0.0094591544 488.981
0.0094593544 490.18
0.0094595544 487.382
0.0094597544 488.581
0.0094599544 488.181
0.0094601544 490.18
0.0094603544 489.781
0.0094605544 488.181
0.0094607544 488.981
0.0094609544 490.18
0.0094611544 487.382
0.0094613544 487.781
0.0094615544 490.58
0.0094617544 487.781
0.0094619544 488.581
0.0094621544 491.38
0.0094623544 487.781
0.0094625544 487.781
0.0094627544 488.181
0.0094629544 487.382
0.0094631544 490.18
0.0094633544 488.581
0.0094635544 488.981
0.0094637544 487.781
0.0094639544 491.38
0.0094641544 486.582
0.0094643544 487.382
0.0094645544 486.582
0.0094647544 488.981
0.0094649544 488.981
0.0094651544 486.582
0.0094653544 488.581
0.0094655544 485.383
0.0094657544 486.582
0.0094659544 489.381
0.0094661544 489.781
0.0094663544 487.382
0.0094665544 488.181
0.0094667544 486.182
0.0094669544 486.582
0.0094671544 488.581
0.0094673544 488.981
0.0094675544 487.781
0.0094677544 486.982
0.0094679544 487.382
0.0094681544 487.781
0.0094683544 486.582
0.0094685544 490.58
0.0094687544 488.581
0.0094689544 488.581
0.0094691544 487.781
0.0094693544 489.781
0.0094695544 488.581
0.0094697544 487.382
0.0094699544 489.781
0.0094701544 487.781
0.0094703544 487.382
0.0094705544 489.381
0.0094707544 487.382
0.0094709544 488.581
0.0094711544 488.181
0.0094713544 488.581
0.0094715544 489.781
0.0094717544 487.382
0.0094719544 487.781
0.0094721544 488.581
0.0094723544 489.781
0.0094725544 488.581
0.0094727544 488.181
0.0094729544 488.181
0.0094731544 485.383
0.0094733544 489.381
0.0094735544 492.979
0.0094737544 486.582
0.0094739544 487.382
0.0094741544 486.182
0.0094743544 488.581
0.0094745544 486.182
0.0094747544 487.781
0.0094749544 486.582
0.0094751544 490.58
0.0094753544 486.982
0.0094755544 489.381
0.0094757544 488.581
0.0094759544 488.181
0.0094761544 487.781
0.0094763544 486.982
0.0094765544 488.581
0.0094767544 487.781
0.0094769544 488.581
0.0094771544 488.181
0.0094773544 488.981
0.0094775544 488.581
0.0094777544 488.581
0.0094779544 488.981
0.0094781544 487.382
0.0094783544 488.181
0.0094785544 487.382
0.0094787544 488.981
0.0094789544 488.581
0.0094791544 487.382
0.0094793544 488.981
0.0094795544 486.982
0.0094797544 487.382
0.0094799544 488.981
0.0094801544 491.38
0.0094803544 488.581
0.0094805544 488.981
0.0094807544 489.781
0.0094809544 490.18
0.0094811544 488.581
0.0094813544 489.781
0.0094815544 488.981
0.0094817544 489.781
0.0094819544 490.58
0.0094821544 489.381
0.0094823544 491.38
0.0094825544 490.58
0.0094827544 488.581
0.0094829544 488.981
0.0094831544 487.382
0.0094833544 490.18
0.0094835544 490.18
0.0094837544 490.98
0.0094839544 487.382
0.0094841544 489.381
0.0094843544 490.18
0.0094845544 487.382
0.0094847544 488.981
0.0094849544 490.18
0.0094851544 492.18
0.0094853544 488.581
0.0094855544 490.18
0.0094857544 490.18
0.0094859544 490.98
0.0094861544 487.781
0.0094863544 487.781
0.0094865544 488.981
0.0094867544 488.181
0.0094869544 489.381
0.0094871544 490.58
0.0094873544 490.58
0.0094875544 492.18
0.0094877544 490.58
0.0094879544 489.381
0.0094881544 489.781
0.0094883544 488.181
0.0094885544 487.382
0.0094887544 490.18
0.0094889544 486.982
0.0094891544 489.381
0.0094893544 489.381
0.0094895544 489.781
0.0094897544 490.58
0.0094899544 491.78
0.0094901544 490.18
0.0094903544 490.58
0.0094905544 490.98
0.0094907544 490.58
0.0094909544 489.381
0.0094911544 491.38
0.0094913544 490.98
0.0094915544 487.781
0.0094917544 490.18
0.0094919544 490.18
0.0094921544 490.18
0.0094923544 490.58
0.0094925544 491.78
0.0094927544 489.781
0.0094929544 491.38
0.0094931544 489.381
0.0094933544 489.381
0.0094935544 488.981
0.0094937544 488.981
0.0094939544 491.38
0.0094941544 489.381
0.0094943544 489.781
0.0094945544 490.58
0.0094947544 489.781
0.0094949544 490.58
0.0094951544 489.381
0.0094953544 488.981
0.0094955544 490.58
0.0094957544 492.979
0.0094959544 491.78
0.0094961544 491.78
0.0094963544 488.581
0.0094965544 490.58
0.0094967544 488.581
0.0094969544 491.78
0.0094971544 491.38
0.0094973544 490.58
0.0094975544 493.379
0.0094977544 493.379
0.0094979544 491.78
0.0094981544 490.58
0.0094983544 491.38
0.0094985544 491.38
0.0094987544 491.38
0.0094989544 491.78
0.0094991544 492.18
0.0094993544 493.379
0.0094995544 489.381
0.0094997544 492.18
0.0094999544 489.781
0.0095001544 491.78
0.0095003544 491.78
0.0095005544 492.579
0.0095007544 492.579
0.0095009544 490.18
0.0095011544 492.579
0.0095013544 490.58
0.0095015544 490.98
0.0095017544 489.781
0.0095019544 490.58
0.0095021544 493.379
0.0095023544 491.38
0.0095025544 489.781
0.0095027544 491.78
0.0095029544 491.38
0.0095031544 490.18
0.0095033544 492.979
0.0095035544 491.38
0.0095037544 491.78
0.0095039544 493.379
0.0095041544 492.979
0.0095043544 492.979
0.0095045544 490.98
0.0095047544 492.18
0.0095049544 490.18
0.0095051544 491.78
0.0095053544 493.379
0.0095055544 493.379
0.0095057544 490.58
0.0095059544 490.58
0.0095061544 490.18
0.0095063544 489.781
0.0095065544 490.58
0.0095067544 489.381
0.0095069544 491.78
0.0095071544 492.18
0.0095073544 490.18
0.0095075544 490.18
0.0095077544 492.18
0.0095079544 491.78
0.0095081544 490.58
0.0095083544 490.58
0.0095085544 490.18
0.0095087544 494.978
0.0095089544 492.579
0.0095091544 492.979
0.0095093544 490.58
0.0095095544 491.38
0.0095097544 492.579
0.0095099544 493.379
0.0095101544 491.78
0.0095103544 492.18
0.0095105544 488.981
0.0095107544 492.18
0.0095109544 490.58
0.0095111544 491.78
0.0095113544 490.58
0.0095115544 491.78
0.0095117544 492.979
0.0095119544 491.78
0.0095121544 494.978
0.0095123544 490.58
0.0095125544 490.18
0.0095127544 490.58
0.0095129544 490.58
0.0095131544 492.18
0.0095133544 493.379
0.0095135544 491.78
0.0095137544 490.58
0.0095139544 489.781
0.0095141544 490.18
0.0095143544 492.979
0.0095145544 489.781
0.0095147544 490.58
0.0095149544 490.18
0.0095151544 490.58
0.0095153544 490.18
0.0095155544 492.18
0.0095157544 491.78
0.0095159544 491.78
0.0095161544 488.981
0.0095163544 493.379
0.0095165544 490.98
0.0095167544 492.18
0.0095169544 490.18
0.0095171544 491.78
0.0095173544 494.179
0.0095175544 491.38
0.0095177544 489.381
0.0095179544 491.78
0.0095181544 490.18
0.0095183544 488.581
0.0095185544 490.58
0.0095187544 494.179
0.0095189544 492.579
0.0095191544 490.58
0.0095193544 493.379
0.0095195544 490.58
0.0095197544 490.98
0.0095199544 491.78
0.0095201544 490.58
0.0095203544 489.381
0.0095205544 492.18
0.0095207544 490.98
0.0095209544 489.781
0.0095211544 493.379
0.0095213544 490.58
0.0095215544 492.18
0.0095217544 490.98
0.0095219544 494.578
0.0095221544 492.18
0.0095223544 493.779
0.0095225544 490.98
0.0095227544 489.381
0.0095229544 492.18
0.0095231544 492.18
0.0095233544 490.98
0.0095235544 490.18
0.0095237544 492.18
0.0095239544 491.38
0.0095241544 491.78
0.0095243544 490.18
0.0095245544 488.581
0.0095247544 491.38
0.0095249544 490.58
0.0095251544 493.379
0.0095253544 490.98
0.0095255544 492.18
0.0095257544 492.18
0.0095259544 491.38
0.0095261544 490.58
0.0095263544 491.38
0.0095265544 490.18
0.0095267544 492.979
0.0095269544 490.98
0.0095271544 495.378
0.0095273544 494.978
0.0095275544 494.179
0.0095277544 492.579
0.0095279544 492.579
0.0095281544 495.378
0.0095283544 492.18
0.0095285544 491.38
0.0095287544 493.779
0.0095289544 492.579
0.0095291544 492.579
0.0095293544 490.58
0.0095295544 493.379
0.0095297544 492.18
0.0095299544 492.579
0.0095301544 491.38
0.0095303544 493.379
0.0095305544 493.379
0.0095307544 492.18
0.0095309544 493.379
0.0095311544 489.781
0.0095313544 493.779
0.0095315544 491.78
0.0095317544 492.18
0.0095319544 491.38
0.0095321544 492.18
0.0095323544 495.378
0.0095325544 492.979
0.0095327544 492.18
0.0095329544 494.578
0.0095331544 493.379
0.0095333544 492.579
0.0095335544 492.979
0.0095337544 491.38
0.0095339544 492.979
0.0095341544 492.579
0.0095343544 492.18
0.0095345544 492.579
0.0095347544 491.38
0.0095349544 494.578
0.0095351544 492.579
0.0095353544 491.78
0.0095355544 493.779
0.0095357544 492.18
0.0095359544 492.18
0.0095361544 491.78
0.0095363544 491.78
0.0095365544 490.58
0.0095367544 491.38
0.0095369544 492.979
0.0095371544 490.58
0.0095373544 493.379
0.0095375544 491.38
0.0095377544 491.38
0.0095379544 490.58
0.0095381544 492.18
0.0095383544 491.38
0.0095385544 490.58
0.0095387544 493.379
0.0095389544 492.18
0.0095391544 492.18
0.0095393544 492.18
0.0095395544 495.378
0.0095397544 491.38
0.0095399544 490.18
0.0095401544 491.38
0.0095403544 494.978
0.0095405544 490.18
0.0095407544 491.38
0.0095409544 490.98
0.0095411544 494.179
0.0095413544 492.579
0.0095415544 495.378
0.0095417544 490.98
0.0095419544 492.579
0.0095421544 492.579
0.0095423544 491.38
0.0095425544 492.18
0.0095427544 491.38
0.0095429544 491.38
0.0095431544 488.181
0.0095433544 492.579
0.0095435544 491.78
0.0095437544 492.18
0.0095439544 493.379
0.0095441544 492.579
0.0095443544 492.979
0.0095445544 492.579
0.0095447544 492.579
0.0095449544 495.778
0.0095451544 492.18
0.0095453544 492.18
0.0095455544 490.98
0.0095457544 493.779
0.0095459544 489.781
0.0095461544 492.579
0.0095463544 492.18
0.0095465544 491.78
0.0095467544 491.38
0.0095469544 493.379
0.0095471544 494.978
0.0095473544 493.379
0.0095475544 490.98
0.0095477544 491.38
0.0095479544 491.78
0.0095481544 490.58
0.0095483544 490.18
0.0095485544 493.379
0.0095487544 493.379
0.0095489544 491.38
0.0095491544 493.379
0.0095493544 494.179
0.0095495544 489.781
0.0095497544 493.379
0.0095499544 490.98
0.0095501544 491.78
0.0095503544 493.379
0.0095505544 491.78
0.0095507544 489.381
0.0095509544 492.579
0.0095511544 492.579
0.0095513544 494.179
0.0095515544 492.979
0.0095517544 492.579
0.0095519544 492.579
0.0095521544 491.38
0.0095523544 490.18
0.0095525544 491.78
0.0095527544 490.58
0.0095529544 490.98
0.0095531544 490.98
0.0095533544 489.781
0.0095535544 492.579
0.0095537544 491.78
0.0095539544 491.38
0.0095541544 490.98
0.0095543544 489.781
0.0095545544 492.579
0.0095547544 493.379
0.0095549544 492.579
0.0095551544 490.98
0.0095553544 492.979
0.0095555544 491.78
0.0095557544 492.18
0.0095559544 491.38
0.0095561544 492.579
0.0095563544 492.18
0.0095565544 493.379
0.0095567544 494.179
0.0095569544 491.78
0.0095571544 491.78
0.0095573544 494.578
0.0095575544 492.18
0.0095577544 493.379
0.0095579544 491.78
0.0095581544 491.78
0.0095583544 492.579
0.0095585544 490.58
0.0095587544 492.579
0.0095589544 490.18
0.0095591544 490.98
0.0095593544 492.18
0.0095595544 492.18
0.0095597544 491.78
0.0095599544 492.979
0.0095601544 492.18
0.0095603544 490.18
0.0095605544 492.979
0.0095607544 490.58
0.0095609544 491.78
0.0095611544 490.98
0.0095613544 494.179
0.0095615544 492.18
0.0095617544 492.579
0.0095619544 492.579
0.0095621544 488.981
0.0095623544 490.98
0.0095625544 490.98
0.0095627544 492.579
0.0095629544 494.179
0.0095631544 492.18
0.0095633544 491.38
0.0095635544 496.578
0.0095637544 496.178
0.0095639544 492.579
0.0095641544 491.78
0.0095643544 493.379
0.0095645544 495.378
0.0095647544 492.979
0.0095649544 493.379
0.0095651544 495.378
0.0095653544 493.379
0.0095655544 490.98
0.0095657544 491.78
0.0095659544 492.979
0.0095661544 492.18
0.0095663544 492.18
0.0095665544 492.18
0.0095667544 491.78
0.0095669544 493.779
0.0095671544 493.779
0.0095673544 494.978
0.0095675544 495.378
0.0095677544 492.18
0.0095679544 492.979
0.0095681544 492.579
0.0095683544 497.377
0.0095685544 493.779
0.0095687544 491.78
0.0095689544 494.179
0.0095691544 493.379
0.0095693544 492.579
0.0095695544 493.379
0.0095697544 491.38
0.0095699544 492.579
0.0095701544 493.379
0.0095703544 494.978
0.0095705544 492.979
0.0095707544 492.979
0.0095709544 494.978
0.0095711544 496.178
0.0095713544 492.18
0.0095715544 493.379
0.0095717544 496.977
0.0095719544 490.98
0.0095721544 493.779
0.0095723544 495.378
0.0095725544 492.18
0.0095727544 495.378
0.0095729544 492.979
0.0095731544 493.379
0.0095733544 495.778
0.0095735544 494.978
0.0095737544 493.379
0.0095739544 495.378
0.0095741544 493.779
0.0095743544 496.178
0.0095745544 492.979
0.0095747544 494.179
0.0095749544 493.379
0.0095751544 494.978
0.0095753544 493.779
0.0095755544 493.779
0.0095757544 493.779
0.0095759544 492.18
0.0095761544 494.179
0.0095763544 496.578
0.0095765544 494.179
0.0095767544 495.378
0.0095769544 495.378
0.0095771544 493.379
0.0095773544 493.379
0.0095775544 495.378
0.0095777544 497.777
0.0095779544 495.378
0.0095781544 495.378
0.0095783544 496.977
0.0095785544 497.777
0.0095787544 493.379
0.0095789544 492.579
0.0095791544 495.378
0.0095793544 495.778
0.0095795544 493.779
0.0095797544 492.18
0.0095799544 496.178
0.0095801544 495.778
0.0095803544 495.778
0.0095805544 494.978
0.0095807544 496.578
0.0095809544 494.179
0.0095811544 495.778
0.0095813544 494.978
0.0095815544 495.378
0.0095817544 498.976
0.0095819544 496.578
0.0095821544 494.978
0.0095823544 495.378
0.0095825544 494.179
0.0095827544 494.578
0.0095829544 493.779
0.0095831544 497.777
0.0095833544 494.179
0.0095835544 494.978
0.0095837544 495.778
0.0095839544 496.578
0.0095841544 498.577
0.0095843544 493.779
0.0095845544 496.578
0.0095847544 495.378
0.0095849544 496.578
0.0095851544 494.179
0.0095853544 495.778
0.0095855544 498.577
0.0095857544 494.578
0.0095859544 497.377
0.0095861544 494.978
0.0095863544 494.978
0.0095865544 498.577
0.0095867544 497.777
0.0095869544 493.379
0.0095871544 494.978
0.0095873544 497.777
0.0095875544 497.377
0.0095877544 499.376
0.0095879544 494.179
0.0095881544 493.779
0.0095883544 496.578
0.0095885544 497.777
0.0095887544 496.977
0.0095889544 497.777
0.0095891544 497.777
0.0095893544 498.177
0.0095895544 497.377
0.0095897544 494.578
0.0095899544 495.378
0.0095901544 495.778
0.0095903544 496.977
0.0095905544 499.776
0.0095907544 497.377
0.0095909544 493.379
0.0095911544 497.777
0.0095913544 499.776
0.0095915544 498.976
0.0095917544 496.578
0.0095919544 496.977
0.0095921544 496.977
0.0095923544 496.578
0.0095925544 496.578
0.0095927544 497.777
0.0095929544 495.778
0.0095931544 498.976
0.0095933544 496.178
0.0095935544 499.776
0.0095937544 493.379
0.0095939544 497.377
0.0095941544 494.578
0.0095943544 496.178
0.0095945544 497.777
0.0095947544 495.778
0.0095949544 497.377
0.0095951544 498.577
0.0095953544 500.576
0.0095955544 498.577
0.0095957544 496.977
0.0095959544 498.177
0.0095961544 495.778
0.0095963544 497.377
0.0095965544 496.578
0.0095967544 494.578
0.0095969544 495.378
0.0095971544 496.178
0.0095973544 494.179
0.0095975544 494.978
0.0095977544 496.178
0.0095979544 498.976
0.0095981544 498.976
0.0095983544 496.578
0.0095985544 497.777
0.0095987544 498.177
0.0095989544 494.578
0.0095991544 495.778
0.0095993544 497.377
0.0095995544 495.378
0.0095997544 494.578
0.0095999544 498.177
0.0096001544 495.378
0.0096003544 497.377
0.0096005544 495.778
0.0096007544 497.777
0.0096009544 495.378
0.0096011544 496.977
0.0096013544 496.977
0.0096015544 501.375
0.0096017544 498.976
0.0096019544 496.178
0.0096021544 498.577
0.0096023544 495.378
0.0096025544 498.976
0.0096027544 496.977
0.0096029544 494.578
0.0096031544 498.577
0.0096033544 494.978
0.0096035544 495.778
0.0096037544 498.177
0.0096039544 499.776
0.0096041544 496.977
0.0096043544 496.178
0.0096045544 496.977
0.0096047544 497.377
0.0096049544 494.978
0.0096051544 495.378
0.0096053544 498.177
0.0096055544 496.578
0.0096057544 498.577
0.0096059544 494.978
0.0096061544 491.38
0.0096063544 497.777
0.0096065544 496.178
0.0096067544 499.776
0.0096069544 497.777
0.0096071544 498.177
0.0096073544 495.778
0.0096075544 496.178
0.0096077544 499.376
0.0096079544 498.976
0.0096081544 497.377
0.0096083544 495.778
0.0096085544 496.178
0.0096087544 498.177
0.0096089544 496.977
0.0096091544 497.377
0.0096093544 495.378
0.0096095544 495.378
0.0096097544 498.976
0.0096099544 499.776
0.0096101544 496.977
0.0096103544 497.377
0.0096105544 499.376
0.0096107544 496.977
0.0096109544 498.976
0.0096111544 498.177
0.0096113544 494.578
0.0096115544 497.777
0.0096117544 496.578
0.0096119544 496.977
0.0096121544 498.577
0.0096123544 498.177
0.0096125544 500.576
0.0096127544 495.378
0.0096129544 498.177
0.0096131544 496.977
0.0096133544 496.977
0.0096135544 498.577
0.0096137544 496.977
0.0096139544 494.578
0.0096141544 499.376
0.0096143544 500.176
0.0096145544 496.578
0.0096147544 499.376
0.0096149544 499.376
0.0096151544 499.776
0.0096153544 496.178
0.0096155544 498.976
0.0096157544 498.577
0.0096159544 498.577
0.0096161544 495.778
0.0096163544 500.176
0.0096165544 498.577
0.0096167544 500.176
0.0096169544 498.577
0.0096171544 496.578
0.0096173544 499.376
0.0096175544 499.776
0.0096177544 500.976
0.0096179544 497.777
0.0096181544 498.976
0.0096183544 498.976
0.0096185544 498.577
0.0096187544 500.176
0.0096189544 501.375
0.0096191544 501.375
0.0096193544 500.576
0.0096195544 500.576
0.0096197544 501.375
0.0096199544 500.176
0.0096201544 498.177
0.0096203544 497.377
0.0096205544 498.577
0.0096207544 498.577
0.0096209544 502.175
0.0096211544 497.777
0.0096213544 499.376
0.0096215544 498.177
0.0096217544 500.576
0.0096219544 496.977
0.0096221544 498.577
0.0096223544 501.775
0.0096225544 499.376
0.0096227544 501.375
0.0096229544 499.376
0.0096231544 498.177
0.0096233544 500.176
0.0096235544 498.577
0.0096237544 502.575
0.0096239544 499.376
0.0096241544 502.175
0.0096243544 499.776
0.0096245544 498.577
0.0096247544 501.375
0.0096249544 501.775
0.0096251544 500.976
0.0096253544 498.976
0.0096255544 498.177
0.0096257544 501.375
0.0096259544 499.376
0.0096261544 499.776
0.0096263544 500.976
0.0096265544 500.976
0.0096267544 501.775
0.0096269544 497.377
0.0096271544 500.576
0.0096273544 498.577
0.0096275544 499.776
0.0096277544 500.176
0.0096279544 500.976
0.0096281544 498.577
0.0096283544 497.377
0.0096285544 496.977
0.0096287544 500.976
0.0096289544 499.776
0.0096291544 500.976
0.0096293544 501.375
0.0096295544 499.776
0.0096297544 499.776
0.0096299544 500.976
0.0096301544 498.577
0.0096303544 500.976
0.0096305544 498.976
0.0096307544 500.176
0.0096309544 500.576
0.0096311544 499.376
0.0096313544 500.176
0.0096315544 497.377
0.0096317544 497.377
0.0096319544 498.177
0.0096321544 500.176
0.0096323544 499.776
0.0096325544 500.576
0.0096327544 501.375
0.0096329544 501.375
0.0096331544 498.577
0.0096333544 498.577
0.0096335544 499.776
0.0096337544 501.375
0.0096339544 500.576
0.0096341544 499.376
0.0096343544 500.976
0.0096345544 496.977
0.0096347544 502.175
0.0096349544 500.176
0.0096351544 500.576
0.0096353544 499.776
0.0096355544 500.176
0.0096357544 498.177
0.0096359544 496.977
0.0096361544 500.576
0.0096363544 501.775
0.0096365544 498.177
0.0096367544 500.576
0.0096369544 496.578
0.0096371544 500.576
0.0096373544 501.775
0.0096375544 498.976
0.0096377544 502.575
0.0096379544 499.776
0.0096381544 498.177
0.0096383544 498.976
0.0096385544 499.376
0.0096387544 500.976
0.0096389544 501.775
0.0096391544 499.776
0.0096393544 500.576
0.0096395544 500.576
0.0096397544 500.176
0.0096399544 503.374
0.0096401544 499.776
0.0096403544 497.377
0.0096405544 499.376
0.0096407544 502.175
0.0096409544 500.976
0.0096411544 500.176
0.0096413544 501.375
0.0096415544 498.177
0.0096417544 500.976
0.0096419544 501.375
0.0096421544 498.976
0.0096423544 498.976
0.0096425544 498.976
0.0096427544 500.976
0.0096429544 499.776
0.0096431544 500.576
0.0096433544 498.577
0.0096435544 500.176
0.0096437544 499.776
0.0096439544 499.776
0.0096441544 500.576
0.0096443544 498.177
0.0096445544 501.775
0.0096447544 498.577
0.0096449544 502.975
0.0096451544 501.775
0.0096453544 500.576
0.0096455544 501.775
0.0096457544 500.176
0.0096459544 499.776
0.0096461544 500.176
0.0096463544 498.177
0.0096465544 500.576
0.0096467544 500.176
0.0096469544 498.976
0.0096471544 500.576
0.0096473544 502.975
0.0096475544 502.575
0.0096477544 500.176
0.0096479544 501.375
0.0096481544 502.175
0.0096483544 501.775
0.0096485544 501.375
0.0096487544 500.976
0.0096489544 501.775
0.0096491544 502.575
0.0096493544 500.176
0.0096495544 502.975
0.0096497544 500.576
0.0096499544 502.575
0.0096501544 500.976
0.0096503544 501.775
0.0096505544 500.976
0.0096507544 500.976
0.0096509544 503.374
0.0096511544 500.176
0.0096513544 500.976
0.0096515544 500.976
0.0096517544 501.375
0.0096519544 500.176
0.0096521544 500.976
0.0096523544 499.776
0.0096525544 502.175
0.0096527544 501.775
0.0096529544 501.775
0.0096531544 501.775
0.0096533544 501.375
0.0096535544 501.375
0.0096537544 501.775
0.0096539544 500.176
0.0096541544 502.575
0.0096543544 501.775
0.0096545544 498.976
0.0096547544 504.574
0.0096549544 504.974
0.0096551544 501.375
0.0096553544 500.976
0.0096555544 505.374
0.0096557544 500.576
0.0096559544 501.775
0.0096561544 501.375
0.0096563544 502.175
0.0096565544 502.175
0.0096567544 502.575
0.0096569544 501.775
0.0096571544 502.575
0.0096573544 502.175
0.0096575544 502.975
0.0096577544 501.775
0.0096579544 503.374
0.0096581544 502.175
0.0096583544 500.976
0.0096585544 502.575
0.0096587544 502.175
0.0096589544 502.175
0.0096591544 500.176
0.0096593544 502.175
0.0096595544 501.775
0.0096597544 500.176
0.0096599544 503.374
0.0096601544 502.175
0.0096603544 504.174
0.0096605544 502.575
0.0096607544 501.375
0.0096609544 501.775
0.0096611544 504.574
0.0096613544 501.375
0.0096615544 501.375
0.0096617544 500.576
0.0096619544 502.575
0.0096621544 502.975
0.0096623544 501.775
0.0096625544 502.175
0.0096627544 504.574
0.0096629544 502.175
0.0096631544 501.775
0.0096633544 501.775
0.0096635544 505.773
0.0096637544 501.375
0.0096639544 503.774
0.0096641544 502.975
0.0096643544 498.976
0.0096645544 502.175
0.0096647544 502.975
0.0096649544 501.375
0.0096651544 500.576
0.0096653544 500.576
0.0096655544 502.175
0.0096657544 502.975
0.0096659544 500.976
0.0096661544 504.174
0.0096663544 502.575
0.0096665544 500.976
0.0096667544 501.775
0.0096669544 502.175
0.0096671544 501.775
0.0096673544 500.176
0.0096675544 499.376
0.0096677544 502.575
0.0096679544 501.375
0.0096681544 501.775
0.0096683544 500.976
0.0096685544 500.976
0.0096687544 501.775
0.0096689544 501.375
0.0096691544 499.776
0.0096693544 500.176
0.0096695544 503.374
0.0096697544 500.976
0.0096699544 501.775
0.0096701544 499.376
0.0096703544 500.976
0.0096705544 501.775
0.0096707544 502.975
0.0096709544 501.375
0.0096711544 501.375
0.0096713544 500.976
0.0096715544 503.374
0.0096717544 502.575
0.0096719544 499.776
0.0096721544 502.175
0.0096723544 498.177
0.0096725544 500.576
0.0096727544 500.176
0.0096729544 501.375
0.0096731544 500.176
0.0096733544 503.374
0.0096735544 500.976
0.0096737544 501.775
0.0096739544 498.976
0.0096741544 499.776
0.0096743544 500.576
0.0096745544 498.976
0.0096747544 501.775
0.0096749544 501.375
0.0096751544 502.175
0.0096753544 501.375
0.0096755544 502.575
0.0096757544 501.375
0.0096759544 501.775
0.0096761544 500.976
0.0096763544 501.375
0.0096765544 500.176
0.0096767544 500.976
0.0096769544 501.775
0.0096771544 501.775
0.0096773544 500.176
0.0096775544 501.375
0.0096777544 501.375
0.0096779544 501.775
0.0096781544 502.975
0.0096783544 500.176
0.0096785544 503.774
0.0096787544 499.376
0.0096789544 496.578
0.0096791544 500.576
0.0096793544 500.576
0.0096795544 499.776
0.0096797544 499.776
0.0096799544 502.175
0.0096801544 498.976
0.0096803544 501.375
0.0096805544 499.376
0.0096807544 502.175
0.0096809544 500.576
0.0096811544 502.175
0.0096813544 498.976
0.0096815544 501.775
0.0096817544 502.575
0.0096819544 500.976
0.0096821544 503.374
0.0096823544 500.176
0.0096825544 499.376
0.0096827544 498.976
0.0096829544 503.374
0.0096831544 498.577
0.0096833544 500.576
0.0096835544 500.576
0.0096837544 501.375
0.0096839544 499.776
0.0096841544 502.175
0.0096843544 499.776
0.0096845544 500.576
0.0096847544 499.376
0.0096849544 500.176
0.0096851544 500.576
0.0096853544 503.374
0.0096855544 501.375
0.0096857544 501.375
0.0096859544 501.375
0.0096861544 501.775
0.0096863544 502.575
0.0096865544 503.374
0.0096867544 502.175
0.0096869544 500.176
0.0096871544 499.776
0.0096873544 501.775
0.0096875544 501.375
0.0096877544 502.975
0.0096879544 504.574
0.0096881544 500.176
0.0096883544 502.175
0.0096885544 502.975
0.0096887544 501.775
0.0096889544 502.175
0.0096891544 503.374
0.0096893544 503.774
0.0096895544 502.175
0.0096897544 502.175
0.0096899544 501.775
0.0096901544 501.775
0.0096903544 504.974
0.0096905544 503.374
0.0096907544 502.175
0.0096909544 504.574
0.0096911544 501.375
0.0096913544 500.576
0.0096915544 503.774
0.0096917544 504.574
0.0096919544 500.576
0.0096921544 503.774
0.0096923544 502.175
0.0096925544 502.975
0.0096927544 502.975
0.0096929544 501.775
0.0096931544 502.175
0.0096933544 501.375
0.0096935544 503.374
0.0096937544 505.374
0.0096939544 504.174
0.0096941544 503.774
0.0096943544 502.975
0.0096945544 503.374
0.0096947544 504.974
0.0096949544 501.775
0.0096951544 502.175
0.0096953544 502.575
0.0096955544 502.175
0.0096957544 502.575
0.0096959544 502.575
0.0096961544 502.975
0.0096963544 504.974
0.0096965544 508.172
0.0096967544 505.374
0.0096969544 505.773
0.0096971544 504.174
0.0096973544 504.574
0.0096975544 505.374
0.0096977544 504.174
0.0096979544 503.374
0.0096981544 503.774
0.0096983544 505.773
0.0096985544 503.374
0.0096987544 504.174
0.0096989544 504.174
0.0096991544 504.574
0.0096993544 503.374
0.0096995544 506.173
0.0096997544 505.773
0.0096999544 501.375
0.0097001544 507.773
0.0097003544 504.574
0.0097005544 504.974
0.0097007544 506.973
0.0097009544 506.973
0.0097011544 505.773
0.0097013544 505.773
0.0097015544 502.175
0.0097017544 504.574
0.0097019544 505.773
0.0097021544 505.773
0.0097023544 502.175
0.0097025544 504.574
0.0097027544 503.374
0.0097029544 505.773
0.0097031544 503.774
0.0097033544 504.174
0.0097035544 504.574
0.0097037544 502.975
0.0097039544 502.975
0.0097041544 507.373
0.0097043544 506.973
0.0097045544 504.574
0.0097047544 506.973
0.0097049544 504.974
0.0097051544 506.573
0.0097053544 507.373
0.0097055544 503.774
0.0097057544 505.374
0.0097059544 504.974
0.0097061544 506.173
0.0097063544 504.574
0.0097065544 504.574
0.0097067544 505.374
0.0097069544 504.974
0.0097071544 503.774
0.0097073544 502.575
0.0097075544 504.974
0.0097077544 506.573
0.0097079544 504.574
0.0097081544 506.173
0.0097083544 505.374
0.0097085544 506.173
0.0097087544 503.774
0.0097089544 507.373
0.0097091544 504.974
0.0097093544 505.374
0.0097095544 503.774
0.0097097544 504.574
0.0097099544 504.574
0.0097101544 507.773
0.0097103544 504.974
0.0097105544 504.574
0.0097107544 504.574
0.0097109544 508.572
0.0097111544 505.374
0.0097113544 505.773
0.0097115544 506.573
0.0097117544 504.574
0.0097119544 504.574
0.0097121544 505.374
0.0097123544 506.573
0.0097125544 503.774
0.0097127544 507.373
0.0097129544 502.975
0.0097131544 505.773
0.0097133544 506.173
0.0097135544 502.975
0.0097137544 504.974
0.0097139544 508.572
0.0097141544 506.573
0.0097143544 504.574
0.0097145544 504.574
0.0097147544 505.374
0.0097149544 503.774
0.0097151544 504.574
0.0097153544 505.773
0.0097155544 507.373
0.0097157544 503.774
0.0097159544 506.973
0.0097161544 504.174
0.0097163544 506.573
0.0097165544 504.174
0.0097167544 505.773
0.0097169544 505.773
0.0097171544 507.373
0.0097173544 504.574
0.0097175544 502.975
0.0097177544 504.574
0.0097179544 505.374
0.0097181544 506.573
0.0097183544 507.773
0.0097185544 504.974
0.0097187544 505.374
0.0097189544 505.374
0.0097191544 506.173
0.0097193544 504.574
0.0097195544 505.773
0.0097197544 506.173
0.0097199544 506.573
0.0097201544 508.172
0.0097203544 506.173
0.0097205544 506.173
0.0097207544 507.773
0.0097209544 503.374
0.0097211544 506.173
0.0097213544 504.574
0.0097215544 505.773
0.0097217544 506.573
0.0097219544 505.773
0.0097221544 507.773
0.0097223544 507.373
0.0097225544 503.774
0.0097227544 503.374
0.0097229544 507.373
0.0097231544 506.573
0.0097233544 508.172
0.0097235544 505.374
0.0097237544 506.973
0.0097239544 506.173
0.0097241544 506.173
0.0097243544 502.975
0.0097245544 506.173
0.0097247544 505.374
0.0097249544 505.773
0.0097251544 507.773
0.0097253544 510.971
0.0097255544 507.773
0.0097257544 504.974
0.0097259544 505.773
0.0097261544 506.173
0.0097263544 507.773
0.0097265544 506.573
0.0097267544 505.773
0.0097269544 507.373
0.0097271544 507.373
0.0097273544 506.973
0.0097275544 506.973
0.0097277544 506.573
0.0097279544 505.773
0.0097281544 505.773
0.0097283544 507.773
0.0097285544 506.973
0.0097287544 506.973
0.0097289544 505.773
0.0097291544 507.773
0.0097293544 505.374
0.0097295544 506.573
0.0097297544 507.373
0.0097299544 507.773
0.0097301544 509.372
0.0097303544 506.573
0.0097305544 510.571
0.0097307544 506.573
0.0097309544 506.973
0.0097311544 509.772
0.0097313544 507.773
0.0097315544 508.172
0.0097317544 507.773
0.0097319544 504.174
0.0097321544 508.172
0.0097323544 506.173
0.0097325544 510.571
0.0097327544 508.572
0.0097329544 506.573
0.0097331544 511.371
0.0097333544 506.573
0.0097335544 506.973
0.0097337544 506.573
0.0097339544 505.374
0.0097341544 506.173
0.0097343544 505.773
0.0097345544 508.572
0.0097347544 508.972
0.0097349544 508.172
0.0097351544 508.972
0.0097353544 508.172
0.0097355544 508.572
0.0097357544 507.373
0.0097359544 508.972
0.0097361544 507.773
0.0097363544 507.773
0.0097365544 508.972
0.0097367544 509.372
0.0097369544 506.973
0.0097371544 506.973
0.0097373544 508.972
0.0097375544 507.773
0.0097377544 506.573
0.0097379544 508.572
0.0097381544 507.773
0.0097383544 508.572
0.0097385544 510.171
0.0097387544 507.773
0.0097389544 505.374
0.0097391544 507.373
0.0097393544 507.373
0.0097395544 510.971
0.0097397544 508.972
0.0097399544 506.573
0.0097401544 509.372
0.0097403544 505.374
0.0097405544 508.172
0.0097407544 508.572
0.0097409544 507.773
0.0097411544 507.773
0.0097413544 509.372
0.0097415544 508.972
0.0097417544 507.773
0.0097419544 507.373
0.0097421544 508.972
0.0097423544 505.773
0.0097425544 508.972
0.0097427544 510.171
0.0097429544 507.373
0.0097431544 508.972
0.0097433544 508.172
0.0097435544 506.973
0.0097437544 508.972
0.0097439544 509.372
0.0097441544 507.773
0.0097443544 508.972
0.0097445544 512.57
0.0097447544 508.572
0.0097449544 509.372
0.0097451544 511.371
0.0097453544 509.372
0.0097455544 508.172
0.0097457544 510.571
0.0097459544 508.572
0.0097461544 508.972
0.0097463544 508.172
0.0097465544 508.572
0.0097467544 506.173
0.0097469544 511.371
0.0097471544 508.172
0.0097473544 508.972
0.0097475544 509.372
0.0097477544 507.373
0.0097479544 510.571
0.0097481544 511.771
0.0097483544 508.172
0.0097485544 507.373
0.0097487544 509.772
0.0097489544 511.771
0.0097491544 507.373
0.0097493544 508.972
0.0097495544 510.571
0.0097497544 510.171
0.0097499544 507.773
0.0097501544 508.972
0.0097503544 512.97
0.0097505544 507.773
0.0097507544 510.971
0.0097509544 510.571
0.0097511544 509.772
0.0097513544 509.772
0.0097515544 509.772
0.0097517544 510.971
0.0097519544 510.171
0.0097521544 510.171
0.0097523544 510.171
0.0097525544 507.773
0.0097527544 510.571
0.0097529544 512.57
0.0097531544 510.171
0.0097533544 510.571
0.0097535544 509.372
0.0097537544 509.372
0.0097539544 508.172
0.0097541544 510.571
0.0097543544 506.973
0.0097545544 511.371
0.0097547544 507.373
0.0097549544 511.371
0.0097551544 511.371
0.0097553544 508.172
0.0097555544 509.372
0.0097557544 511.371
0.0097559544 511.371
0.0097561544 511.771
0.0097563544 514.17
0.0097565544 514.17
0.0097567544 512.97
0.0097569544 509.372
0.0097571544 510.171
0.0097573544 512.57
0.0097575544 512.57
0.0097577544 511.771
0.0097579544 512.171
0.0097581544 511.371
0.0097583544 513.37
0.0097585544 512.97
0.0097587544 512.97
0.0097589544 511.371
0.0097591544 511.771
0.0097593544 513.77
0.0097595544 512.57
0.0097597544 512.97
0.0097599544 512.97
0.0097601544 510.571
0.0097603544 510.971
0.0097605544 510.171
0.0097607544 512.97
0.0097609544 513.37
0.0097611544 511.371
0.0097613544 511.371
0.0097615544 511.371
0.0097617544 512.97
0.0097619544 513.37
0.0097621544 511.371
0.0097623544 511.371
0.0097625544 510.171
0.0097627544 511.371
0.0097629544 510.171
0.0097631544 511.371
0.0097633544 507.373
0.0097635544 510.971
0.0097637544 509.372
0.0097639544 514.17
0.0097641544 512.97
0.0097643544 512.171
0.0097645544 513.37
0.0097647544 511.371
0.0097649544 514.569
0.0097651544 511.771
0.0097653544 512.171
0.0097655544 510.971
0.0097657544 512.57
0.0097659544 512.97
0.0097661544 512.171
0.0097663544 509.772
0.0097665544 508.972
0.0097667544 512.171
0.0097669544 510.571
0.0097671544 509.372
0.0097673544 512.171
0.0097675544 514.17
0.0097677544 511.771
0.0097679544 510.571
0.0097681544 512.171
0.0097683544 511.371
0.0097685544 510.571
0.0097687544 510.571
0.0097689544 513.37
0.0097691544 510.571
0.0097693544 513.37
0.0097695544 509.372
0.0097697544 509.772
0.0097699544 512.97
0.0097701544 513.77
0.0097703544 511.371
0.0097705544 509.372
0.0097707544 511.371
0.0097709544 511.371
0.0097711544 506.173
0.0097713544 506.973
0.0097715544 511.371
0.0097717544 507.373
0.0097719544 511.771
0.0097721544 509.772
0.0097723544 512.97
0.0097725544 509.772
0.0097727544 509.372
0.0097729544 512.97
0.0097731544 510.571
0.0097733544 509.772
0.0097735544 509.772
0.0097737544 514.969
0.0097739544 507.373
0.0097741544 509.772
0.0097743544 510.971
0.0097745544 509.772
0.0097747544 511.371
0.0097749544 508.572
0.0097751544 509.372
0.0097753544 508.172
0.0097755544 510.571
0.0097757544 507.773
0.0097759544 512.57
0.0097761544 510.571
0.0097763544 506.173
0.0097765544 509.372
0.0097767544 509.372
0.0097769544 509.372
0.0097771544 509.372
0.0097773544 510.571
0.0097775544 509.772
0.0097777544 508.972
0.0097779544 511.771
0.0097781544 508.972
0.0097783544 511.371
0.0097785544 508.172
0.0097787544 508.972
0.0097789544 509.772
0.0097791544 507.373
0.0097793544 509.372
0.0097795544 510.171
0.0097797544 508.172
0.0097799544 508.172
0.0097801544 508.172
0.0097803544 508.572
0.0097805544 509.372
0.0097807544 511.771
0.0097809544 508.972
0.0097811544 508.572
0.0097813544 507.373
0.0097815544 512.97
0.0097817544 510.971
0.0097819544 508.572
0.0097821544 510.171
0.0097823544 508.972
0.0097825544 510.171
0.0097827544 506.973
0.0097829544 512.171
0.0097831544 508.172
0.0097833544 508.572
0.0097835544 512.171
0.0097837544 510.571
0.0097839544 508.972
0.0097841544 508.572
0.0097843544 508.172
0.0097845544 509.372
0.0097847544 508.572
0.0097849544 506.573
0.0097851544 511.371
0.0097853544 510.571
0.0097855544 508.172
0.0097857544 505.374
0.0097859544 506.573
0.0097861544 509.772
0.0097863544 509.772
0.0097865544 509.772
0.0097867544 511.371
0.0097869544 507.773
0.0097871544 509.772
0.0097873544 508.972
0.0097875544 512.57
0.0097877544 510.171
0.0097879544 508.172
0.0097881544 508.972
0.0097883544 512.57
0.0097885544 508.972
0.0097887544 508.172
0.0097889544 511.771
0.0097891544 509.772
0.0097893544 512.171
0.0097895544 510.571
0.0097897544 509.772
0.0097899544 508.572
0.0097901544 511.371
0.0097903544 507.773
0.0097905544 510.571
0.0097907544 510.571
0.0097909544 511.771
0.0097911544 511.371
0.0097913544 509.772
0.0097915544 511.771
0.0097917544 508.572
0.0097919544 510.171
0.0097921544 509.372
0.0097923544 511.371
0.0097925544 509.772
0.0097927544 510.171
0.0097929544 511.371
0.0097931544 510.971
0.0097933544 507.773
0.0097935544 509.772
0.0097937544 511.371
0.0097939544 511.371
0.0097941544 510.571
0.0097943544 510.571
0.0097945544 510.571
0.0097947544 509.372
0.0097949544 510.171
0.0097951544 511.771
0.0097953544 511.371
0.0097955544 511.371
0.0097957544 510.971
0.0097959544 509.372
0.0097961544 512.97
0.0097963544 511.771
0.0097965544 512.97
0.0097967544 509.372
0.0097969544 511.371
0.0097971544 510.571
0.0097973544 510.171
0.0097975544 512.171
0.0097977544 511.771
0.0097979544 514.569
0.0097981544 512.171
0.0097983544 509.372
0.0097985544 512.57
0.0097987544 514.17
0.0097989544 511.371
0.0097991544 511.371
0.0097993544 512.171
0.0097995544 509.372
0.0097997544 510.971
0.0097999544 511.771
0.0098001544 510.571
0.0098003544 509.772
0.0098005544 510.971
0.0098007544 510.571
0.0098009544 513.37
0.0098011544 512.57
0.0098013544 512.171
0.0098015544 510.171
0.0098017544 512.97
0.0098019544 511.771
0.0098021544 510.571
0.0098023544 513.37
0.0098025544 512.97
0.0098027544 513.37
0.0098029544 510.171
0.0098031544 511.371
0.0098033544 512.97
0.0098035544 511.771
0.0098037544 512.57
0.0098039544 512.171
0.0098041544 512.57
0.0098043544 510.571
0.0098045544 511.771
0.0098047544 512.97
0.0098049544 510.971
0.0098051544 512.57
0.0098053544 512.171
0.0098055544 512.57
0.0098057544 513.37
0.0098059544 514.569
0.0098061544 514.569
0.0098063544 511.371
0.0098065544 513.37
0.0098067544 510.971
0.0098069544 512.97
0.0098071544 512.97
0.0098073544 513.77
0.0098075544 515.769
0.0098077544 510.571
0.0098079544 510.571
0.0098081544 516.169
0.0098083544 511.771
0.0098085544 512.171
0.0098087544 512.97
0.0098089544 511.371
0.0098091544 512.97
0.0098093544 512.57
0.0098095544 512.57
0.0098097544 512.57
0.0098099544 513.77
0.0098101544 512.97
0.0098103544 513.77
0.0098105544 513.37
0.0098107544 511.371
0.0098109544 508.972
0.0098111544 512.171
0.0098113544 513.77
0.0098115544 511.371
0.0098117544 510.571
0.0098119544 512.171
0.0098121544 512.97
0.0098123544 512.97
0.0098125544 511.371
0.0098127544 513.77
0.0098129544 514.569
0.0098131544 514.17
0.0098133544 514.569
0.0098135544 512.57
0.0098137544 514.17
0.0098139544 512.171
0.0098141544 510.971
0.0098143544 514.969
0.0098145544 511.771
0.0098147544 516.569
0.0098149544 514.569
0.0098151544 514.17
0.0098153544 512.97
0.0098155544 513.77
0.0098157544 513.77
0.0098159544 512.57
0.0098161544 515.769
0.0098163544 514.17
0.0098165544 514.569
0.0098167544 513.77
0.0098169544 512.57
0.0098171544 512.97
0.0098173544 513.37
0.0098175544 513.37
0.0098177544 513.37
0.0098179544 512.57
0.0098181544 512.171
0.0098183544 512.57
0.0098185544 514.569
0.0098187544 514.17
0.0098189544 514.569
0.0098191544 513.77
0.0098193544 511.771
0.0098195544 512.57
0.0098197544 516.169
0.0098199544 513.37
0.0098201544 512.97
0.0098203544 514.969
0.0098205544 514.569
0.0098207544 515.369
0.0098209544 512.57
0.0098211544 512.57
0.0098213544 513.77
0.0098215544 514.17
0.0098217544 514.969
0.0098219544 513.37
0.0098221544 514.569
0.0098223544 514.969
0.0098225544 512.97
0.0098227544 514.969
0.0098229544 512.97
0.0098231544 512.97
0.0098233544 514.569
0.0098235544 514.969
0.0098237544 514.569
0.0098239544 516.169
0.0098241544 514.17
0.0098243544 512.97
0.0098245544 514.17
0.0098247544 514.17
0.0098249544 513.77
0.0098251544 512.57
0.0098253544 513.37
0.0098255544 513.77
0.0098257544 513.77
0.0098259544 515.769
0.0098261544 512.97
0.0098263544 512.171
0.0098265544 514.969
0.0098267544 513.37
0.0098269544 513.37
0.0098271544 515.369
0.0098273544 514.969
0.0098275544 514.969
0.0098277544 514.569
0.0098279544 514.569
0.0098281544 514.17
0.0098283544 515.369
0.0098285544 515.769
0.0098287544 515.769
0.0098289544 513.37
0.0098291544 515.369
0.0098293544 514.569
0.0098295544 516.169
0.0098297544 512.57
0.0098299544 514.969
0.0098301544 512.97
0.0098303544 513.77
0.0098305544 512.97
0.0098307544 515.769
0.0098309544 513.37
0.0098311544 515.769
0.0098313544 514.969
0.0098315544 515.369
0.0098317544 512.97
0.0098319544 513.37
0.0098321544 514.969
0.0098323544 514.969
0.0098325544 510.171
0.0098327544 514.17
0.0098329544 514.969
0.0098331544 511.771
0.0098333544 515.369
0.0098335544 514.969
0.0098337544 514.969
0.0098339544 515.769
0.0098341544 515.769
0.0098343544 514.969
0.0098345544 514.17
0.0098347544 513.37
0.0098349544 514.569
0.0098351544 515.369
0.0098353544 513.77
0.0098355544 512.97
0.0098357544 514.17
0.0098359544 516.169
0.0098361544 515.369
0.0098363544 517.768
0.0098365544 513.37
0.0098367544 512.97
0.0098369544 516.169
0.0098371544 513.37
0.0098373544 515.769
0.0098375544 516.169
0.0098377544 512.57
0.0098379544 516.569
0.0098381544 515.369
0.0098383544 512.171
0.0098385544 512.57
0.0098387544 515.769
0.0098389544 514.969
0.0098391544 517.368
0.0098393544 514.969
0.0098395544 514.969
0.0098397544 517.768
0.0098399544 514.17
0.0098401544 517.368
0.0098403544 512.97
0.0098405544 516.569
0.0098407544 513.77
0.0098409544 514.569
0.0098411544 512.57
0.0098413544 516.968
0.0098415544 513.77
0.0098417544 514.569
0.0098419544 516.169
0.0098421544 514.969
0.0098423544 516.569
0.0098425544 514.569
0.0098427544 514.969
0.0098429544 513.37
0.0098431544 511.771
0.0098433544 513.37
0.0098435544 517.768
0.0098437544 517.768
0.0098439544 516.569
0.0098441544 514.569
0.0098443544 515.769
0.0098445544 517.368
0.0098447544 513.77
0.0098449544 514.17
0.0098451544 516.569
0.0098453544 512.57
0.0098455544 513.77
0.0098457544 512.97
0.0098459544 518.168
0.0098461544 512.57
0.0098463544 514.17
0.0098465544 515.769
0.0098467544 512.97
0.0098469544 516.569
0.0098471544 514.969
0.0098473544 516.169
0.0098475544 513.37
0.0098477544 512.57
0.0098479544 513.37
0.0098481544 514.969
0.0098483544 514.569
0.0098485544 516.169
0.0098487544 516.569
0.0098489544 513.77
0.0098491544 517.368
0.0098493544 512.171
0.0098495544 513.37
0.0098497544 510.571
0.0098499544 514.569
0.0098501544 516.169
0.0098503544 516.169
0.0098505544 513.77
0.0098507544 516.169
0.0098509544 513.77
0.0098511544 513.77
0.0098513544 513.77
0.0098515544 516.569
0.0098517544 514.969
0.0098519544 515.369
0.0098521544 515.369
0.0098523544 514.969
0.0098525544 518.168
0.0098527544 514.17
0.0098529544 516.569
0.0098531544 515.769
0.0098533544 514.969
0.0098535544 514.969
0.0098537544 514.17
0.0098539544 515.369
0.0098541544 515.769
0.0098543544 514.969
0.0098545544 515.769
0.0098547544 517.768
0.0098549544 514.969
0.0098551544 514.17
0.0098553544 514.969
0.0098555544 516.569
0.0098557544 517.768
0.0098559544 512.97
0.0098561544 516.968
0.0098563544 513.77
0.0098565544 515.769
0.0098567544 514.569
0.0098569544 516.169
0.0098571544 514.17
0.0098573544 513.77
0.0098575544 517.368
0.0098577544 518.168
0.0098579544 514.969
0.0098581544 513.77
0.0098583544 515.769
0.0098585544 516.169
0.0098587544 516.968
0.0098589544 520.967
0.0098591544 515.369
0.0098593544 516.569
0.0098595544 517.368
0.0098597544 516.169
0.0098599544 515.369
0.0098601544 513.77
0.0098603544 515.769
0.0098605544 515.769
0.0098607544 514.17
0.0098609544 515.769
0.0098611544 516.169
0.0098613544 516.968
0.0098615544 518.168
0.0098617544 516.169
0.0098619544 517.768
0.0098621544 515.369
0.0098623544 514.969
0.0098625544 516.968
0.0098627544 516.169
0.0098629544 515.369
0.0098631544 516.569
0.0098633544 516.169
0.0098635544 517.368
0.0098637544 516.968
0.0098639544 516.968
0.0098641544 514.17
0.0098643544 515.769
0.0098645544 516.968
0.0098647544 516.569
0.0098649544 515.769
0.0098651544 514.969
0.0098653544 516.968
0.0098655544 517.768
0.0098657544 518.168
0.0098659544 518.568
0.0098661544 516.169
0.0098663544 516.169
0.0098665544 515.769
0.0098667544 517.768
0.0098669544 517.768
0.0098671544 517.368
0.0098673544 517.768
0.0098675544 516.169
0.0098677544 516.169
0.0098679544 517.368
0.0098681544 517.368
0.0098683544 517.368
0.0098685544 515.369
0.0098687544 517.768
0.0098689544 514.969
0.0098691544 514.969
0.0098693544 515.769
0.0098695544 515.769
0.0098697544 517.768
0.0098699544 518.168
0.0098701544 516.169
0.0098703544 514.969
0.0098705544 516.569
0.0098707544 516.569
0.0098709544 518.968
0.0098711544 518.568
0.0098713544 514.17
0.0098715544 516.169
0.0098717544 514.17
0.0098719544 517.368
0.0098721544 516.569
0.0098723544 515.369
0.0098725544 516.169
0.0098727544 516.569
0.0098729544 514.969
0.0098731544 517.368
0.0098733544 518.168
0.0098735544 517.768
0.0098737544 518.968
0.0098739544 517.768
0.0098741544 515.369
0.0098743544 515.769
0.0098745544 515.769
0.0098747544 516.968
0.0098749544 516.569
0.0098751544 517.368
0.0098753544 514.569
0.0098755544 518.968
0.0098757544 514.569
0.0098759544 516.569
0.0098761544 517.768
0.0098763544 517.368
0.0098765544 514.17
0.0098767544 518.168
0.0098769544 515.769
0.0098771544 516.169
0.0098773544 518.568
0.0098775544 513.77
0.0098777544 516.169
0.0098779544 516.968
0.0098781544 517.768
0.0098783544 516.968
0.0098785544 515.369
0.0098787544 516.169
0.0098789544 515.369
0.0098791544 518.968
0.0098793544 516.569
0.0098795544 519.367
0.0098797544 518.168
0.0098799544 515.769
0.0098801544 515.369
0.0098803544 516.169
0.0098805544 517.368
0.0098807544 514.969
0.0098809544 516.169
0.0098811544 516.968
0.0098813544 516.968
0.0098815544 516.569
0.0098817544 515.769
0.0098819544 518.968
0.0098821544 515.769
0.0098823544 516.968
0.0098825544 518.968
0.0098827544 516.169
0.0098829544 516.569
0.0098831544 514.569
0.0098833544 516.968
0.0098835544 516.569
0.0098837544 516.169
0.0098839544 517.768
0.0098841544 517.368
0.0098843544 516.169
0.0098845544 517.368
0.0098847544 518.168
0.0098849544 515.369
0.0098851544 517.368
0.0098853544 516.569
0.0098855544 518.568
0.0098857544 516.569
0.0098859544 515.369
0.0098861544 516.169
0.0098863544 514.569
0.0098865544 516.968
0.0098867544 519.767
0.0098869544 514.969
0.0098871544 516.968
0.0098873544 514.969
0.0098875544 515.369
0.0098877544 516.569
0.0098879544 519.367
0.0098881544 513.77
0.0098883544 518.168
0.0098885544 518.568
0.0098887544 515.769
0.0098889544 516.169
0.0098891544 516.968
0.0098893544 516.169
0.0098895544 516.569
0.0098897544 516.169
0.0098899544 517.368
0.0098901544 514.969
0.0098903544 519.367
0.0098905544 516.169
0.0098907544 516.569
0.0098909544 516.169
0.0098911544 517.768
0.0098913544 514.969
0.0098915544 514.569
0.0098917544 518.168
0.0098919544 516.968
0.0098921544 517.768
0.0098923544 514.569
0.0098925544 515.369
0.0098927544 516.169
0.0098929544 516.569
0.0098931544 518.568
0.0098933544 514.569
0.0098935544 517.368
0.0098937544 515.369
0.0098939544 516.569
0.0098941544 520.567
0.0098943544 516.169
0.0098945544 514.569
0.0098947544 517.368
0.0098949544 516.569
0.0098951544 517.368
0.0098953544 516.169
0.0098955544 516.569
0.0098957544 518.568
0.0098959544 515.769
0.0098961544 513.77
0.0098963544 517.768
0.0098965544 516.569
0.0098967544 516.169
0.0098969544 515.369
0.0098971544 515.369
0.0098973544 518.168
0.0098975544 517.768
0.0098977544 517.368
0.0098979544 517.768
0.0098981544 517.768
0.0098983544 518.568
0.0098985544 514.969
0.0098987544 517.768
0.0098989544 516.968
0.0098991544 516.968
0.0098993544 516.968
0.0098995544 517.768
0.0098997544 518.168
0.0098999544 517.368
0.0099001544 514.969
0.0099003544 518.568
0.0099005544 514.969
0.0099007544 515.369
0.0099009544 518.568
0.0099011544 516.169
0.0099013544 516.569
0.0099015544 516.169
0.0099017544 516.968
0.0099019544 516.169
0.0099021544 518.168
0.0099023544 515.369
0.0099025544 517.368
0.0099027544 516.169
0.0099029544 517.768
0.0099031544 516.169
0.0099033544 516.169
0.0099035544 516.569
0.0099037544 518.168
0.0099039544 516.968
0.0099041544 516.169
0.0099043544 517.368
0.0099045544 515.369
0.0099047544 516.569
0.0099049544 518.968
0.0099051544 517.368
0.0099053544 518.568
0.0099055544 516.569
0.0099057544 516.569
0.0099059544 515.369
0.0099061544 516.569
0.0099063544 517.768
0.0099065544 517.768
0.0099067544 516.169
0.0099069544 517.768
0.0099071544 515.769
0.0099073544 517.368
0.0099075544 518.168
0.0099077544 514.17
0.0099079544 515.769
0.0099081544 517.368
0.0099083544 518.968
0.0099085544 518.168
0.0099087544 519.367
0.0099089544 518.968
0.0099091544 516.968
0.0099093544 516.968
0.0099095544 518.168
0.0099097544 516.169
0.0099099544 518.168
0.0099101544 519.367
0.0099103544 518.168
0.0099105544 514.17
0.0099107544 516.569
0.0099109544 517.368
0.0099111544 517.368
0.0099113544 516.968
0.0099115544 517.368
0.0099117544 518.568
0.0099119544 518.568
0.0099121544 516.968
0.0099123544 519.367
0.0099125544 517.768
0.0099127544 516.968
0.0099129544 515.769
0.0099131544 517.768
0.0099133544 517.368
0.0099135544 516.569
0.0099137544 517.368
0.0099139544 515.769
0.0099141544 516.169
0.0099143544 518.968
0.0099145544 520.967
0.0099147544 518.968
0.0099149544 517.368
0.0099151544 517.768
0.0099153544 515.769
0.0099155544 517.768
0.0099157544 516.169
0.0099159544 519.767
0.0099161544 520.967
0.0099163544 515.769
0.0099165544 515.769
0.0099167544 517.368
0.0099169544 518.168
0.0099171544 517.368
0.0099173544 516.169
0.0099175544 516.968
0.0099177544 518.568
0.0099179544 517.768
0.0099181544 517.368
0.0099183544 516.569
0.0099185544 519.367
0.0099187544 516.968
0.0099189544 517.368
0.0099191544 516.968
0.0099193544 517.768
0.0099195544 517.768
0.0099197544 516.968
0.0099199544 516.569
0.0099201544 518.168
0.0099203544 514.969
0.0099205544 514.969
0.0099207544 518.568
0.0099209544 517.368
0.0099211544 517.368
0.0099213544 516.968
0.0099215544 515.769
0.0099217544 516.968
0.0099219544 518.968
0.0099221544 516.968
0.0099223544 515.769
0.0099225544 516.569
0.0099227544 517.368
0.0099229544 518.168
0.0099231544 518.168
0.0099233544 518.568
0.0099235544 516.968
0.0099237544 518.968
0.0099239544 517.768
0.0099241544 517.368
0.0099243544 516.169
0.0099245544 517.368
0.0099247544 517.368
0.0099249544 516.569
0.0099251544 515.369
0.0099253544 518.568
0.0099255544 514.969
0.0099257544 515.769
0.0099259544 517.368
0.0099261544 519.367
0.0099263544 516.569
0.0099265544 517.368
0.0099267544 515.769
0.0099269544 517.368
0.0099271544 519.367
0.0099273544 517.368
0.0099275544 515.369
0.0099277544 517.768
0.0099279544 516.169
0.0099281544 517.768
0.0099283544 518.568
0.0099285544 519.367
0.0099287544 519.367
0.0099289544 515.769
0.0099291544 517.768
0.0099293544 516.569
0.0099295544 518.568
0.0099297544 517.368
0.0099299544 516.569
0.0099301544 517.368
0.0099303544 516.968
0.0099305544 517.768
0.0099307544 520.567
0.0099309544 518.968
0.0099311544 518.968
0.0099313544 517.368
0.0099315544 516.968
0.0099317544 519.367
0.0099319544 519.367
0.0099321544 519.367
0.0099323544 517.768
0.0099325544 518.168
0.0099327544 515.369
0.0099329544 519.767
0.0099331544 517.368
0.0099333544 518.968
0.0099335544 518.968
0.0099337544 518.168
0.0099339544 518.568
0.0099341544 518.168
0.0099343544 521.766
0.0099345544 518.568
0.0099347544 516.569
0.0099349544 517.768
0.0099351544 517.368
0.0099353544 519.367
0.0099355544 520.167
0.0099357544 516.169
0.0099359544 518.568
0.0099361544 517.768
0.0099363544 518.568
0.0099365544 519.367
0.0099367544 519.367
0.0099369544 520.567
0.0099371544 518.968
0.0099373544 518.168
0.0099375544 518.968
0.0099377544 519.767
0.0099379544 519.767
0.0099381544 519.767
0.0099383544 522.166
0.0099385544 520.567
0.0099387544 520.567
0.0099389544 520.167
0.0099391544 516.569
0.0099393544 518.968
0.0099395544 518.968
0.0099397544 518.568
0.0099399544 518.168
0.0099401544 517.368
0.0099403544 520.167
0.0099405544 518.968
0.0099407544 518.568
0.0099409544 519.367
0.0099411544 521.366
0.0099413544 518.968
0.0099415544 518.968
0.0099417544 516.968
0.0099419544 518.568
0.0099421544 516.968
0.0099423544 520.967
0.0099425544 518.968
0.0099427544 516.569
0.0099429544 520.967
0.0099431544 520.967
0.0099433544 520.967
0.0099435544 518.568
0.0099437544 518.168
0.0099439544 518.168
0.0099441544 519.767
0.0099443544 517.768
0.0099445544 520.567
0.0099447544 519.367
0.0099449544 520.967
0.0099451544 520.167
0.0099453544 520.567
0.0099455544 520.567
0.0099457544 517.768
0.0099459544 521.366
0.0099461544 518.968
0.0099463544 519.367
0.0099465544 519.367
0.0099467544 517.768
0.0099469544 518.968
0.0099471544 518.168
0.0099473544 519.767
0.0099475544 519.367
0.0099477544 521.366
0.0099479544 519.367
0.0099481544 521.366
0.0099483544 517.768
0.0099485544 519.767
0.0099487544 517.368
0.0099489544 522.166
0.0099491544 519.367
0.0099493544 519.367
0.0099495544 520.967
0.0099497544 518.968
0.0099499544 521.366
0.0099501544 519.767
0.0099503544 520.167
0.0099505544 520.567
0.0099507544 523.366
0.0099509544 518.168
0.0099511544 520.967
0.0099513544 519.767
0.0099515544 518.968
0.0099517544 519.767
0.0099519544 520.967
0.0099521544 520.967
0.0099523544 520.567
0.0099525544 519.367
0.0099527544 521.766
0.0099529544 518.568
0.0099531544 521.366
0.0099533544 519.367
0.0099535544 519.367
0.0099537544 520.567
0.0099539544 518.968
0.0099541544 516.968
0.0099543544 522.166
0.0099545544 518.968
0.0099547544 518.968
0.0099549544 521.766
0.0099551544 520.567
0.0099553544 521.766
0.0099555544 519.367
0.0099557544 519.367
0.0099559544 519.767
0.0099561544 519.367
0.0099563544 522.166
0.0099565544 521.766
0.0099567544 518.968
0.0099569544 520.167
0.0099571544 517.768
0.0099573544 522.166
0.0099575544 518.968
0.0099577544 523.765
0.0099579544 520.967
0.0099581544 520.167
0.0099583544 520.567
0.0099585544 520.567
0.0099587544 519.767
0.0099589544 521.766
0.0099591544 519.767
0.0099593544 516.968
0.0099595544 521.366
0.0099597544 522.166
0.0099599544 522.166
0.0099601544 520.967
0.0099603544 518.968
0.0099605544 521.366
0.0099607544 519.767
0.0099609544 519.767
0.0099611544 520.167
0.0099613544 520.967
0.0099615544 520.167
0.0099617544 520.967
0.0099619544 521.766
0.0099621544 518.968
0.0099623544 520.567
0.0099625544 521.766
0.0099627544 520.567
0.0099629544 520.567
0.0099631544 518.568
0.0099633544 520.567
0.0099635544 517.768
0.0099637544 520.567
0.0099639544 519.767
0.0099641544 522.566
0.0099643544 522.166
0.0099645544 520.567
0.0099647544 520.567
0.0099649544 518.168
0.0099651544 519.767
0.0099653544 520.167
0.0099655544 518.968
0.0099657544 520.967
0.0099659544 522.966
0.0099661544 520.567
0.0099663544 518.568
0.0099665544 519.367
0.0099667544 520.967
0.0099669544 520.567
0.0099671544 521.366
0.0099673544 520.567
0.0099675544 520.967
0.0099677544 518.968
0.0099679544 520.967
0.0099681544 519.367
0.0099683544 522.166
0.0099685544 519.367
0.0099687544 520.567
0.0099689544 519.367
0.0099691544 519.767
0.0099693544 519.367
0.0099695544 519.367
0.0099697544 518.968
0.0099699544 518.968
0.0099701544 519.367
0.0099703544 518.968
0.0099705544 518.968
0.0099707544 521.766
0.0099709544 522.966
0.0099711544 523.765
0.0099713544 522.566
0.0099715544 518.968
0.0099717544 520.567
0.0099719544 519.767
0.0099721544 517.768
0.0099723544 522.566
0.0099725544 521.366
0.0099727544 521.766
0.0099729544 522.566
0.0099731544 521.366
0.0099733544 520.567
0.0099735544 523.765
0.0099737544 521.366
0.0099739544 520.167
0.0099741544 522.166
0.0099743544 522.566
0.0099745544 519.767
0.0099747544 520.567
0.0099749544 521.366
0.0099751544 520.967
0.0099753544 522.166
0.0099755544 521.366
0.0099757544 519.367
0.0099759544 521.766
0.0099761544 519.367
0.0099763544 521.366
0.0099765544 521.366
0.0099767544 519.367
0.0099769544 517.768
0.0099771544 520.567
0.0099773544 518.168
0.0099775544 519.767
0.0099777544 522.166
0.0099779544 522.566
0.0099781544 520.967
0.0099783544 520.567
0.0099785544 520.967
0.0099787544 521.766
0.0099789544 521.766
0.0099791544 520.967
0.0099793544 518.968
0.0099795544 520.167
0.0099797544 523.366
0.0099799544 521.366
0.0099801544 523.765
0.0099803544 520.167
0.0099805544 520.167
0.0099807544 519.367
0.0099809544 518.968
0.0099811544 519.367
0.0099813544 518.968
0.0099815544 520.967
0.0099817544 522.566
0.0099819544 522.166
0.0099821544 520.567
0.0099823544 519.767
0.0099825544 522.166
0.0099827544 522.966
0.0099829544 522.566
0.0099831544 519.767
0.0099833544 521.366
0.0099835544 518.968
0.0099837544 520.967
0.0099839544 520.567
0.0099841544 522.966
0.0099843544 518.568
0.0099845544 519.767
0.0099847544 519.767
0.0099849544 522.166
0.0099851544 523.765
0.0099853544 519.367
0.0099855544 518.968
0.0099857544 520.167
0.0099859544 519.367
0.0099861544 520.567
0.0099863544 520.567
0.0099865544 522.166
0.0099867544 520.967
0.0099869544 520.167
0.0099871544 520.167
0.0099873544 517.768
0.0099875544 522.166
0.0099877544 519.367
0.0099879544 523.765
0.0099881544 520.967
0.0099883544 521.366
0.0099885544 521.766
0.0099887544 521.366
0.0099889544 520.967
0.0099891544 519.767
0.0099893544 521.366
0.0099895544 518.568
0.0099897544 519.767
0.0099899544 520.967
0.0099901544 519.767
0.0099903544 518.968
0.0099905544 520.567
0.0099907544 520.967
0.0099909544 521.366
0.0099911544 521.366
0.0099913544 522.566
0.0099915544 520.567
0.0099917544 520.967
0.0099919544 521.766
0.0099921544 521.766
0.0099923544 520.167
0.0099925544 522.166
0.0099927544 521.366
0.0099929544 521.766
0.0099931544 518.968
0.0099933544 521.766
0.0099935544 521.366
0.0099937544 521.366
0.0099939544 523.366
0.0099941544 521.766
0.0099943544 523.765
0.0099945544 520.567
0.0099947544 520.967
0.0099949544 521.766
0.0099951544 521.366
0.0099953544 520.967
0.0099955544 521.766
0.0099957544 520.567
0.0099959544 519.367
0.0099961544 521.366
0.0099963544 520.567
0.0099965544 524.965
0.0099967544 519.367
0.0099969544 521.366
0.0099971544 519.767
0.0099973544 521.766
0.0099975544 522.566
0.0099977544 521.766
0.0099979544 520.967
0.0099981544 523.366
0.0099983544 519.767
0.0099985544 520.967
0.0099987544 524.565
0.0099989544 519.367
0.0099991544 523.765
0.0099993544 523.366
0.0099995544 521.366
0.0099997544 521.366
0.0099999544 522.566
0.010000154 519.367
